100
1765
393
[0,56,75,129,108,121,130,83,4,87,37,9,82,118,66,52,5,41,8,61,74,42,12,78,1]
[0,47,126,160,2,159,34,27,95,166,120,10,154,128,147,63,13,175,104,1]
[0,151,11,54,38,81,39,69,49,105,97,68,25,65,7,93,103,33,73,77,80,1]
[0,163,193,198,3,88,119,24,6,131,99,86,135,122,62,44,148,89,1]
[0,189,40,57,91,45,28,72,155,98,17,194,140,115,190,1]
[0,165,109,20,179,51,186,173,157,180,116,35,178,156,31,1]
[0,113,64,174,76,195,30,199,14,85,48,59,141,1]
[0,187,102,29,70,26,16,101,32,46,84,123,162,58,1]
[0,43,150,114,133,182,201,164,132,185,92,1]
[0,110,90,15,167,71,181,117,1]
[0,22,161,136,177,188,55,144,138,1]
[0,79,127,94,172,168,100,153,1]
[0,196,111,200,192,169,158,1]
[0,19,36,125,143,112,1]
[0,184,146,170,23,1]
[0,191,142,67,21,1]
[0,50,106,18,152,176,1]
[0,53,96,139,1]
[0,124,197,134,1]
[0,60,145,1]
[0,149,183,1]
[0,107,1]
[0,137,1]
[0,171,1]
[0,1]
[0,1]
[0,1]
[0,1]
[0,1]
[0,1]
[0,1]
[0,1]
[0,1]
[0,1]
[0,1]
[0,1]
[0,1]
[0,1]
[0,1]
[0,1]
[0,1]
[0,1]
[0,1]
[0,1]
[0,1]
[0,1]
[0,1]
[0,1]
[0,1]
[0,1]
[0,1]
[0,1]
[0,1]
[0,1]
[0,1]
[0,1]
[0,1]
[0,1]
[0,1]
[0,1]
[0,1]
[0,1]
[0,1]
[0,1]
[0,1]
[0,1]
[0,1]
[0,1]
[0,1]
[0,1]
[0,1]
[0,1]
[0,1]
[0,1]
[0,1]
[0,1]
[0,1]
[0,1]
[0,1]
[0,1]
[0,1]
[0,1]
[0,1]
[0,1]
[0,1]
[0,1]
[0,1]
[0,1]
[0,1]
[0,1]
[0,1]
[0,1]
[0,1]
[0,1]
[0,1]
[0,1]
[0,1]
[0,1]
[0,1]
[0,1]
