50
843
203
[0,6,9,72,7,65,99,55,2,53,5,78,105,27,33,95,8,131,11,42,35,1]
[0,34,3,88,59,86,84,75,56,21,49,133,45,58,25,111,20,10,98,1]
[0,90,71,93,70,43,130,77,54,136,12,120,108,47,82,123,94,22,57,1]
[0,15,110,96,128,68,66,28,62,150,73,87,60,1]
[0,125,41,109,32,23,74,52,61,18,114,122,14,100,1]
[0,26,17,124,145,104,83,76,69,115,1]
[0,79,48,36,138,30,16,140,63,39,132,44,1]
[0,106,121,97,116,127,135,147,91,64,4,1]
[0,134,31,40,107,146,118,80,142,19,67,141,1]
[0,13,92,137,102,129,112,148,1]
[0,119,143,38,46,24,1]
[0,51,126,151,29,1]
[0,37,81,117,113,1]
[0,101,85,1]
[0,89,139,144,1]
[0,50,1]
[0,103,1]
[0,149,1]
[0,1]
[0,1]
[0,1]
[0,1]
[0,1]
[0,1]
[0,1]
[0,1]
[0,1]
[0,1]
[0,1]
[0,1]
[0,1]
[0,1]
[0,1]
[0,1]
[0,1]
[0,1]
[0,1]
[0,1]
[0,1]
[0,1]
[0,1]
[0,1]
[0,1]
[0,1]
[0,1]
[0,1]
[0,1]
[0,1]
[0,1]
[0,1]
