100
1895
209
[0,42,28,46,83,15,8,9,38,39,19,13,90,36,18,5,91,25,33,61,1]
[0,21,20,56,51,32,48,47,55,69,11,71,99,49,67,66,1]
[0,41,80,75,43,74,22,40,53,17,58,45,10,4,62,1]
[0,14,37,101,95,78,6,87,93,35,52,31,94,16,73,1]
[0,54,2,98,7,59,68,1]
[0,97,50,81,3,85,76,100,77,1]
[0,27,44,89,23,79,82,1]
[0,60,26,63,70,86,1]
[0,57,12,64,1]
[0,72,24,96,1]
[0,34,88,1]
[0,30,1]
[0,29,1]
[0,65,1]
[0,84,1]
[0,92,1]
[0,1]
[0,1]
[0,1]
[0,1]
[0,1]
[0,1]
[0,1]
[0,1]
[0,1]
[0,1]
[0,1]
[0,1]
[0,1]
[0,1]
[0,1]
[0,1]
[0,1]
[0,1]
[0,1]
[0,1]
[0,1]
[0,1]
[0,1]
[0,1]
[0,1]
[0,1]
[0,1]
[0,1]
[0,1]
[0,1]
[0,1]
[0,1]
[0,1]
[0,1]
[0,1]
[0,1]
[0,1]
[0,1]
[0,1]
[0,1]
[0,1]
[0,1]
[0,1]
[0,1]
[0,1]
[0,1]
[0,1]
[0,1]
[0,1]
[0,1]
[0,1]
[0,1]
[0,1]
[0,1]
[0,1]
[0,1]
[0,1]
[0,1]
[0,1]
[0,1]
[0,1]
[0,1]
[0,1]
[0,1]
[0,1]
[0,1]
[0,1]
[0,1]
[0,1]
[0,1]
[0,1]
[0,1]
[0,1]
[0,1]
[0,1]
[0,1]
[0,1]
[0,1]
[0,1]
[0,1]
[0,1]
[0,1]
[0,1]
[0,1]
