50
858
121
[0,93,108,120,37,23,113,42,62,51,47,15,77,117,43,2,25,17,1]
[0,35,5,69,32,4,18,27,7,105,26,19,10,1]
[0,82,3,39,40,58,66,16,38,33,14,84,109,34,1]
[0,76,24,67,88,30,12,6,118,97,8,20,1]
[0,115,81,36,71,100,103,80,92,48,13,45,1]
[0,94,87,46,102,78,98,95,60,1]
[0,31,73,61,85,112,64,75,1]
[0,9,52,74,83,44,104,57,50,1]
[0,119,55,90,65,121,111,1]
[0,22,21,91,68,79,86,54,1]
[0,63,107,101,53,1]
[0,72,49,41,116,1]
[0,89,11,29,96,1]
[0,28,106,1]
[0,59,1]
[0,114,1]
[0,70,1]
[0,56,1]
[0,99,1]
[0,110,1]
[0,1]
[0,1]
[0,1]
[0,1]
[0,1]
[0,1]
[0,1]
[0,1]
[0,1]
[0,1]
[0,1]
[0,1]
[0,1]
[0,1]
[0,1]
[0,1]
[0,1]
[0,1]
[0,1]
[0,1]
[0,1]
[0,1]
[0,1]
[0,1]
[0,1]
[0,1]
[0,1]
[0,1]
[0,1]
[0,1]
