100
1861
187
[0,46,68,72,116,115,5,18,75,24,37,9,36,27,40,33,13,48,1]
[0,6,67,104,119,100,51,10,17,39,111,57,7,8,38,113,105,73,16,1]
[0,55,66,26,120,3,29,79,19,112,43,1]
[0,15,92,11,81,95,44,103,23,54,110,42,64,1]
[0,31,12,106,45,30,70,109,34,80,82,1]
[0,32,65,28,14,85,50,74,71,90,1]
[0,78,97,63,83,35,84,88,1]
[0,20,93,62,69,89,117,94,91,58,107,1]
[0,49,102,56,121,61,1]
[0,2,98,114,76,96,53,1]
[0,25,118,86,52,1]
[0,60,47,99,1]
[0,22,41,4,1]
[0,59,87,1]
[0,108,21,1]
[0,77,1]
[0,101,1]
[0,1]
[0,1]
[0,1]
[0,1]
[0,1]
[0,1]
[0,1]
[0,1]
[0,1]
[0,1]
[0,1]
[0,1]
[0,1]
[0,1]
[0,1]
[0,1]
[0,1]
[0,1]
[0,1]
[0,1]
[0,1]
[0,1]
[0,1]
[0,1]
[0,1]
[0,1]
[0,1]
[0,1]
[0,1]
[0,1]
[0,1]
[0,1]
[0,1]
[0,1]
[0,1]
[0,1]
[0,1]
[0,1]
[0,1]
[0,1]
[0,1]
[0,1]
[0,1]
[0,1]
[0,1]
[0,1]
[0,1]
[0,1]
[0,1]
[0,1]
[0,1]
[0,1]
[0,1]
[0,1]
[0,1]
[0,1]
[0,1]
[0,1]
[0,1]
[0,1]
[0,1]
[0,1]
[0,1]
[0,1]
[0,1]
[0,1]
[0,1]
[0,1]
[0,1]
[0,1]
[0,1]
[0,1]
[0,1]
[0,1]
[0,1]
[0,1]
[0,1]
[0,1]
[0,1]
[0,1]
[0,1]
[0,1]
[0,1]
