10
32
342
[0,54,41,70,62,96,71,2,12,32,43,25,42,67,55,61,34,39,3,1]
[0,27,66,59,102,95,8,105,11,6,73,13,87,86,58,1]
[0,131,89,177,19,16,141,53,91,17,77,22,57,118,88,49,4,98,72,1]
[0,44,152,23,79,201,120,92,163,46,137,15,83,135,138,124,125,20,1]
[0,28,104,136,121,119,168,189,129,192,60,186,78,1]
[0,24,172,117,65,7,132,63,112,180,50,158,193,69,182,188,14,1]
[0,38,110,36,56,156,171,74,35,29,1]
[0,100,109,26,173,114,134,170,48,113,80,1]
[0,99,101,167,128,176,10,194,30,126,1]
[0,200,133,197,21,108,68,122,5,174,107,1]
