50
768
346
[0,132,35,97,153,38,107,33,116,46,37,2,10,6,78,12,84,1]
[0,53,144,160,3,108,22,14,49,43,7,21,82,54,83,105,117,32,95,111,1]
[0,166,63,25,98,64,52,142,47,61,87,149,90,106,129,102,13,133,1]
[0,137,101,136,173,110,11,17,36,89,74,58,30,125,62,112,168,70,1]
[0,4,51,28,128,170,180,56,141,201,34,85,15,96,94,80,86,1]
[0,130,27,178,193,188,158,9,122,186,48,147,192,50,69,66,55,1]
[0,99,157,59,76,45,40,146,164,138,169,131,127,93,1]
[0,65,151,171,163,8,120,179,5,115,24,1]
[0,60,103,73,16,77,135,182,19,165,1]
[0,75,42,39,109,155,57,194,31,100,167,1]
[0,68,139,140,154,71,124,199,174,143,1]
[0,123,81,195,134,20,41,145,67,121,1]
[0,190,44,185,183,189,126,172,1]
[0,23,162,104,18,175,148,184,1]
[0,177,26,200,187,1]
[0,92,113,114,150,1]
[0,118,29,196,1]
[0,197,88,156,1]
[0,198,119,181,1]
[0,176,91,152,1]
[0,159,191,1]
[0,72,79,1]
[0,161,1]
[0,1]
[0,1]
[0,1]
[0,1]
[0,1]
[0,1]
[0,1]
[0,1]
[0,1]
[0,1]
[0,1]
[0,1]
[0,1]
[0,1]
[0,1]
[0,1]
[0,1]
[0,1]
[0,1]
[0,1]
[0,1]
[0,1]
[0,1]
[0,1]
[0,1]
[0,1]
[0,1]
