50
909
55
[0,30,61,39,19,15,14,58,80,46,45,18,21,13,23,79,52,6,1]
[0,26,57,37,53,35,47,51,40,43,63,67,32,28,1]
[0,9,22,25,54,20,48,31,4,59,56,1]
[0,2,17,38,27,74,8,55,64,68,16,1]
[0,42,34,65,3,11,73,24,1]
[0,12,72,75,7,33,49,1]
[0,78,77,41,69,44,1]
[0,81,60,10,62,1]
[0,29,66,50,1]
[0,76,36,1]
[0,70,1]
[0,71,1]
[0,5,1]
[0,1]
[0,1]
[0,1]
[0,1]
[0,1]
[0,1]
[0,1]
[0,1]
[0,1]
[0,1]
[0,1]
[0,1]
[0,1]
[0,1]
[0,1]
[0,1]
[0,1]
[0,1]
[0,1]
[0,1]
[0,1]
[0,1]
[0,1]
[0,1]
[0,1]
[0,1]
[0,1]
[0,1]
[0,1]
[0,1]
[0,1]
[0,1]
[0,1]
[0,1]
[0,1]
[0,1]
[0,1]
