50
875
126
[0,54,26,50,80,91,95,13,47,16,86,99,42,72,18,1]
[0,21,7,8,100,27,2,49,12,81,24,60,1]
[0,25,94,46,40,29,73,30,90,58,85,31,9,51,1]
[0,48,34,77,67,101,4,69,76,57,52,1]
[0,22,64,17,66,78,14,3,68,1]
[0,32,44,23,43,20,6,41,59,1]
[0,5,70,92,55,79,10,19,1]
[0,61,96,89,37,84,1]
[0,45,65,87,38,33,28,1]
[0,71,36,35,74,1]
[0,93,11,1]
[0,98,53,1]
[0,83,75,56,1]
[0,88,63,1]
[0,15,62,1]
[0,97,1]
[0,39,1]
[0,82,1]
[0,1]
[0,1]
[0,1]
[0,1]
[0,1]
[0,1]
[0,1]
[0,1]
[0,1]
[0,1]
[0,1]
[0,1]
[0,1]
[0,1]
[0,1]
[0,1]
[0,1]
[0,1]
[0,1]
[0,1]
[0,1]
[0,1]
[0,1]
[0,1]
[0,1]
[0,1]
[0,1]
[0,1]
[0,1]
[0,1]
[0,1]
[0,1]
