100
1909
62
[0,7,70,26,48,16,64,41,58,4,44,12,23,17,56,66,8,1]
[0,45,43,13,14,73,21,78,52,59,65,36,1]
[0,71,2,60,81,63,37,32,19,1]
[0,61,55,33,38,18,69,1]
[0,11,30,53,67,10,54,68,20,29,1]
[0,57,40,49,72,34,22,9,1]
[0,3,62,79,5,80,6,27,47,1]
[0,28,39,75,74,35,1]
[0,15,77,46,1]
[0,24,31,1]
[0,50,76,1]
[0,42,1]
[0,25,1]
[0,51,1]
[0,1]
[0,1]
[0,1]
[0,1]
[0,1]
[0,1]
[0,1]
[0,1]
[0,1]
[0,1]
[0,1]
[0,1]
[0,1]
[0,1]
[0,1]
[0,1]
[0,1]
[0,1]
[0,1]
[0,1]
[0,1]
[0,1]
[0,1]
[0,1]
[0,1]
[0,1]
[0,1]
[0,1]
[0,1]
[0,1]
[0,1]
[0,1]
[0,1]
[0,1]
[0,1]
[0,1]
[0,1]
[0,1]
[0,1]
[0,1]
[0,1]
[0,1]
[0,1]
[0,1]
[0,1]
[0,1]
[0,1]
[0,1]
[0,1]
[0,1]
[0,1]
[0,1]
[0,1]
[0,1]
[0,1]
[0,1]
[0,1]
[0,1]
[0,1]
[0,1]
[0,1]
[0,1]
[0,1]
[0,1]
[0,1]
[0,1]
[0,1]
[0,1]
[0,1]
[0,1]
[0,1]
[0,1]
[0,1]
[0,1]
[0,1]
[0,1]
[0,1]
[0,1]
[0,1]
[0,1]
[0,1]
[0,1]
[0,1]
[0,1]
[0,1]
[0,1]
