100
1835
196
[0,130,52,99,115,29,67,16,4,145,129,146,26,3,94,25,36,40,17,1]
[0,15,127,65,113,100,46,7,47,24,108,80,92,32,11,131,76,89,1]
[0,42,136,35,90,79,18,61,105,12,34,8,64,132,122,55,120,1]
[0,151,5,114,53,123,137,150,9,121,43,33,31,84,28,41,78,1]
[0,14,22,97,50,63,56,118,39,93,124,23,96,69,82,1]
[0,101,104,112,73,57,48,70,83,116,2,6,1]
[0,75,27,109,110,74,21,62,88,44,54,1]
[0,59,81,95,128,106,87,102,103,60,107,1]
[0,98,68,119,77,72,140,126,38,1]
[0,51,141,143,58,86,1]
[0,144,139,91,20,66,1]
[0,13,125,49,148,1]
[0,111,147,133,1]
[0,117,85,134,1]
[0,135,142,71,1]
[0,10,19,1]
[0,149,45,1]
[0,30,1]
[0,37,1]
[0,138,1]
[0,1]
[0,1]
[0,1]
[0,1]
[0,1]
[0,1]
[0,1]
[0,1]
[0,1]
[0,1]
[0,1]
[0,1]
[0,1]
[0,1]
[0,1]
[0,1]
[0,1]
[0,1]
[0,1]
[0,1]
[0,1]
[0,1]
[0,1]
[0,1]
[0,1]
[0,1]
[0,1]
[0,1]
[0,1]
[0,1]
[0,1]
[0,1]
[0,1]
[0,1]
[0,1]
[0,1]
[0,1]
[0,1]
[0,1]
[0,1]
[0,1]
[0,1]
[0,1]
[0,1]
[0,1]
[0,1]
[0,1]
[0,1]
[0,1]
[0,1]
[0,1]
[0,1]
[0,1]
[0,1]
[0,1]
[0,1]
[0,1]
[0,1]
[0,1]
[0,1]
[0,1]
[0,1]
[0,1]
[0,1]
[0,1]
[0,1]
[0,1]
[0,1]
[0,1]
[0,1]
[0,1]
[0,1]
[0,1]
[0,1]
[0,1]
[0,1]
[0,1]
[0,1]
[0,1]
[0,1]
