100
1771
629
[0,47,126,160,121,130,27,95,82,157,192,5,194,63,117,175,104,1]
[0,165,109,20,179,34,83,4,87,37,142,188,8,122,62,44,148,162,185,80,1]
[0,189,40,57,91,45,28,15,167,66,154,128,147,140,115,190,1]
[0,56,75,129,88,119,24,6,133,7,93,103,132,73,139,123,12,153,1]
[0,151,102,29,70,39,69,49,105,97,125,65,197,18,152,33,84,176,1]
[0,163,193,198,3,81,150,174,76,195,68,25,14,85,48,59,141,1]
[0,22,108,161,136,51,166,120,10,180,169,41,35,178,156,158,1]
[0,11,54,38,114,96,172,99,86,135,74,42,21,1]
[0,196,191,159,186,173,118,98,71,181,13,23,1]
[0,113,64,36,199,201,143,112,1]
[0,187,79,127,94,131,168,100,89,1]
[0,111,200,9,177,61,67,78,1]
[0,110,90,72,170,145,55,144,138,1]
[0,149,26,16,101,32,46,77,1]
[0,19,106,30,182,164,134,1]
[0,60,155,17,31,1]
[0,184,146,52,1]
[0,43,183,92,1]
[0,2,116,1]
[0,50,58,1]
[0,107,1]
[0,124,1]
[0,137,1]
[0,53,1]
[0,171,1]
[0,1]
[0,1]
[0,1]
[0,1]
[0,1]
[0,1]
[0,1]
[0,1]
[0,1]
[0,1]
[0,1]
[0,1]
[0,1]
[0,1]
[0,1]
[0,1]
[0,1]
[0,1]
[0,1]
[0,1]
[0,1]
[0,1]
[0,1]
[0,1]
[0,1]
[0,1]
[0,1]
[0,1]
[0,1]
[0,1]
[0,1]
[0,1]
[0,1]
[0,1]
[0,1]
[0,1]
[0,1]
[0,1]
[0,1]
[0,1]
[0,1]
[0,1]
[0,1]
[0,1]
[0,1]
[0,1]
[0,1]
[0,1]
[0,1]
[0,1]
[0,1]
[0,1]
[0,1]
[0,1]
[0,1]
[0,1]
[0,1]
[0,1]
[0,1]
[0,1]
[0,1]
[0,1]
[0,1]
[0,1]
[0,1]
[0,1]
[0,1]
[0,1]
[0,1]
[0,1]
[0,1]
[0,1]
[0,1]
[0,1]
[0,1]
