50
863
169
[0,35,5,28,107,23,113,42,62,80,47,79,77,117,86,2,25,17,1]
[0,82,63,71,70,32,4,68,106,92,15,101,33,14,84,109,34,1]
[0,93,108,120,11,67,88,83,12,6,118,97,8,96,1]
[0,72,69,49,91,18,27,7,105,26,19,45,1]
[0,115,73,37,58,66,16,38,99,53,43,54,1]
[0,94,87,46,102,78,98,111,60,1]
[0,76,24,30,44,104,95,20,1]
[0,31,39,40,85,112,64,75,1]
[0,22,100,103,51,48,13,10,1]
[0,9,52,90,65,121,57,50,1]
[0,114,21,41,116,1]
[0,119,55,74,1]
[0,81,61,29,56,1]
[0,89,110,1]
[0,3,1]
[0,36,1]
[0,59,1]
[0,1]
[0,1]
[0,1]
[0,1]
[0,1]
[0,1]
[0,1]
[0,1]
[0,1]
[0,1]
[0,1]
[0,1]
[0,1]
[0,1]
[0,1]
[0,1]
[0,1]
[0,1]
[0,1]
[0,1]
[0,1]
[0,1]
[0,1]
[0,1]
[0,1]
[0,1]
[0,1]
[0,1]
[0,1]
[0,1]
[0,1]
[0,1]
[0,1]
