50
907
1528
[0,30,81,39,19,15,14,58,80,66,45,50,67,79,52,6,1]
[0,26,57,37,53,35,47,51,40,43,63,23,32,28,1]
[0,9,77,25,54,20,48,31,4,59,56,1]
[0,2,17,38,27,74,8,55,64,68,16,1]
[0,42,34,65,3,11,73,62,1]
[0,12,72,75,7,33,49,1]
[0,78,29,46,18,21,13,1]
[0,22,41,69,44,1]
[0,61,70,24,1]
[0,60,10,1]
[0,76,36,1]
[0,71,1]
[0,5,1]
[0,1]
[0,1]
[0,1]
[0,1]
[0,1]
[0,1]
[0,1]
[0,1]
[0,1]
[0,1]
[0,1]
[0,1]
[0,1]
[0,1]
[0,1]
[0,1]
[0,1]
[0,1]
[0,1]
[0,1]
[0,1]
[0,1]
[0,1]
[0,1]
[0,1]
[0,1]
[0,1]
[0,1]
[0,1]
[0,1]
[0,1]
[0,1]
[0,1]
[0,1]
[0,1]
[0,1]
[0,1]
