10
30
1146
[0,131,89,177,21,141,92,43,112,180,22,149,118,88,97,98,72,1]
[0,99,161,70,167,71,2,53,108,25,42,82,83,135,60,186,144,1]
[0,27,85,104,136,102,95,8,105,11,6,198,13,124,155,58,1]
[0,54,101,62,181,19,128,163,176,137,189,129,194,30,87,126,125,20,1]
[0,93,152,23,79,201,16,12,120,17,77,50,158,193,69,169,34,39,3,1]
[0,28,66,59,76,121,119,168,15,145,192,84,174,188,14,1]
[0,24,172,117,65,110,36,56,156,171,74,35,154,1]
[0,100,109,26,114,134,170,48,199,80,1]
[0,37,179,166,63,18,91,68,55,61,143,45,115,1]
[0,44,157,75,116,142,140,51,4,29,1]
