50
827
360
[0,6,9,70,43,130,17,124,145,137,21,49,133,45,114,144,76,42,35,1]
[0,90,71,72,7,65,99,55,116,53,135,105,27,33,95,8,131,111,69,115,1]
[0,34,3,88,59,86,84,75,56,126,104,83,58,20,50,98,1]
[0,125,41,77,101,136,12,120,142,123,94,39,100,1]
[0,15,110,96,128,5,78,147,117,87,113,1]
[0,13,51,40,107,146,61,16,140,63,22,57,1]
[0,79,48,36,108,47,82,19,67,141,1]
[0,106,121,97,143,2,38,46,151,11,122,44,1]
[0,26,31,23,74,52,129,112,148,1]
[0,119,68,66,81,91,64,4,1]
[0,134,32,54,85,118,132,1]
[0,37,28,62,150,73,24,1]
[0,109,138,30,14,1]
[0,93,92,102,18,1]
[0,89,139,25,1]
[0,127,60,1]
[0,80,1]
[0,10,1]
[0,29,1]
[0,103,1]
[0,149,1]
[0,1]
[0,1]
[0,1]
[0,1]
[0,1]
[0,1]
[0,1]
[0,1]
[0,1]
[0,1]
[0,1]
[0,1]
[0,1]
[0,1]
[0,1]
[0,1]
[0,1]
[0,1]
[0,1]
[0,1]
[0,1]
[0,1]
[0,1]
[0,1]
[0,1]
[0,1]
[0,1]
[0,1]
[0,1]
