100
1868
472
[0,46,68,78,116,115,5,18,75,24,76,9,36,113,105,73,16,1]
[0,6,67,104,119,100,51,22,17,39,121,57,7,4,58,48,1]
[0,55,66,93,62,118,30,70,109,34,94,23,103,111,35,38,40,33,13,107,1]
[0,32,65,28,120,3,29,79,19,112,43,1]
[0,15,92,11,81,10,54,110,42,64,1]
[0,31,12,106,45,86,14,85,50,74,71,90,1]
[0,49,102,44,56,83,8,84,88,1]
[0,72,97,63,37,96,27,1]
[0,25,69,89,117,52,80,82,1]
[0,2,98,114,99,53,1]
[0,95,41,61,1]
[0,20,26,87,1]
[0,60,47,1]
[0,108,21,1]
[0,101,91,1]
[0,59,1]
[0,77,1]
[0,1]
[0,1]
[0,1]
[0,1]
[0,1]
[0,1]
[0,1]
[0,1]
[0,1]
[0,1]
[0,1]
[0,1]
[0,1]
[0,1]
[0,1]
[0,1]
[0,1]
[0,1]
[0,1]
[0,1]
[0,1]
[0,1]
[0,1]
[0,1]
[0,1]
[0,1]
[0,1]
[0,1]
[0,1]
[0,1]
[0,1]
[0,1]
[0,1]
[0,1]
[0,1]
[0,1]
[0,1]
[0,1]
[0,1]
[0,1]
[0,1]
[0,1]
[0,1]
[0,1]
[0,1]
[0,1]
[0,1]
[0,1]
[0,1]
[0,1]
[0,1]
[0,1]
[0,1]
[0,1]
[0,1]
[0,1]
[0,1]
[0,1]
[0,1]
[0,1]
[0,1]
[0,1]
[0,1]
[0,1]
[0,1]
[0,1]
[0,1]
[0,1]
[0,1]
[0,1]
[0,1]
[0,1]
[0,1]
[0,1]
[0,1]
[0,1]
[0,1]
[0,1]
[0,1]
[0,1]
[0,1]
[0,1]
[0,1]
