100
1890
321
[0,42,28,46,83,15,8,24,17,58,90,36,52,5,91,25,73,1]
[0,14,37,101,95,78,47,55,69,11,71,63,70,100,77,1]
[0,54,80,75,43,74,22,40,53,44,39,19,96,10,4,62,1]
[0,21,20,56,51,32,48,6,98,7,59,68,61,1]
[0,41,34,57,93,87,12,64,67,66,1]
[0,27,9,38,13,31,79,82,1]
[0,97,50,81,3,85,76,86,1]
[0,72,30,35,18,94,16,1]
[0,2,84,49,1]
[0,60,26,99,1]
[0,89,23,1]
[0,88,33,1]
[0,29,1]
[0,45,1]
[0,65,1]
[0,92,1]
[0,1]
[0,1]
[0,1]
[0,1]
[0,1]
[0,1]
[0,1]
[0,1]
[0,1]
[0,1]
[0,1]
[0,1]
[0,1]
[0,1]
[0,1]
[0,1]
[0,1]
[0,1]
[0,1]
[0,1]
[0,1]
[0,1]
[0,1]
[0,1]
[0,1]
[0,1]
[0,1]
[0,1]
[0,1]
[0,1]
[0,1]
[0,1]
[0,1]
[0,1]
[0,1]
[0,1]
[0,1]
[0,1]
[0,1]
[0,1]
[0,1]
[0,1]
[0,1]
[0,1]
[0,1]
[0,1]
[0,1]
[0,1]
[0,1]
[0,1]
[0,1]
[0,1]
[0,1]
[0,1]
[0,1]
[0,1]
[0,1]
[0,1]
[0,1]
[0,1]
[0,1]
[0,1]
[0,1]
[0,1]
[0,1]
[0,1]
[0,1]
[0,1]
[0,1]
[0,1]
[0,1]
[0,1]
[0,1]
[0,1]
[0,1]
[0,1]
[0,1]
[0,1]
[0,1]
[0,1]
[0,1]
[0,1]
[0,1]
[0,1]
