100
1840
397
[0,15,135,141,113,100,143,47,24,108,80,92,103,11,131,76,89,1]
[0,151,5,114,53,123,67,16,4,145,129,146,37,10,94,116,36,40,134,120,1]
[0,42,136,81,95,128,63,61,105,117,43,147,8,64,132,122,55,17,1]
[0,130,52,99,115,29,137,150,57,121,12,31,102,28,41,78,1]
[0,75,27,13,90,79,106,118,142,46,93,124,23,96,69,82,1]
[0,101,104,112,73,9,48,70,83,25,45,19,38,6,1]
[0,14,22,97,50,87,84,32,71,148,1]
[0,98,68,119,77,72,149,85,44,133,1]
[0,59,127,65,39,125,56,33,62,88,54,1]
[0,109,110,74,21,34,20,66,1]
[0,144,139,91,140,126,2,1]
[0,35,7,60,107,1]
[0,51,30,58,86,1]
[0,18,49,1]
[0,111,1]
[0,3,1]
[0,26,1]
[0,138,1]
[0,1]
[0,1]
[0,1]
[0,1]
[0,1]
[0,1]
[0,1]
[0,1]
[0,1]
[0,1]
[0,1]
[0,1]
[0,1]
[0,1]
[0,1]
[0,1]
[0,1]
[0,1]
[0,1]
[0,1]
[0,1]
[0,1]
[0,1]
[0,1]
[0,1]
[0,1]
[0,1]
[0,1]
[0,1]
[0,1]
[0,1]
[0,1]
[0,1]
[0,1]
[0,1]
[0,1]
[0,1]
[0,1]
[0,1]
[0,1]
[0,1]
[0,1]
[0,1]
[0,1]
[0,1]
[0,1]
[0,1]
[0,1]
[0,1]
[0,1]
[0,1]
[0,1]
[0,1]
[0,1]
[0,1]
[0,1]
[0,1]
[0,1]
[0,1]
[0,1]
[0,1]
[0,1]
[0,1]
[0,1]
[0,1]
[0,1]
[0,1]
[0,1]
[0,1]
[0,1]
[0,1]
[0,1]
[0,1]
[0,1]
[0,1]
[0,1]
[0,1]
[0,1]
[0,1]
[0,1]
[0,1]
[0,1]
