50
768
445
[0,166,63,44,185,110,158,61,9,89,149,186,106,150,192,50,182,172,111,1]
[0,132,35,97,153,170,33,116,46,145,2,96,94,80,86,1]
[0,53,144,160,157,42,14,159,76,45,21,40,146,164,194,191,168,143,1]
[0,130,27,123,3,108,22,39,26,82,199,200,117,105,129,102,13,133,1]
[0,4,51,28,128,107,56,141,201,34,85,15,10,6,78,12,156,1]
[0,68,139,136,173,142,47,71,54,30,125,152,112,70,1]
[0,137,98,64,52,81,195,109,7,155,57,196,5,115,24,1]
[0,25,190,73,17,36,189,79,83,32,127,187,1]
[0,65,151,171,163,8,120,179,67,184,167,1]
[0,75,178,193,188,154,90,48,147,69,66,165,1]
[0,60,103,11,113,183,122,124,174,131,93,1]
[0,92,16,77,135,19,55,1]
[0,23,162,104,18,175,148,121,1]
[0,99,59,43,49,72,58,62,1]
[0,101,140,87,74,126,95,1]
[0,118,38,180,37,88,84,1]
[0,176,29,41,31,1]
[0,198,119,181,1]
[0,134,138,1]
[0,161,20,100,1]
[0,177,169,1]
[0,197,1]
[0,91,1]
[0,114,1]
[0,1]
[0,1]
[0,1]
[0,1]
[0,1]
[0,1]
[0,1]
[0,1]
[0,1]
[0,1]
[0,1]
[0,1]
[0,1]
[0,1]
[0,1]
[0,1]
[0,1]
[0,1]
[0,1]
[0,1]
[0,1]
[0,1]
[0,1]
[0,1]
[0,1]
[0,1]
