100
1910
148
[0,7,70,26,48,16,64,41,58,63,37,32,17,56,66,9,1]
[0,45,43,13,14,73,21,78,52,27,54,68,20,35,23,19,1]
[0,11,30,60,81,4,44,74,29,1]
[0,61,55,33,38,18,65,36,1]
[0,71,2,49,72,34,31,8,1]
[0,3,62,79,5,80,6,59,25,1]
[0,28,39,53,75,10,47,1]
[0,15,77,46,1]
[0,57,40,12,1]
[0,50,69,1]
[0,42,67,1]
[0,24,22,1]
[0,76,1]
[0,51,1]
[0,1]
[0,1]
[0,1]
[0,1]
[0,1]
[0,1]
[0,1]
[0,1]
[0,1]
[0,1]
[0,1]
[0,1]
[0,1]
[0,1]
[0,1]
[0,1]
[0,1]
[0,1]
[0,1]
[0,1]
[0,1]
[0,1]
[0,1]
[0,1]
[0,1]
[0,1]
[0,1]
[0,1]
[0,1]
[0,1]
[0,1]
[0,1]
[0,1]
[0,1]
[0,1]
[0,1]
[0,1]
[0,1]
[0,1]
[0,1]
[0,1]
[0,1]
[0,1]
[0,1]
[0,1]
[0,1]
[0,1]
[0,1]
[0,1]
[0,1]
[0,1]
[0,1]
[0,1]
[0,1]
[0,1]
[0,1]
[0,1]
[0,1]
[0,1]
[0,1]
[0,1]
[0,1]
[0,1]
[0,1]
[0,1]
[0,1]
[0,1]
[0,1]
[0,1]
[0,1]
[0,1]
[0,1]
[0,1]
[0,1]
[0,1]
[0,1]
[0,1]
[0,1]
[0,1]
[0,1]
[0,1]
[0,1]
[0,1]
[0,1]
[0,1]
[0,1]
