50
880
132
[0,54,26,50,80,91,95,13,47,16,86,99,42,72,18,1]
[0,21,7,8,100,27,2,49,12,56,6,41,3,68,1]
[0,48,94,46,40,29,73,79,90,58,85,31,9,51,1]
[0,61,96,34,77,67,101,4,69,76,57,52,1]
[0,22,64,17,20,75,81,24,60,1]
[0,32,44,23,43,66,78,14,59,1]
[0,15,70,92,55,30,19,1]
[0,45,65,87,38,82,28,1]
[0,25,97,37,84,1]
[0,71,36,35,10,74,1]
[0,93,89,63,1]
[0,98,53,1]
[0,88,11,1]
[0,83,33,1]
[0,5,62,1]
[0,39,1]
[0,1]
[0,1]
[0,1]
[0,1]
[0,1]
[0,1]
[0,1]
[0,1]
[0,1]
[0,1]
[0,1]
[0,1]
[0,1]
[0,1]
[0,1]
[0,1]
[0,1]
[0,1]
[0,1]
[0,1]
[0,1]
[0,1]
[0,1]
[0,1]
[0,1]
[0,1]
[0,1]
[0,1]
[0,1]
[0,1]
[0,1]
[0,1]
[0,1]
[0,1]
