100
9961
77933
[0,1]
[0,1]
[0,1]
[0,1]
[0,1]
[0,1288,1]
[0,1]
[0,1]
[0,1]
[0,1]
[0,1]
[0,1]
[0,1]
[0,1]
[0,1]
[0,1]
[0,1]
[0,1]
[0,1]
[0,1]
[0,1]
[0,1]
[0,1]
[0,1]
[0,90,390,1]
[0,37,1]
[0,1]
[0,1]
[0,1768,5,1]
[0,1]
[0,1]
[0,1]
[0,1]
[0,1]
[0,1]
[0,1]
[0,1]
[0,1]
[0,1]
[0,1]
[0,1314,1069,1]
[0,556,1]
[0,1]
[0,1]
[0,1]
[0,1]
[0,644,1]
[0,1]
[0,1]
[0,1]
[0,905,951,1]
[0,1580,1]
[0,1]
[0,1]
[0,1]
[0,456,1]
[0,1]
[0,1]
[0,1877,1]
[0,1]
[0,562,1813,1]
[0,1]
[0,1]
[0,1]
[0,1]
[0,1]
[0,1]
[0,1794,1]
[0,1]
[0,1]
[0,1]
[0,1344,1]
[0,1]
[0,1]
[0,1]
[0,1]
[0,1]
[0,1020,263,1]
[0,1]
[0,1]
[0,1]
[0,1]
[0,1]
[0,1]
[0,1]
[0,1352,1]
[0,1340,1523,1]
[0,1]
[0,1050,1]
[0,1679,1369,1]
[0,792,1]
[0,1]
[0,1025,1]
[0,1]
[0,1]
[0,1]
[0,1604,1]
[0,1]
[0,1295,1]
[0,1]
