100
9953
44994
[0,1]
[0,1]
[0,1]
[0,692,1]
[0,389,1]
[0,156,1]
[0,904,1]
[0,1]
[0,315,1]
[0,1]
[0,1]
[0,930,1]
[0,1]
[0,1]
[0,1]
[0,103,1]
[0,1]
[0,1]
[0,1]
[0,1]
[0,1]
[0,1]
[0,1]
[0,1]
[0,208,422,1]
[0,1]
[0,1]
[0,1]
[0,824,1]
[0,1]
[0,1]
[0,1]
[0,1]
[0,455,1]
[0,752,1]
[0,983,245,1]
[0,1]
[0,1]
[0,1]
[0,1]
[0,1]
[0,1]
[0,1]
[0,1]
[0,1]
[0,1]
[0,1]
[0,1]
[0,1]
[0,1]
[0,516,1]
[0,1]
[0,1]
[0,1]
[0,550,1]
[0,558,808,1]
[0,444,664,1]
[0,1]
[0,1]
[0,1]
[0,1]
[0,203,1]
[0,1]
[0,1]
[0,1]
[0,1]
[0,1]
[0,1]
[0,247,1]
[0,561,1]
[0,1]
[0,1]
[0,1]
[0,1]
[0,778,1]
[0,1]
[0,761,1]
[0,1]
[0,1]
[0,472,311,786,1]
[0,1]
[0,1]
[0,1]
[0,1]
[0,1]
[0,632,1]
[0,1]
[0,1]
[0,1]
[0,154,1]
[0,1]
[0,35,809,1]
[0,303,187,1]
[0,1]
[0,1]
[0,429,830,1]
[0,235,1]
[0,1]
[0,851,18,1]
[0,958,1]
