100
9946
28085
[0,1]
[0,1]
[0,1]
[0,1]
[0,1]
[0,1]
[0,1]
[0,1]
[0,1]
[0,1]
[0,1]
[0,1]
[0,1]
[0,1]
[0,1]
[0,1]
[0,1]
[0,1]
[0,302,281,1]
[0,1]
[0,370,1]
[0,1]
[0,445,1]
[0,1]
[0,1]
[0,1]
[0,309,1]
[0,1]
[0,1]
[0,344,216,1]
[0,1]
[0,1]
[0,220,188,1]
[0,1]
[0,1]
[0,1]
[0,1]
[0,48,1]
[0,1]
[0,5,1]
[0,300,1]
[0,98,1]
[0,417,1]
[0,496,176,1]
[0,1]
[0,1]
[0,1]
[0,192,390,1]
[0,110,1]
[0,215,1]
[0,250,1]
[0,1]
[0,1]
[0,456,1]
[0,21,1]
[0,1]
[0,1]
[0,1]
[0,1]
[0,235,1]
[0,477,1]
[0,226,1]
[0,1]
[0,1]
[0,350,66,1]
[0,217,1]
[0,43,1]
[0,35,1]
[0,1]
[0,1]
[0,416,1]
[0,144,1]
[0,264,1]
[0,466,1]
[0,1]
[0,439,1]
[0,269,1]
[0,1]
[0,1]
[0,53,1]
[0,340,1]
[0,1]
[0,1]
[0,470,1]
[0,1]
[0,1]
[0,210,1]
[0,81,1]
[0,1]
[0,1]
[0,104,1]
[0,1]
[0,170,1]
[0,1]
[0,157,1]
[0,1]
[0,435,334,1]
[0,1]
[0,1]
[0,290,1]
