100
9975
184463
[0,1]
[0,1]
[0,1]
[0,1]
[0,1]
[0,1]
[0,325,1]
[0,602,1]
[0,1]
[0,1]
[0,1]
[0,1]
[0,1]
[0,1]
[0,1]
[0,1]
[0,1]
[0,1]
[0,1]
[0,1]
[0,1]
[0,1]
[0,1]
[0,1]
[0,1]
[0,1]
[0,1]
[0,1]
[0,1]
[0,1]
[0,1]
[0,1]
[0,1]
[0,1]
[0,3421,1]
[0,1]
[0,1]
[0,4735,4475,1]
[0,4866,1]
[0,2020,1]
[0,4147,1]
[0,1]
[0,1]
[0,1497,1]
[0,1]
[0,1]
[0,2784,1]
[0,4738,1]
[0,1]
[0,2327,1]
[0,1]
[0,1]
[0,1]
[0,1]
[0,1]
[0,1]
[0,1]
[0,1]
[0,1]
[0,3139,1]
[0,2697,1]
[0,241,1]
[0,1]
[0,1]
[0,1]
[0,1]
[0,1]
[0,1]
[0,1]
[0,1]
[0,1]
[0,1]
[0,1]
[0,1]
[0,1]
[0,1]
[0,1]
[0,1]
[0,2805,1]
[0,1]
[0,3402,1809,1]
[0,120,1]
[0,1]
[0,2214,1]
[0,3928,1]
[0,1]
[0,1]
[0,1]
[0,1]
[0,4275,1]
[0,754,1]
[0,1]
[0,1]
[0,1]
[0,1]
[0,1]
[0,1]
[0,1]
[0,1]
[0,1]
