100
2121
59910
[0,1]
[0,58,23,1]
[0,75,1]
[0,53,1]
[0,98,1]
[0,1]
[0,8,96,4,1]
[0,12,1,1]
[0,39,1]
[0,1]
[0,97,43,95,1]
[0,38,1]
[0,9,1]
[0,69,1]
[0,1]
[0,1]
[0,49,1]
[0,65,1]
[0,82,1]
[0,45,1]
[0,83,94,1]
[0,1]
[0,6,1]
[0,10,1]
[0,1]
[0,1]
[0,1]
[0,3,1]
[0,1]
[0,22,1]
[0,91,1]
[0,2,1]
[0,1]
[0,1]
[0,17,52,16,19,1]
[0,1]
[0,1]
[0,15,1]
[0,11,1]
[0,24,62,1]
[0,27,1]
[0,37,1]
[0,66,1]
[0,73,90,1]
[0,78,1]
[0,1]
[0,25,1]
[0,1]
[0,50,41,1]
[0,1]
[0,93,88,33,1]
[0,36,1]
[0,1]
[0,1]
[0,1]
[0,99,1]
[0,21,20,1]
[0,1]
[0,61,1]
[0,1]
[0,1]
[0,59,40,72,1]
[0,77,1]
[0,14,1]
[0,71,1]
[0,85,1]
[0,54,1]
[0,51,1]
[0,1]
[0,18,1]
[0,70,63,13,89,1]
[0,80,92,1]
[0,1]
[0,57,1]
[0,1]
[0,1]
[0,1]
[0,7,1]
[0,30,67,60,1]
[0,1]
[0,68,76,1]
[0,48,1]
[0,1]
[0,81,74,1]
[0,42,1]
[0,100,1]
[0,56,26,1]
[0,47,1]
[0,44,1]
[0,46,64,1]
[0,86,35,1]
[0,87,1]
[0,28,5,55,34,84,32,1]
[0,1]
[0,29,1]
[0,1]
[0,1]
[0,31,79,1]
[0,1]
[0,1]
