50
1079
34193
[0,66,44,1]
[0,1]
[0,80,41,18,1]
[0,1]
[0,25,1]
[0,56,1]
[0,29,24,1]
[0,57,1]
[0,20,55,47,1]
[0,1]
[0,27,1]
[0,34,1]
[0,3,1,1]
[0,1]
[0,2,11,65,1]
[0,72,37,12,1]
[0,1]
[0,68,32,1]
[0,1]
[0,31,1]
[0,67,59,1]
[0,1]
[0,52,1]
[0,1]
[0,13,1]
[0,51,62,1]
[0,23,1]
[0,76,1]
[0,78,69,1]
[0,19,39,6,1]
[0,9,1]
[0,42,4,1]
[0,1]
[0,61,7,35,48,1]
[0,1]
[0,1]
[0,1]
[0,15,33,1]
[0,46,79,1]
[0,26,73,50,1]
[0,71,28,53,21,77,54,1]
[0,58,10,1]
[0,1]
[0,30,1]
[0,1]
[0,49,75,14,1]
[0,74,1]
[0,1]
[0,1]
[0,1]
