50
1451
49530
[0,127,105,38,146,1]
[0,15,75,1]
[0,23,32,136,27,55,132,131,10,2,1]
[0,128,81,1]
[0,1]
[0,41,48,8,83,60,1]
[0,140,1]
[0,43,1]
[0,72,78,79,85,30,1]
[0,42,1]
[0,68,122,130,90,52,111,1]
[0,88,108,1]
[0,106,89,56,1]
[0,29,1]
[0,102,51,45,141,1]
[0,1]
[0,1]
[0,7,1]
[0,70,58,20,1]
[0,126,1]
[0,1]
[0,1]
[0,25,114,46,69,39,9,100,63,1]
[0,40,137,92,77,1]
[0,50,1]
[0,3,121,1]
[0,148,24,95,125,35,1]
[0,84,133,1]
[0,104,98,54,1]
[0,117,113,150,112,149,65,87,1]
[0,19,62,1]
[0,134,36,1]
[0,99,73,21,74,124,47,82,22,80,18,1]
[0,91,1]
[0,107,115,1,44,145,33,96,16,97,120,1]
[0,59,109,1]
[0,138,103,1]
[0,34,139,12,1]
[0,49,1]
[0,67,1]
[0,1]
[0,26,71,13,1]
[0,11,1]
[0,1]
[0,6,110,1]
[0,76,53,1]
[0,142,61,116,1]
[0,28,17,143,94,118,1]
[0,1]
[0,1]
