100
2388
61895
[0,24,1]
[0,1]
[0,1]
[0,1]
[0,1]
[0,5,1]
[0,123,1]
[0,143,46,97,142,42,130,122,1]
[0,1]
[0,126,129,1]
[0,1]
[0,1]
[0,74,1]
[0,29,20,35,7,146,9,1]
[0,1]
[0,1]
[0,1]
[0,1]
[0,1]
[0,11,1]
[0,52,101,112,1]
[0,144,73,37,83,1]
[0,1]
[0,18,105,91,1]
[0,1]
[0,1]
[0,30,1]
[0,1]
[0,58,1]
[0,138,78,1]
[0,145,54,1]
[0,1]
[0,89,1]
[0,72,1]
[0,1]
[0,1]
[0,1]
[0,137,22,90,1]
[0,50,45,1]
[0,139,104,12,107,1]
[0,68,26,6,1]
[0,1]
[0,4,1]
[0,111,1]
[0,77,1]
[0,27,1]
[0,1]
[0,150,86,1]
[0,2,32,1]
[0,23,1]
[0,25,1]
[0,59,81,136,1,1]
[0,1]
[0,117,134,1]
[0,140,94,1]
[0,120,1]
[0,47,147,108,28,1]
[0,1]
[0,1]
[0,1]
[0,99,66,10,80,1]
[0,113,34,1]
[0,49,1]
[0,15,131,76,1]
[0,53,31,127,71,1]
[0,1]
[0,16,1]
[0,1]
[0,95,100,116,148,1]
[0,1]
[0,96,13,149,1]
[0,135,21,119,38,82,70,103,88,33,1]
[0,85,1]
[0,141,69,56,1]
[0,41,1]
[0,1]
[0,19,1]
[0,44,61,1]
[0,51,1]
[0,84,114,75,1]
[0,132,57,102,14,1]
[0,1]
[0,109,121,3,40,1]
[0,1]
[0,1]
[0,55,1]
[0,98,62,1]
[0,1]
[0,1]
[0,1]
[0,1]
[0,106,118,48,17,79,1]
[0,124,1]
[0,65,1]
[0,63,1]
[0,1]
[0,115,39,110,125,93,1]
[0,67,1]
[0,1]
[0,60,133,1]
