100
2194
63047
[0,1]
[0,44,38,1]
[0,54,1]
[0,1]
[0,36,84,78,1]
[0,86,1]
[0,27,1]
[0,94,1]
[0,46,1]
[0,6,1]
[0,108,112,1]
[0,74,1]
[0,4,1]
[0,62,19,1]
[0,1]
[0,79,1]
[0,69,13,107,1]
[0,1]
[0,87,73,1]
[0,31,1]
[0,25,58,1]
[0,114,56,1]
[0,68,9,52,1]
[0,32,118,40,1]
[0,55,57,1]
[0,3,1]
[0,1]
[0,117,7,1]
[0,1]
[0,61,90,16,1]
[0,30,1]
[0,1]
[0,105,1]
[0,51,75,28,120,21,1]
[0,1]
[0,110,48,1]
[0,116,1]
[0,59,64,1]
[0,1]
[0,1]
[0,18,8,1]
[0,1]
[0,53,1]
[0,1]
[0,2,1]
[0,42,1]
[0,1]
[0,47,24,119,1,1]
[0,1]
[0,95,103,1]
[0,5,1]
[0,81,1]
[0,1]
[0,1]
[0,1]
[0,1]
[0,1]
[0,97,63,1]
[0,1]
[0,1]
[0,1]
[0,1]
[0,20,1]
[0,109,111,1]
[0,1]
[0,23,29,1]
[0,106,99,1]
[0,89,12,1]
[0,102,49,77,1]
[0,70,88,35,1]
[0,1]
[0,26,1]
[0,83,1]
[0,45,1]
[0,92,33,96,1]
[0,1]
[0,1]
[0,72,15,39,1]
[0,1]
[0,10,11,1]
[0,1]
[0,1]
[0,1]
[0,98,1]
[0,37,1]
[0,76,115,91,1]
[0,60,1]
[0,1]
[0,82,1]
[0,1]
[0,113,101,66,100,43,1]
[0,65,1]
[0,1]
[0,41,17,104,1]
[0,1]
[0,71,1]
[0,80,22,1]
[0,67,85,50,14,1]
[0,1]
[0,93,1]
