50
1802
58561
[0,122,172,193,1]
[0,179,125,124,178,119,1]
[0,75,1]
[0,72,150,1]
[0,73,100,1]
[0,128,59,78,1]
[0,1]
[0,1]
[0,33,175,18,121,83,1]
[0,26,89,106,49,45,158,48,50,118,80,1]
[0,4,67,40,15,197,170,180,35,115,1]
[0,186,133,109,74,131,14,163,156,12,95,9,139,52,57,79,188,6,154,107,173,105,25,177,159,1]
[0,1]
[0,1]
[0,1]
[0,189,93,5,120,117,54,199,143,1]
[0,136,55,19,1]
[0,103,1]
[0,81,41,1]
[0,70,146,32,42,22,90,171,66,1]
[0,85,46,145,56,88,2,138,130,174,134,137,29,98,144,194,155,162,1]
[0,116,47,1]
[0,39,96,1]
[0,101,1]
[0,190,123,34,168,27,1]
[0,99,185,23,1]
[0,110,153,58,184,1]
[0,68,76,126,8,28,151,36,181,191,91,142,1]
[0,63,77,129,147,135,16,1]
[0,112,31,94,1]
[0,1]
[0,157,113,1]
[0,53,3,1]
[0,43,1]
[0,140,196,24,71,160,1]
[0,141,1]
[0,127,97,1]
[0,1]
[0,7,149,111,11,17,182,87,1]
[0,169,84,1]
[0,1]
[0,44,1]
[0,176,1]
[0,38,148,1]
[0,30,1]
[0,92,21,1]
[0,198,1]
[0,1]
[0,37,165,64,164,1]
[0,20,1]
