50
1194
44368
[0,35,10,1]
[0,75,81,1]
[0,1]
[0,1]
[0,28,1]
[0,11,70,78,1]
[0,67,1]
[0,1]
[0,15,86,1]
[0,24,84,1]
[0,93,22,65,38,95,99,1]
[0,64,57,1]
[0,85,1]
[0,59,1]
[0,83,55,1]
[0,48,42,68,66,90,46,1]
[0,18,1]
[0,1]
[0,1]
[0,5,40,51,1]
[0,33,1]
[0,1]
[0,32,92,97,1]
[0,1]
[0,30,21,100,1]
[0,61,1]
[0,7,23,44,25,2,1]
[0,1]
[0,41,1]
[0,1]
[0,1]
[0,1]
[0,88,1]
[0,43,87,37,1]
[0,1]
[0,14,39,79,16,72,1]
[0,74,1]
[0,50,45,12,1]
[0,20,52,1]
[0,1]
[0,94,58,3,1]
[0,8,89,1]
[0,27,6,91,76,1]
[0,13,1,1]
[0,82,60,56,1]
[0,26,69,29,77,1]
[0,71,1]
[0,1]
[0,63,1]
[0,96,36,1]
