100
2671
69827
[0,196,67,1]
[0,115,139,35,127,88,50,1]
[0,1,1]
[0,10,200,75,1]
[0,110,98,72,141,1]
[0,179,38,1]
[0,15,1]
[0,188,186,142,77,6,3,54,1]
[0,1]
[0,193,114,1]
[0,1]
[0,7,1]
[0,1]
[0,1]
[0,1]
[0,176,74,1]
[0,26,1]
[0,129,1]
[0,137,1]
[0,161,1]
[0,151,63,1]
[0,18,100,44,121,47,1]
[0,83,30,55,69,1]
[0,84,1]
[0,43,93,1]
[0,91,168,177,1]
[0,1]
[0,109,58,199,81,1]
[0,85,148,118,1]
[0,159,60,1]
[0,1]
[0,1]
[0,135,147,185,103,4,1]
[0,95,1]
[0,79,1]
[0,20,1]
[0,12,1]
[0,57,117,154,150,1]
[0,160,134,1]
[0,59,178,149,166,167,1]
[0,145,1]
[0,182,1]
[0,52,180,1]
[0,49,1]
[0,195,171,192,1]
[0,104,156,128,1]
[0,80,1]
[0,39,13,102,1]
[0,78,1]
[0,1]
[0,126,1]
[0,189,1]
[0,70,42,1]
[0,174,29,96,1]
[0,157,1]
[0,164,1]
[0,162,1]
[0,187,73,1]
[0,19,1]
[0,1]
[0,1]
[0,1]
[0,46,198,21,1]
[0,87,140,194,8,1]
[0,68,1]
[0,90,190,61,172,86,146,1]
[0,132,1]
[0,22,1]
[0,1]
[0,99,1]
[0,111,32,36,123,1]
[0,173,1]
[0,119,1]
[0,108,92,62,1]
[0,122,183,116,1]
[0,181,1]
[0,101,1]
[0,155,153,1]
[0,51,191,17,105,97,113,130,5,106,1]
[0,28,45,1]
[0,124,1]
[0,14,1]
[0,112,89,9,40,27,163,133,33,1]
[0,56,34,1]
[0,16,48,143,1]
[0,41,1]
[0,71,1]
[0,53,152,169,170,25,76,66,1]
[0,1]
[0,24,184,2,138,1]
[0,23,1]
[0,1]
[0,1]
[0,197,82,136,1]
[0,1]
[0,31,94,131,1]
[0,1]
[0,1]
[0,175,144,1]
[0,11,107,64,37,125,165,120,158,1]
