50
1251
43760
[0,1]
[0,19,26,101,94,31,1]
[0,1]
[0,52,23,66,1]
[0,1]
[0,34,1]
[0,1]
[0,9,111,1]
[0,84,98,60,110,1]
[0,115,37,1]
[0,96,1]
[0,1]
[0,102,49,18,1]
[0,119,63,1]
[0,1]
[0,1]
[0,70,1]
[0,73,21,116,80,108,3,1]
[0,46,1]
[0,100,83,58,95,1]
[0,17,11,82,47,1]
[0,40,57,50,64,15,1]
[0,1]
[0,79,68,1]
[0,113,1]
[0,1]
[0,65,120,1]
[0,74,6,16,106,1]
[0,87,61,77,1]
[0,53,104,1]
[0,5,107,22,109,45,48,1]
[0,59,1]
[0,24,1]
[0,89,78,1]
[0,1]
[0,67,10,1]
[0,81,36,20,1]
[0,38,1]
[0,93,2,112,117,1]
[0,114,27,91,1]
[0,1]
[0,1]
[0,43,1]
[0,76,44,1]
[0,25,1]
[0,72,75,4,71,13,1]
[0,33,42,54,1]
[0,1]
[0,90,1]
[0,35,1]
