1000 1000 5 50.0
150
57.74436448961995 377.6280759743247  50.0
696.9399628373476 646.6270208466364  50.0
0.7487193832040884 109.45554226106324  50.0
437.3034924461022 601.0888184612832  50.0
154.2200708332364 757.1947180829173  50.0
865.4892991995064 650.207506544214  50.0
165.26985821208427 709.3573393958224  50.0
928.0288450404637 850.7900384624191  50.0
443.06683906666666 336.90238682978503  50.0
252.14776217910762 502.9491162288975  50.0
109.57914340811159 408.26214420618237  50.0
378.13598466403266 104.10101227817825  50.0
590.7897181242778 365.8883677557959  50.0
942.0210646155457 860.6651433842079  50.0
483.91357985475804 147.9423167230417  50.0
667.2175343877044 121.2659551845352  50.0
227.7473442060326 356.91734337105373  50.0
931.0521316332128 854.0259069092658  50.0
276.13217269338963 226.39613661374335  50.0
360.5411854436935 80.57802851401274  50.0
928.6140929501104 17.809404716447318  50.0
381.52273664835525 0.7148252624445961  50.0
707.7357894681776 190.97611631962775  50.0
896.2227939358446 394.1304912503082  50.0
188.9968405499066 935.3703905836776  50.0
296.5617646590519 769.50102286295  50.0
487.3699854662613 423.4730261380859  50.0
833.9835151885097 646.1873793396971  50.0
183.3629501162245 453.23104450036067  50.0
961.315799903748 300.13465803974026  50.0
331.96710494281524 983.561549523656  50.0
638.1480977429633 283.08006033346425  50.0
339.4353433515349 435.0009617714601  50.0
748.4386625710546 32.971314554093965  50.0
915.6835723146081 527.014325073019  50.0
717.5397640032335 933.5359848985757  50.0
14.21134089234133 854.1438986400315  50.0
135.55610573630517 252.23169813930323  50.0
656.7891106947988 365.0898687853409  50.0
694.9286281769669 488.34578164516415  50.0
806.7610494301445 401.98033390214806  50.0
32.36175331519953 796.8026001041911  50.0
2.663570884559263 981.5015428447505  50.0
128.68935418469096 318.2749348516557  50.0
292.961956615297 555.2239369953764  50.0
765.0006913757005 442.48594313863407  50.0
123.05821995297994 573.3729080542091  50.0
159.32468380812082 259.1264225041073  50.0
217.32578752572607 794.4577807416063  50.0
315.396920258383 709.6015509928264  50.0
171.7772097737481 432.586439903046  50.0
803.5109028293266 242.86039776839274  50.0
427.0737249112723 914.9568559060559  50.0
663.1808935818877 99.85028580511002  50.0
526.9358287808958 233.93139988282863  50.0
868.3213911436693 703.677373268191  50.0
83.6167398996136 621.2630014247403  50.0
327.87329942961543 16.343813148297247  50.0
669.9515925882363 546.4573726472693  50.0
708.2849578976719 137.97092423219038  50.0
936.5965914821422 846.9185168895787  50.0
458.981659971599 870.7068264560271  50.0
613.4246053714297 134.4395661046388  50.0
297.9345041377033 447.05621342127023  50.0
695.6444128291179 490.76471270445944  50.0
71.66558444272664 131.1585645937857  50.0
38.06318060207259 864.3621242680684  50.0
342.50307909909463 941.5808977914552  50.0
785.0126141158144 511.2117166555077  50.0
275.62716977486576 315.4794169832292  50.0
548.8112349891387 284.3259299318205  50.0
399.42271615937085 136.52411630637795  50.0
16.23671443518404 569.8855762420301  50.0
594.8828680917993 182.7690700648307  50.0
710.3335410747129 192.2867670192989  50.0
233.28312203579614 715.6903051195596  50.0
963.9831975572029 666.0592511828671  50.0
726.072711867497 627.9024588940651  50.0
772.0152107783144 759.5304314295904  50.0
876.9058958235644 294.60383011288513  50.0
80.23950492152076 453.2733342789534  50.0
332.9636108374019 32.58962747886785  50.0
242.6314133803653 25.79090609746504  50.0
121.19073305663741 860.710713625007  50.0
832.0027747136435 179.55316210203765  50.0
724.8026636173231 76.94594791809362  50.0
724.8440057129036 832.4177346082117  50.0
406.38989488459566 19.793780632182624  50.0
397.6232243444303 442.6281909432679  50.0
516.1768181400025 265.47877959697064  50.0
669.6808470801 509.9991188641698  50.0
337.46713677718054 427.5074490612125  50.0
706.9585691162991 201.56023243636878  50.0
616.0350250296206 671.396847135924  50.0
961.1544096214511 886.8467484844626  50.0
296.19735449815187 34.938377738274575  50.0
860.4958586836602 736.1864615420182  50.0
143.5294936957947 653.1487238225648  50.0
491.1757770151741 434.7486862691178  50.0
872.6631939142043 27.098189202744315  50.0
212.5966398032325 495.78378385757037  50.0
118.33181528772296 547.0964980575466  50.0
134.9202175515817 618.3965930805615  50.0
88.8049047323064 583.2546671543103  50.0
654.0220877520841 28.360482389312324  50.0
23.080465432478437 590.2309424888579  50.0
786.8007895524114 764.8935196161251  50.0
636.6796772806285 838.0075787072467  50.0
878.894156470082 431.9816785973375  50.0
585.6160394939749 576.8345241355723  50.0
367.20603850601907 19.74852607280897  50.0
604.0866157665503 672.0152157463506  50.0
671.2488161098875 19.534699213577312  50.0
378.66020428538747 2.9982249983404596  50.0
960.1581023333777 205.76437952968297  50.0
410.2138031937518 211.27830474730524  50.0
496.33810605401584 138.34059307043077  50.0
84.59478602677262 702.8988467337687  50.0
492.04748532046716 651.2244484881383  50.0
923.9635443166549 163.8871483879776  50.0
931.8367666082931 336.01813530969196  50.0
522.997194547509 230.74271673590584  50.0
611.6007649779347 303.78533496801185  50.0
987.6120108462198 373.1383428396079  50.0
724.109991166712 314.0065259563135  50.0
788.5885066677572 492.28202961772985  50.0
681.2374700118675 696.4812667422534  50.0
818.4597403638121 215.92758226491048  50.0
504.6984420366314 360.15297866567465  50.0
97.25028209868746 379.81043433984627  50.0
39.972252105524575 582.2464399308634  50.0
11.128997090307791 725.3243356185003  50.0
452.1768705536473 201.77159289340597  50.0
187.76662106019003 414.54367629620094  50.0
948.01891007084 303.361908231482  50.0
113.16439381308885 566.2351829481445  50.0
434.5423729163659 470.579519031925  50.0
376.94745499943036 650.2918971534366  50.0
873.2521432003797 212.23275452194034  50.0
996.5929991849332 243.0614547312233  50.0
417.2888235360872 220.9169960272499  50.0
615.7894678502537 342.32946880892024  50.0
29.68359982914659 709.9023422778279  50.0
498.10017323525824 168.2580881047715  50.0
172.32349497988596 192.65718906385888  50.0
144.3308552836401 135.3690909239428  50.0
328.1081947944652 718.7094644967763  50.0
50.47733295598178 470.69932117173806  50.0
572.8823094445507 760.2123248747754  50.0
592.8562374328275 774.545976243052  50.0
