1000 1000 10 50.0
120
378.4802814557543 21.83227964882839  50.0
709.8324709529122 201.25506507944158  50.0
813.6317776310281 548.3334502277978  50.0
146.5108336273615 163.718883872357  50.0
860.188500067148 157.03718080564323  50.0
367.84283013056574 98.63470000437779  50.0
426.1141442677271 220.3536295734968  50.0
722.0198626930526 299.0380929871933  50.0
782.4954119068283 933.0591888942248  50.0
622.3030340052634 662.1703963144505  50.0
711.519138293929 358.88401933962655  50.0
890.2027171863958 950.3306484509383  50.0
864.2587110674096 618.89276014149  50.0
977.6720203669648 624.0779137187083  50.0
432.5484531729079 124.0328796693898  50.0
895.7373885284485 330.3342237419602  50.0
130.8258582559043 872.3886612670059  50.0
584.2160194100388 886.7272172934935  50.0
656.6735961125224 481.0936763039981  50.0
145.6462514909702 393.5505982363616  50.0
252.894500077966 803.5178123010066  50.0
836.2837145952652 926.0095791587952  50.0
729.3041565544758 694.2594647922543  50.0
957.9925791254457 111.95783028170759  50.0
319.0278353366105 727.6376982734341  50.0
827.0878324232526 784.1210661948847  50.0
41.93921201614992 449.7926914153796  50.0
809.6611353775461 810.8418266710494  50.0
826.9809187974495 50.16737794460535  50.0
7.649141326765085 155.6688564083859  50.0
505.4576326317013 175.05698475272024  50.0
555.8798928901916 193.6538349454272  50.0
928.9942989291222 974.0773747931414  50.0
647.5596035739588 321.0065918636408  50.0
888.704077644515 369.81691949280736  50.0
344.1384073052225 934.8001800620636  50.0
216.2111663354783 971.6010074229858  50.0
945.2203251138938 930.7048606112321  50.0
432.52643774712584 16.21212524972826  50.0
195.1595453895597 969.2702279640506  50.0
577.3742231236812 211.57275170115165  50.0
885.2110100034215 895.0632613986842  50.0
399.42121104690034 383.8119082537987  50.0
473.5807315952083 858.0090540509325  50.0
916.9587852009121 383.80078038388797  50.0
190.44698902990686 882.5703298597182  50.0
468.9431998529353 796.1567661270745  50.0
721.0007919807952 857.9409704493428  50.0
767.8979179619112 611.8789968714286  50.0
966.7800895846285 181.21723607469974  50.0
139.03541256544193 175.19295616211073  50.0
574.0489400836083 575.5502485220649  50.0
84.0562738222278 395.8455672879799  50.0
887.6996175669926 926.5718823759439  50.0
543.4357590287448 430.00629614883235  50.0
740.131722899504 332.92510855828704  50.0
747.6087375332212 776.0937667160085  50.0
16.789576813375227 950.519542258512  50.0
345.31659499252 6.261663641728199  50.0
253.51480683577944 625.1713652374907  50.0
576.4799144343352 159.94152538330064  50.0
615.598776810335 754.5761402789452  50.0
617.313487975565 162.7542013488772  50.0
484.39508651824735 298.1020913823782  50.0
867.0011114710671 502.2659004137833  50.0
534.5793655901463 361.68057457288813  50.0
868.0992974296244 791.4786274797954  50.0
623.6200782739993 325.109174503224  50.0
756.9407641777718 781.608851489999  50.0
34.75081854800555 50.372353237402855  50.0
625.6599936516311 847.622874800449  50.0
615.7104313483816 312.1234341228577  50.0
944.0646241775928 963.1602852679047  50.0
137.74513614569594 225.26067053744381  50.0
237.42837539711326 705.8923156713914  50.0
762.8417959713503 109.56936064917733  50.0
545.3820701805946 890.0248735517554  50.0
851.8895883370709 927.6912165340351  50.0
797.4319094774465 9.570729762141461  50.0
472.44260403805083 160.22057008969637  50.0
132.23455155858267 794.1789453458707  50.0
871.9834515841337 740.5170770616202  50.0
360.6110385582203 828.7243834764735  50.0
871.0637258473042 461.8625792674057  50.0
226.382758445684 368.5232499858881  50.0
600.4246218136587 90.87983138761014  50.0
854.4641133861714 193.95547463928253  50.0
257.1763276948467 273.6689138760681  50.0
792.248445486791 591.4385098644894  50.0
587.3428844592598 204.90713742637556  50.0
348.17515410092113 322.1110507093736  50.0
615.5542737446177 945.1966548453253  50.0
510.4673020172604 745.24947799782  50.0
737.3954492673671 218.2331130063827  50.0
589.3810066409044 100.35378072870938  50.0
665.8971660069412 496.9082474670219  50.0
867.9091757755845 320.00387505520234  50.0
880.8815533637601 196.24770620517407  50.0
968.7336295131464 645.0008457346576  50.0
168.35043290212303 831.1250305526138  50.0
349.32173745861985 743.9727332116476  50.0
556.8321500410523 67.98128129450498  50.0
322.4142482996318 1.5370521742910093  50.0
458.5786123923723 702.3193920294503  50.0
265.7540198809617 132.27797755338455  50.0
105.73080876093933 727.5307995748517  50.0
232.755284533274 302.20855970715024  50.0
435.04808369837775 825.6515372370224  50.0
4.915971202114511 495.0538245499746  50.0
419.5223281193464 806.9336502782506  50.0
737.1265355459091 947.6034694965541  50.0
471.17556494680093 752.6569940200013  50.0
738.6302250150452 96.54804439006692  50.0
946.5651947188651 874.3955629727454  50.0
605.2417577904822 628.6254036055478  50.0
974.9985190063057 392.99141457386844  50.0
872.5324577277703 906.569480429849  50.0
799.1840395193298 61.77870880146929  50.0
595.0418098648853 255.2664184551202  50.0
569.0239264194217 311.1386565789285  50.0
