1000 1000 10 50.0
50
21.373830814660934 585.1846957363315  50.0
101.74583314097518 809.1741741674665  50.0
456.17068235607485 321.7125869108408  50.0
824.4714104489099 295.41040039169843  50.0
539.4116425402005 41.069717401299386  50.0
63.509297468763435 247.07310078572675  50.0
200.34908004792374 351.8545564103952  50.0
313.93597787972817 439.1721517455872  50.0
657.8849666870829 441.0163684265187  50.0
897.4476854248818 344.2772793006369  50.0
493.134325839108 142.921972466023  50.0
212.2277081991364 716.1877670736721  50.0
316.6552145404534 794.5940604851434  50.0
130.9620788796204 989.4523169252244  50.0
676.6157805298011 188.67554049769498  50.0
838.2942160690803 783.3441190565194  50.0
339.5209958402735 397.58786393499656  50.0
399.9851021166601 401.43450842142204  50.0
841.7228593745307 235.51510231219464  50.0
138.27269308726497 851.6983707409228  50.0
257.7892254509242 649.2602811690657  50.0
451.4002515987879 577.1231512246155  50.0
460.90886252166916 384.6840137662316  50.0
60.010318802961706 783.082327892503  50.0
760.860553180335 862.3496508835314  50.0
789.077279908866 975.273583860808  50.0
696.6770348871605 314.1634249430834  50.0
901.2783737507713 80.81072523528887  50.0
933.9850606345468 882.2117907165758  50.0
686.1791800772266 315.0973436994216  50.0
671.1050172778808 561.6627070802067  50.0
479.33645939292614 778.3998519345267  50.0
693.3447985676816 581.5109082912214  50.0
536.3977060399475 618.5757246007578  50.0
231.52436094479378 60.112363617517595  50.0
219.50317398136244 480.20270188683776  50.0
78.61904155800659 546.8659783335103  50.0
766.7731617036918 875.3930783470751  50.0
997.5107979947197 367.0656323508785  50.0
510.38917984357244 57.86682320597092  50.0
313.1888409206419 523.8591001870143  50.0
784.7550143819589 959.3958200413373  50.0
724.3419919949453 279.41494469713837  50.0
923.4494059842373 756.5211344246591  50.0
792.1369687544371 436.81184713047327  50.0
682.1594897615228 675.483652725948  50.0
268.0787219698116 774.829769430229  50.0
144.51000113168533 714.5981127688234  50.0
408.1994391527968 49.735816345745086  50.0
668.6802645796504 65.83915767003722  50.0
