1000 1000 1 50.0
80
209.16795447922254 630.866205180448  50.0
46.66708624949523 598.7973878018441  50.0
389.5467844270297 98.16592685086489  50.0
789.9377604549123 646.151828763726  50.0
424.7840303139074 116.41213213443457  50.0
452.0478684370409 93.41403700398575  50.0
486.9000046941401 581.4946460638112  50.0
767.0101251292335 259.91781933422163  50.0
244.33029932927752 435.37768911137607  50.0
716.1341051633497 704.5168105102952  50.0
988.3878838485842 375.49866928251754  50.0
263.26508220116006 324.5404775323871  50.0
538.8706798657355 986.2336484695597  50.0
897.7477708543963 41.7492755093376  50.0
501.8428379702493 413.5537506358252  50.0
781.288207783212 876.5887191330513  50.0
344.2199200443912 822.1609220658145  50.0
202.11321921206428 970.8315123326907  50.0
922.6398463418699 523.8052375591403  50.0
728.3038801376309 908.7359354303727  50.0
558.2024927791882 846.1504737485734  50.0
921.9057646231655 508.13796054193284  50.0
484.0132603930889 523.4682727563045  50.0
726.3950191090207 105.4328301628017  50.0
509.0664331468916 633.6055650973499  50.0
672.3066729221035 242.19208598355846  50.0
39.85667083467281 880.0837285950654  50.0
859.3072711148419 576.2000579636593  50.0
180.20803406117193 323.8526606024509  50.0
267.7208248367331 785.9834620547825  50.0
490.16156452724726 506.13576240836335  50.0
328.49410605163786 215.44666922487076  50.0
126.36394577107923 271.96745631450113  50.0
837.8129615443913 14.014113846024134  50.0
509.25177295290746 503.43758525351825  50.0
241.05864054906468 567.7207276145542  50.0
366.4267068888503 402.32187386986465  50.0
30.519334461201588 87.97996427219412  50.0
986.9693767788433 923.6914592614058  50.0
502.24881039179445 327.2982466970358  50.0
788.0402301156012 455.25858077908134  50.0
399.69049732827034 524.9938359778056  50.0
842.9685691924338 861.629389467838  50.0
35.16204181749038 851.0167746430853  50.0
849.1310692041741 568.2993631721474  50.0
325.0218019475566 812.2562132064784  50.0
124.27370129049709 447.14041350052435  50.0
800.3155155197014 313.2598703364937  50.0
611.5322063945243 883.2930997744708  50.0
61.92765600600036 322.08000135302126  50.0
546.2576173213769 552.7912008829923  50.0
337.73864245045206 381.9987626118835  50.0
391.85528371846743 120.91029660667985  50.0
769.0159776808206 531.1755554438887  50.0
887.1969277456462 283.14578337245445  50.0
804.243390765959 544.7972943688411  50.0
564.7675629237544 313.88978962108825  50.0
610.8189278163098 798.1021780112918  50.0
896.5597840217283 562.2909418284863  50.0
728.5295523968284 463.68646564900405  50.0
303.83006640551736 140.4442692941873  50.0
283.43624260632595 202.79235015617903  50.0
627.1832575676262 385.9734361079538  50.0
956.780253310037 987.8150275984814  50.0
295.05278901428244 549.2307186757074  50.0
560.7474487384869 202.05506762872227  50.0
351.4957452440355 554.7551340964712  50.0
511.40483319695505 702.7820912249507  50.0
708.3236789977516 617.2920240328506  50.0
708.849157274397 104.96434455584603  50.0
471.9413175455144 954.5927404618977  50.0
335.58471902968034 145.55803150845637  50.0
961.8672555938091 832.3760805582314  50.0
866.3736958701691 622.0392193915328  50.0
85.76179692343311 701.2478161616967  50.0
146.2788147229116 63.90023937112177  50.0
64.8892560581481 241.03851071909867  50.0
738.3453277656355 992.1216013909245  50.0
114.29305774428667 714.9337669379281  50.0
868.344679544143 349.16951777705805  50.0
