1000 1000 50 50.0
80
9.16484968517517 107.6749203029076  50.0
507.44055713429384 701.6528080657886  50.0
740.2933571022589 334.5188439165764  50.0
503.8321204939562 30.020082120457037  50.0
968.1377755476364 551.2638153558946  50.0
543.4903125980477 964.1164290782656  50.0
515.9494310800209 121.8109384640711  50.0
48.01521423711175 181.2238937715346  50.0
421.65369909981774 615.9915623607866  50.0
702.1243285261037 759.7854072740259  50.0
119.64060276136767 969.0698209433401  50.0
715.4111341595845 453.5623257751701  50.0
258.1460034290033 490.0696891981485  50.0
201.39888718130928 557.6737551848554  50.0
881.501923985453 246.30079828071283  50.0
126.3129604777029 74.06764577235259  50.0
598.1359843915724 469.62125987821656  50.0
187.22095263305405 642.7627663471404  50.0
528.0519882133173 279.39017476049924  50.0
667.667307162831 495.23991795649835  50.0
277.6245162301616 197.72589523962324  50.0
788.6546980928017 507.6491989327033  50.0
924.8925813231604 644.600890483732  50.0
323.8019369856645 284.0402599643068  50.0
15.138682831753902 843.4675003548874  50.0
279.7341976654265 83.61014716843529  50.0
864.3911605590956 342.5235951686042  50.0
256.2378006979632 321.0037979154273  50.0
47.589305474087794 662.3903989877246  50.0
695.4389481772611 314.9904769097531  50.0
808.5025488288378 417.88965671243227  50.0
605.2417580933372 938.3783989942809  50.0
270.09586787719985 629.7706669572966  50.0
499.4879069904141 830.819599527864  50.0
746.8861309629473 841.6522351312295  50.0
235.77640632677264 876.1955329135772  50.0
164.93480666039662 88.108476513165  50.0
151.60901693806906 717.563020891611  50.0
580.474469744507 721.7414966136249  50.0
400.50298266186815 185.17961732435117  50.0
54.7678542859833 600.2479232010969  50.0
671.9396882234834 646.9158791881366  50.0
690.6501126095914 158.9006570987578  50.0
542.4938638830158 455.401922840579  50.0
465.30609711624237 449.53069121587873  50.0
550.2152456703046 862.5438264067521  50.0
604.1863354640518 314.0086842457229  50.0
710.3106518932423 999.5852958856491  50.0
632.5666368306637 478.38938052076986  50.0
597.4009229256304 779.6782511634135  50.0
914.1084380547843 503.2960864338778  50.0
308.10437518552135 869.9661103048747  50.0
439.87754018166214 206.78724661052195  50.0
587.4241065296238 201.4714584605085  50.0
866.6316428148083 387.85996783887066  50.0
153.39384786233845 837.619623994939  50.0
319.78765986197953 421.91039226443837  50.0
786.6629553454975 406.01863269600705  50.0
274.33189124535704 573.8847856742852  50.0
65.17841041751515 713.1547864160073  50.0
906.0375553543918 680.518454361238  50.0
718.8474649643232 607.9523559788689  50.0
665.7058058211455 189.97484708272873  50.0
455.0416527486183 637.6851128216537  50.0
470.7476271503377 415.3603987969068  50.0
763.0295868662218 548.5161429863123  50.0
831.2761189325971 258.0048551063867  50.0
643.9017550180941 222.98161891827306  50.0
431.97974536215656 587.0614740278803  50.0
432.27821118207 218.02339771918844  50.0
176.39869529016417 923.8946976830671  50.0
877.0653523052574 669.7140816118385  50.0
466.82877668819486 72.88758610345315  50.0
430.75574949714525 964.6076349928755  50.0
540.9274865574254 864.715079670398  50.0
260.240715129467 242.68705913792675  50.0
15.200089589790466 233.79337667775712  50.0
836.8321190902685 493.1706774937426  50.0
395.8936265944823 438.5296181494966  50.0
89.1667271035258 731.9765860555873  50.0
