1000 1000 100 50.0
150
930.9990282693334 95.05110102657666  50.0
586.0593708647903 74.79733083593754  50.0
324.3532396302329 128.5439896352719  50.0
115.13730985768522 88.72011226695886  50.0
977.5395609864727 29.17538193829372  50.0
361.3506227811818 829.9534420340743  50.0
632.5459494168525 443.5551273219875  50.0
374.202065479507 279.8010148377743  50.0
597.6896813734446 73.03026203956576  50.0
724.1679757857438 694.8948684845661  50.0
421.565867140403 434.08717386740534  50.0
162.1476315417889 727.2630418664276  50.0
60.77148301227198 530.1089294890746  50.0
40.037126084027875 941.4851731716886  50.0
287.28465658425637 205.02575621357977  50.0
977.0777174015209 320.2754253692438  50.0
254.2313574917253 598.8114963572506  50.0
945.1045370289813 139.87060161469623  50.0
592.8724186310192 305.44206861922487  50.0
415.54856470538647 417.89094227675685  50.0
148.99578746021547 545.8467649071342  50.0
462.02136499224736 988.8797022054104  50.0
483.500548597272 911.5467670028717  50.0
744.5380635894603 146.517024502848  50.0
559.8102546795199 9.089686261964825  50.0
114.91170879006518 706.5424547048116  50.0
619.8555682877278 641.0525720863614  50.0
177.5773301518756 290.7095262999666  50.0
110.71700952486496 996.3005340421654  50.0
516.0817235274496 609.6352247105618  50.0
665.6202100681995 690.351538728764  50.0
452.7011910672436 531.1955356302249  50.0
565.8285547881117 396.11222161103575  50.0
147.1254728973681 761.1580295454445  50.0
814.0780488832226 235.91393604273847  50.0
559.8738014194753 34.031351786554474  50.0
935.5526274824698 67.69186746820866  50.0
307.0842768654344 814.6499341897486  50.0
888.9980116717904 291.31424119800795  50.0
715.5455063456571 644.802232060554  50.0
18.42513662471601 825.4829852761159  50.0
450.31527231464486 434.2493085767435  50.0
804.9547695344035 461.2908860301631  50.0
931.9974482391152 191.76951560115518  50.0
288.70717596946895 885.4344701137458  50.0
386.72596593241815 919.4048021271733  50.0
422.2415730728852 284.2461012750724  50.0
779.1298140374818 651.8720923391842  50.0
289.90260692439796 589.122571178424  50.0
67.03054906852701 913.143580577404  50.0
81.53148410210709 104.59171523615052  50.0
186.35036590492882 183.48781767136612  50.0
944.3521592575664 472.17238760834755  50.0
925.6844930758627 322.8028225381809  50.0
353.44348219868596 666.3476614866976  50.0
382.21933609890044 279.8617886247866  50.0
439.06055227636665 993.3846827658324  50.0
4.153649348039634 832.1308196729574  50.0
788.1695855503099 869.3989108535271  50.0
319.50666622883205 547.1069704366453  50.0
597.9126064409878 490.97468031387535  50.0
327.17403728964956 633.6642069239717  50.0
700.3192187016006 379.81757483351674  50.0
183.31839440350763 860.6842010290288  50.0
900.4350194552288 182.32888329515106  50.0
254.65867109304574 260.28700357335975  50.0
274.1371827269996 35.65594784336268  50.0
829.9479991111907 904.2671591710842  50.0
557.2595458295998 273.68619956643136  50.0
781.9075116999201 644.87820763432  50.0
524.2513188655608 239.61733231171888  50.0
254.10903394259952 344.8990481368356  50.0
302.4443061135854 496.14955635858206  50.0
10.776932074451517 786.9539596357445  50.0
897.1063627091651 780.0101830460062  50.0
432.2054953002169 148.34688612483347  50.0
812.8090318472431 634.4346225912506  50.0
264.4649535296487 655.2107128215258  50.0
548.2398490110392 771.3925117406177  50.0
139.2959368290353 788.5598944775577  50.0
914.4409202749415 864.7611139072421  50.0
568.5683655621785 204.87529916808646  50.0
580.5568249764209 656.3122594221592  50.0
587.4077801628102 355.13801652779165  50.0
986.527091135929 968.2939025527265  50.0
471.06818810298034 638.7686039128216  50.0
778.7591054423779 459.55019771884196  50.0
982.8577686656994 812.7171698686017  50.0
222.66985018796115 736.5393698153706  50.0
423.8994023744465 290.98870074409734  50.0
625.0856713464294 736.2715361362451  50.0
350.23534903948274 916.1770041038169  50.0
659.8412807698948 135.10372395763838  50.0
198.7617147352666 762.1199889821436  50.0
631.5204738822063 905.4924907527567  50.0
220.7045623977949 535.5777743262229  50.0
135.13307748684068 42.21936955786465  50.0
59.82691462527334 184.87434136367554  50.0
273.6234634308279 910.2679095605278  50.0
32.281222226984816 394.732512162299  50.0
580.4581954778424 628.445447699318  50.0
665.999851761705 749.0708112101637  50.0
61.141724064427194 396.00651533905165  50.0
339.74146002393144 477.3206054418118  50.0
315.3603113060595 693.9492513180469  50.0
925.3885713474801 864.8597064269095  50.0
530.5564954575976 848.3197644296545  50.0
181.8177082252763 604.4491843979316  50.0
248.0874230622657 529.7740763561793  50.0
274.6402524632912 593.0977951796845  50.0
194.7223893084845 381.810547021884  50.0
203.3386855061391 937.5685521160556  50.0
145.0859955035718 119.50048870295504  50.0
105.79931541855747 221.7804879489924  50.0
734.7554240209067 121.20830101478597  50.0
379.9694615133581 410.64772186087674  50.0
379.0715978385727 747.7066644277041  50.0
313.3433970093091 117.43744043374893  50.0
969.3254769440713 366.2563552821252  50.0
443.2077563293887 345.5166789794928  50.0
815.83258154186 331.6343735051217  50.0
184.05419275739231 230.39786158868947  50.0
386.5100833950718 981.758066953958  50.0
353.2929913161569 754.2811543386131  50.0
749.9228128643266 42.46686803407973  50.0
102.37863411106929 882.8314869795637  50.0
273.3653680252485 704.1878740174185  50.0
417.68401566700396 82.71660895004274  50.0
49.39997016929964 32.62465655445701  50.0
793.9373773296625 718.4719860281667  50.0
728.3705087643801 306.2736117822883  50.0
902.7621072724023 398.5473434023724  50.0
919.7652642987359 335.485790541681  50.0
79.83625829683028 942.9284578574591  50.0
91.902047895004 810.9561325578243  50.0
236.41520948048554 278.5172007850566  50.0
947.2613379686768 253.93653292474983  50.0
364.43742921480214 233.49174705592267  50.0
579.8942493251617 196.13268884512425  50.0
149.15981609355634 898.1579033826758  50.0
331.6841055406493 804.159042158011  50.0
329.2459729851942 947.3415544463725  50.0
155.84158564386652 281.59032055718114  50.0
351.4566375449669 78.16151417730977  50.0
468.86511780485506 31.061859736078333  50.0
555.5688229874401 507.0606941987583  50.0
926.2999638095251 739.5353265912944  50.0
594.8764531469592 291.26313049204043  50.0
292.9805782002837 261.7600656501623  50.0
48.60153819129853 92.36276294482127  50.0
