1000 1000 10 50.0
200
339.7465393137633 486.99880006106434  50.0
965.2651860779077 566.8341187973326  50.0
845.3082467077235 962.9314880288241  50.0
807.4396740507558 512.6791060049496  50.0
638.5633491858897 196.61549387056743  50.0
302.31016550994195 918.5189597629851  50.0
430.06752136769865 136.02034526769023  50.0
800.5332056646597 2.6300279787230263  50.0
581.8228849609977 308.50804085538033  50.0
567.8051171278331 132.34060788901226  50.0
356.834825952138 577.230938034359  50.0
772.3760823140415 237.1062906264253  50.0
952.7578910157343 494.9500053894014  50.0
598.7098709016989 398.9775490371758  50.0
285.23747007634523 597.1015334827022  50.0
457.2901559309398 673.7123603860546  50.0
440.6554524542752 656.60306989832  50.0
230.3009722952827 517.0762771827796  50.0
953.3398323297774 134.80469733411104  50.0
243.88613955117623 543.411212156501  50.0
578.8995158002465 806.1546365668512  50.0
189.9181172372868 727.343375175539  50.0
33.19707674044348 808.5633870331733  50.0
533.6841082238356 574.5395306985212  50.0
245.57462236098394 177.11377602748757  50.0
38.62315965872642 233.7104646624143  50.0
35.29783452812896 255.6786960771471  50.0
915.2250054343974 999.5988008709147  50.0
761.7868633426175 249.1724638974935  50.0
758.4278990465021 165.47808407666054  50.0
422.052450683448 578.5757079608713  50.0
876.3288651654615 723.7286231402821  50.0
872.8584271476334 631.5376341458475  50.0
832.7469932991336 984.3448553458559  50.0
340.4828770943775 963.2737579912588  50.0
27.15637241513591 783.7682518013225  50.0
147.551755383986 995.641087014407  50.0
917.732226686595 590.2281397841897  50.0
634.2703870741798 786.687136729915  50.0
56.73003109057939 476.8129382152048  50.0
580.4799834912137 498.6327134197753  50.0
452.1444260461297 629.7823873595796  50.0
45.31754318965875 779.1627493848689  50.0
895.5707648846383 787.1709498431053  50.0
432.859466445794 389.06385749330707  50.0
803.4190836526309 761.5216256700598  50.0
764.9804665837836 58.66057864544161  50.0
807.1067192419724 990.6279889434782  50.0
596.7609685936444 736.1669124850835  50.0
797.5822555669486 881.4521214566573  50.0
745.1279365491743 102.98386016201111  50.0
380.51024648480336 564.9245911375012  50.0
18.015519237680742 474.13718937833204  50.0
730.6726374385178 563.1215194261631  50.0
429.1832418866118 976.4644530862512  50.0
647.619238707648 785.3536672955262  50.0
962.9314757754368 202.82360792553533  50.0
209.32639401624576 215.9907668825005  50.0
813.3052159475203 377.51024781837697  50.0
796.5993642058803 634.3834634751672  50.0
163.97862465130197 436.234242002126  50.0
418.1807113992826 716.0350320825495  50.0
997.8647717753558 323.42054786238907  50.0
205.0031410794827 904.2128713958591  50.0
129.59609288638018 240.26321683494788  50.0
661.7525067205789 512.4799918703526  50.0
639.3730488698809 538.8757985492753  50.0
764.8822771169624 621.1651315903235  50.0
153.27981849414041 451.04481863802425  50.0
278.4484654605313 464.579361229437  50.0
963.0173762305551 864.5078901018018  50.0
722.6095150745977 170.82606450564387  50.0
807.1061811815075 915.3414259715249  50.0
274.3627889295566 912.3404351879473  50.0
245.96161768843294 251.95725133866077  50.0
506.06612188334344 752.8332814763272  50.0
954.8479067220142 444.3714586325993  50.0
274.51850174192873 735.1035380680677  50.0
931.5666347962242 161.82299874451266  50.0
261.85149186656474 44.22242888566408  50.0
569.8384366187285 422.48329029229325  50.0
639.2091861074585 401.8816364243667  50.0
784.6876940562277 430.91248386355517  50.0
75.1707715329255 200.23683548137748  50.0
892.741211719705 262.08187948076187  50.0
843.0968959058014 267.3666588630527  50.0
748.2045761075356 925.1963025774835  50.0
95.05711758863222 571.506921635677  50.0
714.379800633355 146.2138490681587  50.0
464.72263308223603 617.5083395025202  50.0
410.9409975853834 544.87516137954  50.0
37.58462239323279 766.5052711291329  50.0
818.7854780686729 750.2176570847058  50.0
384.0858024313717 218.57226982820777  50.0
247.12930443971615 397.9648653711899  50.0
789.7282577328464 938.183970117644  50.0
871.6183404099093 883.8448646988054  50.0
35.94866222917725 373.58305765853027  50.0
37.576905864816766 208.80550271815835  50.0
86.52687858560671 423.7002852252685  50.0
289.11803465940613 245.25897283334453  50.0
816.5221346257259 740.0590917103947  50.0
132.69063859506514 277.9013510626867  50.0
484.205973029322 116.13702465187237  50.0
872.7407319505643 728.3178108873124  50.0
991.1892838316924 412.9449222397702  50.0
467.5152252448681 559.4974092653865  50.0
101.91584978884383 197.12363188661985  50.0
244.63826530247078 974.5459266911387  50.0
700.9225205371912 26.64783820220762  50.0
488.9421878111856 673.2992066334227  50.0
854.7420166283754 109.26464648890521  50.0
369.1357871466718 111.20320703203323  50.0
915.0510864651529 880.0846141558768  50.0
405.2453874672698 916.7417259531774  50.0
150.6436571530485 897.2812611527856  50.0
695.3643207830339 866.8558426016083  50.0
428.03460182634643 338.6445826689225  50.0
418.0995294143041 594.2140850335446  50.0
273.9766388500331 296.77273617638343  50.0
706.2041962167333 505.85606786773997  50.0
247.89954995320585 16.975802665831875  50.0
847.2377815678155 229.64589503439615  50.0
928.2571760003469 199.5036166191547  50.0
908.6959755013119 273.1368567781741  50.0
973.9943552197036 496.49995048339036  50.0
307.90480859264403 478.86169441720614  50.0
660.8225728410483 374.12299917843194  50.0
551.0746568741649 290.7277291263539  50.0
11.719652852946517 581.5625923122122  50.0
351.2614520197291 808.1097865743103  50.0
142.04511845491442 571.2223081581978  50.0
601.5839192715902 97.39799004800298  50.0
721.8899357349553 348.1249341809982  50.0
227.89739521140183 255.1715446976589  50.0
521.7554023050983 391.63762639582467  50.0
774.2261741580226 272.8338033481024  50.0
852.3827223148905 488.90334308105844  50.0
684.607887446248 839.457683306893  50.0
335.5315018714744 546.9029436621843  50.0
636.6051192013606 837.7550560483461  50.0
849.731631895861 708.8628024434772  50.0
954.5909478466168 437.497329029606  50.0
683.5099909312007 390.7604354560914  50.0
85.01662778423047 371.37849681109935  50.0
898.3195337683202 174.97075202865253  50.0
351.2212053762303 190.22671042858352  50.0
654.3752869954347 850.6342762695175  50.0
721.9445571243862 37.63326209213813  50.0
784.8280446954759 274.1172891760698  50.0
125.55663916877214 758.4832324136602  50.0
217.18335349995533 137.9739288811801  50.0
921.1175697644151 961.5351311171597  50.0
935.5996529814294 183.1081591223017  50.0
497.7345169759443 993.1114048556982  50.0
53.67628271220659 866.3734659090136  50.0
615.2831563231725 647.1257352930567  50.0
224.56860206643591 4.636891314704794  50.0
22.41266933599939 836.0868156234183  50.0
53.743648292649105 456.37288753086546  50.0
91.8553044464041 378.3828619832634  50.0
399.41698324336005 473.1419953387421  50.0
698.4125239111069 519.0644910007201  50.0
446.6873099351255 955.8478649440542  50.0
331.59191989259307 794.508398633135  50.0
223.6121927914566 484.4557447497572  50.0
482.7200003416594 375.75778155115756  50.0
790.9454472654146 654.8941193422935  50.0
675.4582137234916 80.99973679970363  50.0
681.9817635372939 953.1507082962886  50.0
119.00047399903913 834.5540046284966  50.0
294.932587379073 124.11270951842546  50.0
854.8324819103409 467.911234225832  50.0
847.4822998336616 751.4903556600738  50.0
440.7843783715266 407.77328707382674  50.0
191.65130634018456 555.2023559150813  50.0
670.210290159562 976.711934492725  50.0
256.8184291087276 733.8897556387988  50.0
559.4791850782982 743.9765934289924  50.0
139.73242117618489 532.7652753973879  50.0
853.5636616322753 607.1455537949479  50.0
892.5680444908697 100.792924864745  50.0
597.3645622141887 59.72940555855899  50.0
873.5595091525728 616.2325577122922  50.0
899.5109748876257 405.4993292526838  50.0
119.47019124570501 605.8728822382875  50.0
875.7264872730715 517.2271507687884  50.0
575.1341461795805 360.8153567429443  50.0
900.454519901563 105.68770105248038  50.0
172.53177467319225 360.460661695595  50.0
718.2868843845326 364.1887623594503  50.0
690.3381705211948 656.3883969092891  50.0
670.8412183253743 284.5572216655363  50.0
44.60946455307236 239.1096886667734  50.0
280.08483778317395 902.4245516533324  50.0
162.24917739408352 513.2116878436975  50.0
695.70347818736 222.8189103039403  50.0
871.1227428185254 140.2015269746426  50.0
61.96588418999616 601.4845742736006  50.0
304.16539416462706 673.3969700445288  50.0
