1000 1000 50 50.0
150
503.53201006411416 729.3749329389691  50.0
113.7486837093954 731.3235607980321  50.0
949.9165657575597 980.7418840272412  50.0
528.8820080788475 841.498825556311  50.0
39.7817102297624 505.3470645414204  50.0
209.86077514239386 590.4768204683803  50.0
753.1238244336056 583.9421464559188  50.0
82.79636654080646 431.94741541860407  50.0
914.9273067446117 615.1579863138925  50.0
805.6286169224142 460.7847168900633  50.0
533.7756201966666 201.09913001196378  50.0
65.45834103710402 491.80623365027265  50.0
882.6810949762948 246.4971307058932  50.0
8.983296834429444 859.0149031128964  50.0
666.6467754152651 198.40540805164898  50.0
217.44495863922876 336.2335101774372  50.0
700.5745838950199 359.08424726618927  50.0
732.2201386814972 26.329528772977785  50.0
881.4861101102872 541.6370377027449  50.0
513.1680872830896 543.7686046409814  50.0
880.6232921672287 206.12406246020043  50.0
369.07026655564835 324.0227676735229  50.0
903.8485201993855 613.2932599102775  50.0
837.9764252338331 433.39905159183644  50.0
72.86486448554153 463.7324082431432  50.0
714.9972757844849 824.1438538768052  50.0
465.12844524382837 952.1603801091615  50.0
926.0607805795478 582.2158693749973  50.0
616.9272399197965 159.73965011914282  50.0
228.37518075078512 348.91143934229353  50.0
341.95146679583735 231.70634011940882  50.0
781.8189394736713 762.563536195874  50.0
46.78265412496741 843.2777557813027  50.0
980.2041264320853 462.82570081897245  50.0
335.0799626058683 43.711959143097005  50.0
57.336157350298734 927.5909660820635  50.0
583.8439315192862 686.5574087576562  50.0
890.0198475930217 171.38462742512817  50.0
347.9891629071006 303.54537681053574  50.0
108.637609085109 124.10944864988804  50.0
903.5594676665446 460.241306992313  50.0
95.65310170708518 330.31025352191233  50.0
975.2699736208517 343.48578791352816  50.0
703.3690632941071 461.6640865544649  50.0
710.6629034904846 573.8198198187273  50.0
554.4957375434014 19.191782404025858  50.0
261.01460722637285 10.50266649703746  50.0
602.5621390946421 516.7247615878756  50.0
908.2337350930578 622.3954487282042  50.0
223.92911140513138 383.4511046435175  50.0
537.3413041823553 334.896859519798  50.0
489.14013484941376 800.9030515454914  50.0
395.72538979568895 131.28207912605626  50.0
418.5714608010399 698.5375895548107  50.0
503.21471463483067 586.209725403441  50.0
965.8209436801219 172.1012405837342  50.0
781.1167365038385 439.8256100395587  50.0
192.00032751643624 660.2579441895988  50.0
953.7176794064076 782.8067051312528  50.0
595.0731123266992 317.4997632329397  50.0
542.3433598483246 915.8519117172108  50.0
840.606364193554 155.14763835011058  50.0
819.9310917602352 971.54127024814  50.0
203.78141657774384 687.2892322391853  50.0
423.16499088679495 942.1484075108114  50.0
877.2348175532495 14.79018921828712  50.0
429.57783970396093 843.9057620827857  50.0
925.2781663102918 508.0532935412001  50.0
98.62504383919513 366.38577387223603  50.0
72.27065728963822 507.99026019698744  50.0
148.58708564397782 505.07543162202376  50.0
701.3964420011882 754.7087193265417  50.0
395.25882300398064 355.8857344814611  50.0
409.82390453986585 574.7071730345688  50.0
813.7354568499329 462.25153125674245  50.0
217.20160240806706 209.90881110980263  50.0
601.206535593433 848.6412560732067  50.0
56.671464236764166 55.654810180701176  50.0
616.520904350893 148.71022231475638  50.0
491.05719822697625 989.8164567218055  50.0
651.3871754459268 41.995457254867866  50.0
691.6112627379473 421.47439468605296  50.0
348.4257366679153 549.9631868528663  50.0
592.6817133810409 165.15302491125917  50.0
222.8898678389243 610.3856049383357  50.0
792.885479326834 755.3860724396422  50.0
167.7252640072514 748.4362382369657  50.0
211.85218679081652 356.4294787007385  50.0
25.738628601836844 593.5580551929589  50.0
731.3286804297371 993.2260299256502  50.0
297.9978217114546 453.0724075782798  50.0
50.41103942317782 432.26577943974974  50.0
824.1870457961423 146.66080371489076  50.0
766.8975184846324 674.774856226657  50.0
318.49301837455135 830.2655248831165  50.0
260.2324947455208 689.7049105426806  50.0
973.6987850078332 593.619688984587  50.0
296.237811756329 710.2838153998666  50.0
956.5138358575147 202.53051121389188  50.0
399.8046268094808 145.42791322936378  50.0
508.7706127841001 475.2045333280899  50.0
948.9456148795906 916.1050136247659  50.0
541.9692850491704 431.31692971003287  50.0
632.0833868380405 816.7758832764396  50.0
66.75375730293842 533.1914810207006  50.0
380.17834229408743 323.33197078659157  50.0
534.2538630069628 50.37170629271559  50.0
136.27485860706935 121.48540305363709  50.0
182.83023375235797 822.0277217911278  50.0
857.2721892742817 513.3565436411462  50.0
781.609584000136 466.05747104449324  50.0
956.2020115387817 775.0437378327669  50.0
741.3000354642699 389.4050004257455  50.0
988.0222628954122 484.24864317011395  50.0
423.1275080925923 791.0327067592555  50.0
757.9121943475719 814.5696522453546  50.0
618.335751224504 217.1480635781462  50.0
188.28146647300414 801.8650583508627  50.0
593.5444131281123 127.70002899370137  50.0
219.18148169352457 628.1266303621294  50.0
801.3605768592578 363.8240943063318  50.0
736.5345274653317 39.59335956330856  50.0
340.991362391847 367.8285978512552  50.0
23.572437059022455 118.37419880809851  50.0
520.2062591676892 500.4799485444039  50.0
513.1033241349654 760.6374695293127  50.0
417.8499553717956 824.7573658092151  50.0
681.7011584345895 379.4641587381664  50.0
175.2070073561759 280.9127597433577  50.0
771.6398786070877 546.7508526554395  50.0
854.8729319377925 264.58484144509896  50.0
652.3701327764901 516.0874633399342  50.0
97.38564927363701 237.8806588326121  50.0
540.5631641701358 827.3238436193257  50.0
478.72508872507404 152.7522447363332  50.0
486.22314580183235 483.5784051276024  50.0
425.8883581760804 146.65960041997772  50.0
502.09592309309426 512.7311033233902  50.0
783.1008129614954 182.4256518328603  50.0
964.5781844878276 77.98199125464822  50.0
637.8241900668685 47.35270710556782  50.0
446.55812709273636 685.8456560009098  50.0
813.5746619120484 401.0839826250681  50.0
456.0951227333396 454.9911338562955  50.0
515.6656604833208 367.35821968490023  50.0
649.5725242165015 855.6256371592208  50.0
976.3410026071056 501.71860036997293  50.0
963.9338071744093 806.6596454081562  50.0
587.3665486220777 835.4024725672773  50.0
769.8396269806186 526.6801390898466  50.0
