1000 1000 10 50.0
100
165.08640075733405 746.3344467034583  50.0
874.7666568872773 259.0559824047098  50.0
411.7177138549393 512.046015421115  50.0
75.39465048917381 778.0993139170146  50.0
810.0741047250241 313.17405347564033  50.0
652.8463298468961 198.50512634785446  50.0
18.279866298195223 508.8382191673083  50.0
438.63243174767274 605.5537872451007  50.0
979.6212459772511 389.06818084461247  50.0
473.2780462659126 175.9877979231519  50.0
561.6523113855241 79.96685308865604  50.0
454.0647904532811 98.61743536357581  50.0
157.85704354769703 660.3081022951606  50.0
655.3539934624366 923.0509319096143  50.0
240.9112617532184 292.333714368333  50.0
689.9295218926554 225.7396351476516  50.0
560.6905489118808 600.1785012340124  50.0
199.52542100226023 553.8180890333042  50.0
665.5211771135845 491.26669919080945  50.0
63.680424443314564 709.7577220787173  50.0
691.7731999890096 109.18668470090375  50.0
998.287593960641 573.6420858696634  50.0
914.745818335114 630.9650534197475  50.0
478.68406825160383 824.9103440471654  50.0
382.89741621998206 177.32549959355347  50.0
766.8525457599815 121.70547318588088  50.0
67.82341559026229 191.431458618738  50.0
448.2824462568993 523.5015864109455  50.0
353.9874822186121 259.7761621163769  50.0
291.2655549115436 201.47501103451572  50.0
365.06235639274144 498.2972479437365  50.0
429.87735179644636 771.1221898470609  50.0
577.8390010207577 307.45742350431146  50.0
841.6216611448152 902.9163075360433  50.0
410.01343054249475 511.9468862485772  50.0
841.6931801167075 219.33437997361239  50.0
984.7630377685558 643.8268580484918  50.0
848.0386742438898 870.3750155307006  50.0
72.8749856462001 402.3479865806827  50.0
984.8742140924523 594.7260267825709  50.0
292.29140621779857 129.34127016985508  50.0
187.04271540299544 520.0308508948463  50.0
5.287350606433372 475.99327307983054  50.0
343.57233897082426 433.24086892772374  50.0
995.09918165275 304.98161168663927  50.0
676.0225581560164 760.8305212284065  50.0
926.6725454712114 271.36035267516155  50.0
985.6821628630289 38.690826381779566  50.0
800.3007212330848 456.24947307708277  50.0
623.4090992647888 222.8059255661725  50.0
92.27568719111112 889.2961898810297  50.0
36.87903331546216 794.3566820216593  50.0
43.27558083105343 789.040711246641  50.0
532.236263873917 246.68390008403108  50.0
603.0643853471669 874.7317522061052  50.0
450.61665101144433 206.58340152511957  50.0
869.180333712072 158.80297212722462  50.0
304.73936984308614 138.6936841883838  50.0
467.6421574171309 216.13372792691533  50.0
546.7403595312411 309.27631998367076  50.0
215.3027322709047 44.38305059738423  50.0
545.6473822244888 444.47834470693147  50.0
576.3323737101357 279.0991488186797  50.0
41.37252164889627 308.20444226319563  50.0
879.4144640458002 707.9704809724972  50.0
811.825388270145 246.01660824055892  50.0
997.5887987902489 740.4995439231433  50.0
540.7259344336879 594.0171823747753  50.0
209.27856324313555 732.5435166207208  50.0
905.9231800443512 735.4610041183754  50.0
256.8891128590864 839.5804494956866  50.0
721.5018948004076 502.8806920295845  50.0
198.46801956757375 378.2239441078281  50.0
561.6866848079678 569.7988946755107  50.0
508.2674575662351 512.4227894527019  50.0
670.5288454245316 453.6399769804914  50.0
23.651489128097005 448.9466147552114  50.0
118.58809299688045 760.2424517579167  50.0
758.6425312786796 226.1723463422912  50.0
106.29813071010041 340.41339090847765  50.0
308.50268646782354 610.8503848833284  50.0
33.43107378405597 100.25392520577792  50.0
555.0972708274054 579.4436359935974  50.0
455.05281507811526 309.5252509710994  50.0
649.3895040490014 353.79636997661726  50.0
326.58745703874905 386.1123739784862  50.0
795.2665181025031 985.3041450975009  50.0
4.086145417330211 299.68315732052366  50.0
187.9991476684446 37.41989856835215  50.0
310.5214214949943 933.9281386175588  50.0
570.9886563608811 3.2455503478014958  50.0
604.9056025146721 974.3063493042281  50.0
266.05566941093116 713.1224659622366  50.0
198.25750088771377 147.01142687613466  50.0
205.3779945975216 136.54799015432505  50.0
648.9189668449712 924.9108834437744  50.0
447.2857768338959 663.4098426212076  50.0
439.4487980458625 137.501000638779  50.0
893.4733856554872 161.4435381704957  50.0
288.29863410987946 274.45849489596566  50.0
