1000 1000 2 50.0
120
44.563844448841316 622.1913142349953  50.0
343.9137198260146 912.8239747115358  50.0
628.4337334361574 988.1215150605602  50.0
493.6880240924269 723.0018466562001  50.0
267.19205721274983 90.04334699317818  50.0
480.5071452778842 860.102399233462  50.0
692.6933493708398 266.2577539428801  50.0
923.505429982524 726.954899707691  50.0
698.1899665836713 79.90949777103395  50.0
609.4319514474342 113.08068537984784  50.0
413.7582828757731 17.254535262867464  50.0
563.0105254537262 391.5266210953833  50.0
55.45020776157161 663.9025104421952  50.0
920.3859624395135 940.6372569638313  50.0
135.2610258708067 956.7206968492509  50.0
440.8921919581432 693.6277129650356  50.0
260.60629601815765 477.2506158523829  50.0
649.6044676034219 727.6092954126289  50.0
74.85198486794775 651.901867594144  50.0
541.6141815385466 843.7581954669307  50.0
594.5434722182964 154.8524061130979  50.0
498.6919606685933 161.60717815863123  50.0
184.3308793081946 771.4982449533157  50.0
569.9804014140559 852.9791535621349  50.0
677.18945926716 473.4593031448736  50.0
550.58532013172 274.8702129653245  50.0
695.3857568744547 480.5631498163703  50.0
355.41004109992656 925.6292297078503  50.0
56.74110503397323 640.8914112221197  50.0
30.30469422486981 845.0701704018306  50.0
261.09647491200184 546.8881429109317  50.0
368.57817395429106 306.6917630012709  50.0
443.48344237149905 423.6937092874402  50.0
508.1479253857696 908.9689564923797  50.0
853.3583087203218 975.2813846998807  50.0
73.07830323501585 462.71931355166976  50.0
873.3572237385251 54.63809711597334  50.0
392.9854704638021 392.8363689609641  50.0
826.3824985948958 236.14516449676725  50.0
84.76335627745557 725.2214801107126  50.0
336.43123007648836 111.47800522847851  50.0
813.3113014055999 113.5344355596788  50.0
806.4294038333519 404.75918390090214  50.0
361.4209486757562 775.4221909371782  50.0
655.4356573166613 808.3617904388736  50.0
233.70664579623835 654.174449264351  50.0
317.93112773859957 777.675512826667  50.0
895.4394593313912 599.2931731382031  50.0
649.5127386080037 391.3108893274693  50.0
404.3725064853235 868.2532062765446  50.0
306.1593041851174 782.6316616675168  50.0
632.1209692195803 791.7692514720136  50.0
868.3410024996524 579.1693315052122  50.0
491.3872012757924 16.174181635933426  50.0
966.5947086153334 248.38787413372933  50.0
586.2976866936617 339.0522191071612  50.0
431.7890942001551 241.43056260844543  50.0
485.3454206982637 788.0603793501256  50.0
541.1546299014285 350.89524076656676  50.0
379.90750239613567 257.9092815005133  50.0
760.2559252258683 754.3480671307859  50.0
236.03463506682166 716.765076133671  50.0
991.4345690819548 802.2002682813279  50.0
673.1854977621247 720.8722868977949  50.0
230.85289229611138 726.7358378891761  50.0
710.8056692140418 734.9863090442458  50.0
709.1202088591788 98.49291452388742  50.0
212.12741526241763 546.2443630171202  50.0
44.58474452298344 36.86511517548408  50.0
324.2930302319766 880.3917060873557  50.0
673.7261677124769 893.7035379286866  50.0
464.88116186320474 181.8195252187994  50.0
839.6851005237517 371.8635541494197  50.0
437.14187367213765 402.65991985948233  50.0
717.8174750631155 815.0557340098694  50.0
69.72309145714829 561.2222706026316  50.0
836.263216855464 711.0229678526567  50.0
371.39739469686884 776.3446896063109  50.0
809.8704676102534 286.9808430496541  50.0
567.2746981586396 461.772864896998  50.0
547.41783803634 444.422214181862  50.0
540.213119853213 373.4680376351229  50.0
514.9288868113101 179.80049801860676  50.0
139.6165034707929 242.78482249090828  50.0
341.9746624983648 68.27111343020198  50.0
539.5342808424388 799.7484987981218  50.0
43.211631757377965 349.58357058661284  50.0
328.95504488850656 93.20071115640683  50.0
394.00363471525435 648.3818529763174  50.0
299.41261929645935 148.371149756095  50.0
546.8286701231351 385.5836532912137  50.0
958.4994136690167 167.47267005378143  50.0
804.2722029694417 493.1741457099472  50.0
642.6086176697969 675.2051355735057  50.0
574.7607791309804 131.66332396339618  50.0
728.2034355987875 238.59372041292028  50.0
928.7908796621248 727.6202187935819  50.0
848.1377809298043 649.3752889910638  50.0
846.2599097814872 798.1115465443397  50.0
208.02993503758316 747.186264933837  50.0
199.60737028989627 709.5360707126819  50.0
67.41680769160475 383.09414342389636  50.0
752.8261815660246 730.2602979310154  50.0
201.39309411218088 375.55395215725963  50.0
973.0054515298002 479.62514026906564  50.0
690.6663425356903 694.6601527204067  50.0
248.9176974166154 150.306886742852  50.0
701.4353845934684 525.6031304849483  50.0
190.26490180924193 686.6806988101331  50.0
11.226081099410813 308.5290073258077  50.0
41.54964059429356 438.7479120863299  50.0
912.795136483454 329.5402394639921  50.0
886.1387318578207 679.3531764037548  50.0
785.4389122297133 946.3636140162585  50.0
238.93870171000265 771.8314399684285  50.0
61.5211984941908 72.25131086068536  50.0
830.2038472541577 705.8885469869778  50.0
535.7600699540435 112.96968100165638  50.0
868.3491262159419 181.43348699682028  50.0
965.7907022910739 154.26978557720173  50.0
