1000 1000 5 50.0
200
963.1539746033326 429.4998600662161  50.0
125.7427564093968 947.5483331598845  50.0
868.936245926091 380.47226237135936  50.0
457.205448428509 732.4059925735205  50.0
560.8671398161061 791.9740475771807  50.0
25.73987219665741 958.8996878160095  50.0
587.7355933052191 917.6712926024755  50.0
340.0118409240016 979.0386445623257  50.0
811.155727707304 414.96812239812596  50.0
954.4030301553482 795.8246068121374  50.0
915.4653293664664 911.8864220999822  50.0
391.1222237162518 177.37321617804892  50.0
728.9350264244938 717.1426207541462  50.0
682.4805159336826 507.8758511672581  50.0
224.23875794714843 761.3428438709999  50.0
843.1754772673779 112.24841611244862  50.0
895.2373943193784 412.8813187312489  50.0
427.1556231404999 987.6034201122238  50.0
317.4791468083608 899.0414702126615  50.0
949.613471686624 102.22023179728711  50.0
91.42185023431304 680.9630417035363  50.0
361.88182834036985 681.477677404972  50.0
40.23400123562937 280.552679685534  50.0
955.4843195398774 190.25204993452306  50.0
488.1323190684035 738.0792698684062  50.0
41.31824012963703 42.57289092912031  50.0
680.5662931533055 91.10968220269966  50.0
500.9238700264713 421.86789333343813  50.0
924.1605193499362 8.604503108243012  50.0
839.0211944674811 978.9170880179923  50.0
822.1782096590072 988.4072826732893  50.0
679.9716240337929 589.6757288912662  50.0
60.3699750054989 332.0251451283006  50.0
745.5485725159316 801.414803223673  50.0
558.4243446153649 447.51246811449397  50.0
227.3775215264141 73.16612144796441  50.0
443.83729451473465 899.433415603831  50.0
124.63295903206817 425.248866842311  50.0
227.87020267918012 24.29320216788056  50.0
556.0554902076237 652.6934938254975  50.0
767.3669686730892 860.4923408588028  50.0
275.07983758673817 828.6672074182414  50.0
81.5523657105458 603.7713080416473  50.0
617.8403335699438 426.54542424446896  50.0
859.5359717125262 792.2783243586837  50.0
896.0472163245041 23.061449837492255  50.0
542.0965411193267 949.8060696838112  50.0
810.2040931416714 210.00683164653822  50.0
190.42440955199035 471.40736989137423  50.0
803.3626942746363 38.24308106757668  50.0
964.8498793444536 122.51469297827988  50.0
401.5881575722244 45.32483029274215  50.0
928.188373267721 640.8511085414759  50.0
494.5346525005071 676.8237043838112  50.0
61.18348945078256 579.8356830740943  50.0
198.0072608139124 701.4808284946813  50.0
831.631457622035 712.8492313232051  50.0
410.11325972223847 41.60548941518738  50.0
394.1218902162629 29.641600014764123  50.0
423.5817389004589 292.67597322365424  50.0
513.930976080812 599.3242476091385  50.0
989.0579394470534 89.88819728900998  50.0
606.4551841331347 348.80752444945875  50.0
37.65426953628226 394.4362844866998  50.0
862.6751458937833 111.20488064745516  50.0
865.7675023322452 718.5988807567439  50.0
291.4903862220941 135.64103249130687  50.0
961.1473820404765 286.2434843570858  50.0
651.3678334614052 618.0645790984082  50.0
806.42901712051 134.15061622854452  50.0
666.5982836790134 712.080510693466  50.0
934.8178053973043 199.5982594289736  50.0
627.5564406584197 909.4810013972746  50.0
232.34185484055425 510.93658366574857  50.0
459.711863372384 642.0677517692462  50.0
982.0642027274677 700.4215518018648  50.0
612.7398725151737 449.5231232378677  50.0
427.87297216214137 192.365411674547  50.0
668.9326459581661 82.5009095183098  50.0
698.9442928767395 584.7008036290746  50.0
399.21248730176575 465.7719963472184  50.0
780.6999952583607 938.3446178401776  50.0
105.40123930169432 533.1745060938698  50.0
844.0576317647424 916.2868024899026  50.0
479.00023180860876 564.2813096566052  50.0
651.9978943928008 973.1177263687299  50.0
879.5882786099713 802.1124732153644  50.0
950.9504788735499 85.7479110587126  50.0
890.0453322550587 811.8843249319254  50.0
724.2260266512461 837.3618260206784  50.0
241.16199890877033 252.70027226101433  50.0
935.6988799578663 19.187425188142647  50.0
714.7959745876965 477.25321130871845  50.0
924.1711954745482 298.4515601851667  50.0
432.5887190265892 649.0229912661573  50.0
922.32611568498 915.9308066267512  50.0
16.356606992430024 872.116941012898  50.0
268.90372047912956 822.7959917041934  50.0
466.62254977510463 165.81483046241308  50.0
758.7109676612055 143.98852703774133  50.0
247.35602108832632 984.0443444072114  50.0
232.30199485841652 364.15425233933684  50.0
987.8404192236492 379.42697124112266  50.0
945.6430335094041 172.20136639661754  50.0
416.6885838570176 842.198136467194  50.0
479.80224818017456 471.83662065584474  50.0
628.3788395160724 306.21963505688734  50.0
951.6809389572654 667.9737459722221  50.0
549.2854265983012 807.4665500795423  50.0
69.0298486898162 972.6970648765962  50.0
518.0285602815727 804.7846193494903  50.0
136.4704609119024 139.50196132074976  50.0
224.07159626513305 228.37851492654138  50.0
463.9678720074305 730.8235294023128  50.0
858.8433021198613 908.404884409835  50.0
755.1780742043154 751.4031115640234  50.0
225.26565509366293 154.2089800965667  50.0
960.3197993198303 238.83218781504112  50.0
724.4190355872099 904.1569343757928  50.0
766.6965410985079 192.65132961130936  50.0
592.1775327158393 46.6802223267514  50.0
369.7221390105901 44.672023017670035  50.0
493.9998278003935 225.06279725159607  50.0
418.2787640539649 725.7271468488582  50.0
602.6614370451972 681.665685863773  50.0
60.46352935556554 267.8458455677968  50.0
581.5666699310125 471.69729498260483  50.0
829.256081252021 795.8868428256084  50.0
475.3796355739355 682.3025609272977  50.0
702.3662428867389 708.9541183092851  50.0
370.0653449601069 129.65732652269458  50.0
46.49726262773357 829.4572334796289  50.0
826.0335929969325 374.91914757314095  50.0
313.4868214152348 306.46778031621557  50.0
510.92981602077856 799.2991007952563  50.0
294.2645721823005 100.06303900638191  50.0
162.71859717577243 909.1836515249341  50.0
456.291531348352 944.6362072845735  50.0
999.0572766551142 4.149796615894097  50.0
391.1229382508036 791.6922178581545  50.0
955.5582625008839 833.8801980010361  50.0
680.9633459397131 866.4368962671464  50.0
683.3909931358393 894.3997131376813  50.0
556.5586049508961 637.5063111181954  50.0
65.7749160049913 569.718583445609  50.0
563.4964346800225 195.47267661084976  50.0
123.26750486209292 411.8811867213868  50.0
79.96362686218073 763.301325299935  50.0
569.3523819458526 470.5841248853047  50.0
936.2345609937291 320.7231616518218  50.0
950.6839926047821 732.9407326723028  50.0
574.6422001822873 614.5259519456646  50.0
260.44732667367464 414.6335233234504  50.0
158.5095100101158 148.05616107112095  50.0
148.64249236961857 55.61030776647413  50.0
789.4953339704269 95.76315126395608  50.0
369.7052846204099 116.64316794840613  50.0
525.0359550246919 472.40585042275217  50.0
905.7270105224565 47.48433827247611  50.0
201.0397876692064 301.58127978200446  50.0
282.6377879966453 603.0163265592076  50.0
159.71881736418746 974.5236189025331  50.0
957.0696293491636 520.7084168421235  50.0
858.418054186963 467.6611692317882  50.0
293.2167284838686 540.8550454881333  50.0
992.5295506227646 596.2078777794644  50.0
571.862262191677 150.4861118105787  50.0
204.0550688622428 21.10526959100256  50.0
677.8423809584028 362.50333108318455  50.0
667.1075008402945 297.9191156365633  50.0
597.5698716609903 303.5101424565305  50.0
842.6181032177157 858.8352262447579  50.0
624.8410461714403 376.9678756143705  50.0
476.7425873257999 452.6865498980525  50.0
221.00169831001537 292.7239390798192  50.0
480.93641044424396 232.9841308488706  50.0
804.6487945755322 309.622281268597  50.0
676.3956121591034 380.21244472302527  50.0
356.39663364203324 624.8204002407215  50.0
511.5363290137557 872.1894805846076  50.0
615.8375736957682 961.6013952743406  50.0
768.4124803266853 775.080467094219  50.0
820.6789793638702 56.883202916599984  50.0
962.4483890098982 217.69345046416555  50.0
392.1397216517486 930.2916874691623  50.0
609.5883032486644 32.97424803956661  50.0
706.0408981228685 528.5778877020628  50.0
785.942865182602 903.1564612226787  50.0
105.62736529541827 582.3242460983436  50.0
437.2381072371605 728.8126176727092  50.0
610.0077603838841 286.2982312705301  50.0
708.8494793999228 857.0903419822333  50.0
351.20278282377046 720.4762710036308  50.0
161.93002278540337 750.7073159116849  50.0
633.1425958278347 765.6745694298097  50.0
117.1180913840646 656.8174651044546  50.0
647.5560975727797 635.8877070455973  50.0
524.5372068412713 843.6499679369444  50.0
304.54614450067174 48.85006727731589  50.0
697.2761772624979 12.861906547981805  50.0
