1000 1000 5 50.0
100
312.81693742138293 349.5504539873173  50.0
282.1150352501568 365.1620945382701  50.0
871.4385437923096 51.67488622472671  50.0
402.79990215034167 30.284382353003902  50.0
14.271658344375716 357.4567212138765  50.0
466.218516050383 701.8229577911774  50.0
242.62087163525769 533.4191456744678  50.0
897.4030172055853 344.11891851802676  50.0
372.3553387943914 760.119448094317  50.0
981.383656812298 509.6713765523798  50.0
463.2807717141046 596.3010000789843  50.0
15.473126820291228 864.5997459235555  50.0
363.3502469325879 987.9144825807122  50.0
538.5630056785764 951.2511967463644  50.0
245.42949271518398 435.3204769653325  50.0
113.29302808267838 356.4413745742652  50.0
155.93457326949223 800.1489049566427  50.0
794.1798850990712 962.6044430790676  50.0
517.5110644529194 632.7055499895715  50.0
853.2697815969232 499.1685893123989  50.0
732.0253740623638 831.4792388891678  50.0
554.6047573641939 182.76140012291032  50.0
515.4906816254013 908.2182022054021  50.0
769.7696627462443 837.3890602742482  50.0
363.1512975814286 125.20704299182894  50.0
9.013074696236467 519.522244984705  50.0
590.8008596112566 295.79115727231544  50.0
5.912626267560284 338.0605078389354  50.0
727.5113668190875 94.85823889483646  50.0
338.28040039102757 855.4363612411987  50.0
645.3017644044298 312.9014203952092  50.0
693.9825269781775 183.6588143872313  50.0
702.8759469298776 605.4523865322674  50.0
297.5716492100577 647.8857506743713  50.0
353.41207780530345 939.0867298092388  50.0
702.1092985167728 680.153165989042  50.0
120.4864168444526 115.86813598255652  50.0
620.2803303730141 427.178560732544  50.0
581.5663752816755 470.0116640988872  50.0
719.8792956862261 408.6946684913609  50.0
15.10941257503784 73.71113362733206  50.0
340.9741272607987 446.5591964034801  50.0
665.1554297720896 563.488857964509  50.0
905.5301736239194 999.9245136747423  50.0
156.40234792014175 4.090604514298324  50.0
385.00307715857974 988.0412802946945  50.0
453.1058286269698 43.862511309589514  50.0
567.3865168376412 159.80811759834768  50.0
896.7459534261103 983.7108812386385  50.0
22.426677698370035 77.96938571476898  50.0
280.2547879688284 281.1595772067472  50.0
602.1923454635495 825.9012844498815  50.0
620.7006659731736 441.6841235803778  50.0
33.915892758040414 616.2162759374683  50.0
277.6767826350024 211.41546343843197  50.0
662.9968980488486 582.9547807675634  50.0
331.2424682825433 478.4704470581177  50.0
686.2868240605143 172.92147758490617  50.0
681.1180324463767 314.5802664697003  50.0
279.2499299743443 716.7636788242592  50.0
157.93497345930362 144.35187599993648  50.0
865.3216114481211 956.6775860354285  50.0
47.695112788261 116.41187336011838  50.0
401.7626064445622 535.1672803462101  50.0
822.1938083530744 368.8460338180609  50.0
963.5334696368843 708.0708087952985  50.0
541.0140357206856 30.76194302159374  50.0
95.19057933788655 835.1064636442211  50.0
344.7993979471901 482.4661723526187  50.0
370.531685196045 522.4814667370161  50.0
694.8659876478948 608.6614376053135  50.0
350.69499156827413 644.6442876814943  50.0
530.8146143403088 522.2335796309476  50.0
663.6430121710155 856.051190111355  50.0
315.655928203272 510.6116036658804  50.0
241.43828882364537 618.8561224612554  50.0
17.063474487581054 762.3487965444182  50.0
846.4455955688713 218.7227751051084  50.0
433.7203481381828 768.486693906216  50.0
893.570470573799 718.495921569325  50.0
917.3271192972909 161.42751042588966  50.0
232.8718834763185 308.25916218014646  50.0
463.69053243200466 153.4549922529931  50.0
995.3624590472738 50.34434746124094  50.0
350.41325079952435 667.7079360093679  50.0
824.536455863564 589.1475094163568  50.0
984.057395443829 716.3238742726221  50.0
817.1426725554222 998.1453876808206  50.0
386.2554462472877 573.6354846997613  50.0
278.9452978992571 570.2948742481324  50.0
796.0941970702002 816.7156072385878  50.0
964.6930571800259 23.037761195637497  50.0
195.1985184160514 361.2311079512047  50.0
816.2427811060521 285.42161837801495  50.0
172.2935867089902 207.47994223512302  50.0
338.7608792695529 762.3868068125681  50.0
435.62599078485556 729.6496744753977  50.0
662.1521723768055 730.0588331903157  50.0
454.4747848048719 990.749763023762  50.0
23.34233159471144 305.923979873326  50.0
