1000 1000 1 50.0
120
595.0426761980585 420.1252326293433  50.0
214.77223019979164 883.5399506362263  50.0
38.843200226821416 613.5106140037112  50.0
885.5998134685381 16.939356167301355  50.0
761.0272611778616 433.4094770516229  50.0
502.1139521056437 14.033349876786838  50.0
334.33336775061815 322.5097952420275  50.0
460.7916252175468 419.33322418143035  50.0
95.32977402841148 679.084921365941  50.0
502.1420947165954 66.5996968142063  50.0
783.1255122863008 709.9585681817553  50.0
49.68633337242323 146.74361474011766  50.0
682.2026300179166 765.4727423138058  50.0
87.49649853397568 537.8965241357562  50.0
447.8662956171663 851.8023283152899  50.0
665.4370496922307 960.6698146009493  50.0
59.41209577372519 509.12255128508144  50.0
403.47622581108834 655.4103436181856  50.0
893.9606981014591 268.5512206544569  50.0
429.9124071374535 443.29953196718265  50.0
743.0119409381746 456.45039506048647  50.0
33.08736624344832 229.43192214026053  50.0
704.122131639286 201.5871836089026  50.0
932.1341370868864 233.5480203821466  50.0
271.70925918837196 118.81656546970221  50.0
479.5344324526012 492.8858822721032  50.0
623.8431768371752 292.3641227361833  50.0
296.7365817514169 471.6543550212305  50.0
55.9789035573639 862.4496559176273  50.0
813.8120034738519 932.9202728383598  50.0
747.9427429698662 730.9074977165442  50.0
935.1043920757359 581.2410823358393  50.0
567.082746300862 644.6230680380266  50.0
585.0526374335888 368.16286126344056  50.0
408.34634713388476 190.01922220047763  50.0
201.84476945243622 767.7436167405936  50.0
651.1498282673704 37.49016055795285  50.0
341.2873763504012 775.5500091626948  50.0
673.2554527535208 111.59467397210953  50.0
429.2503897808281 862.1152998243479  50.0
3.474002896654005 230.98445969902514  50.0
358.2752442252857 620.6347563278965  50.0
617.8621540518324 161.45755861431255  50.0
62.409301139701114 388.7147863489494  50.0
88.18486413291326 956.1908177251391  50.0
424.05757706740235 695.2798777133568  50.0
776.7657054408355 919.1192080517577  50.0
867.6179857604288 986.2816799668919  50.0
38.44864533398806 520.5943487446252  50.0
776.893966000286 716.64272483555  50.0
438.24677266157244 118.86831792812336  50.0
436.754093636483 560.9069115584309  50.0
322.35510943095636 396.6127378037857  50.0
544.2356446443926 191.35765344547528  50.0
690.5559418811212 8.597712644254685  50.0
460.26465847614173 799.9038203722192  50.0
209.6467374398403 54.81871512692638  50.0
280.3927368424367 298.8224689070308  50.0
380.3726392487177 642.7739408478155  50.0
491.4263703896851 925.4866022333856  50.0
324.4463622396544 983.2585523101329  50.0
450.5516951123016 797.4952201318418  50.0
393.5906618419323 175.95632745412894  50.0
174.5341854044391 817.1619434420783  50.0
819.1396515760574 84.27321586171344  50.0
958.798936112043 208.1074233265343  50.0
918.5866885719034 473.2716053637143  50.0
159.674227800773 881.7403332630463  50.0
954.5687585681947 890.2279231378523  50.0
67.80723446976621 777.699964446508  50.0
602.1278900221869 604.2502388661559  50.0
176.73758573737564 299.87332811469724  50.0
121.69292527980546 289.5569074297476  50.0
307.8408589111603 978.388201196455  50.0
758.074938734999 36.43097167774445  50.0
991.3308742025303 528.0228505762699  50.0
589.8729760303688 704.5292788118089  50.0
222.73579597062565 544.7621632943911  50.0
39.03672518392265 595.1395551403322  50.0
215.24024771609885 184.76890808026903  50.0
516.9354189521385 912.1421840101615  50.0
50.511440099553994 303.82824517957505  50.0
231.1330734962792 505.84810757245725  50.0
194.10474426951674 700.3619559698332  50.0
6.172518774135827 949.5479044096696  50.0
686.269730379248 301.3988486746266  50.0
82.02129277765447 85.52133597166211  50.0
444.95535235586556 358.4261184248296  50.0
245.43484164991025 795.4207452814422  50.0
525.0382691142291 978.8357662851934  50.0
322.3435957092606 899.3556761782867  50.0
366.27613706274053 608.7194844857647  50.0
13.472210327045818 768.6701243810323  50.0
32.21336526052232 404.0539638131505  50.0
290.75078068636907 449.31794777811217  50.0
193.24351160617726 779.8579832519489  50.0
88.67941401303025 835.906137682386  50.0
139.25969442685414 810.6918882428104  50.0
822.6590527063024 710.889408490782  50.0
420.7999977289333 570.9085562941033  50.0
345.40309552320093 269.06385393556286  50.0
812.3222725341967 949.3544603872281  50.0
312.89590826544287 84.4216925626674  50.0
167.21870290242137 950.7585411397816  50.0
572.9657502834547 344.5923997464462  50.0
391.40744232217315 4.835124123237389  50.0
112.39146028484437 577.510808483747  50.0
200.81485030501 344.1669913223725  50.0
302.5634460379497 25.61542214258794  50.0
547.7889050638831 83.22304464708009  50.0
669.0714785011968 284.79550918381403  50.0
602.4603883503097 233.4044072678032  50.0
177.19311587809938 818.46884876238  50.0
957.2952061050229 522.8019840414538  50.0
73.10815626427669 481.58612807119385  50.0
286.55820200267846 554.3871474020921  50.0
649.7661153994734 245.02246557646967  50.0
37.134535225502475 532.6468050248099  50.0
916.6853187618908 897.7302313221887  50.0
853.1319750053051 516.2126435765826  50.0
