1000 1000 5 50.0
50
279.41265564041737 721.905280921208  50.0
946.5640383596395 289.8559496235703  50.0
359.2329717446213 451.7551885231814  50.0
269.1444231729068 492.71989946090434  50.0
312.5786921458239 477.5404903358125  50.0
74.25744572848126 950.5152288033879  50.0
698.7140600410593 274.35943024724395  50.0
979.4842706844378 454.2606055635275  50.0
206.6160245840828 476.23022956272496  50.0
957.9083149654864 776.8269896789221  50.0
839.2997507696682 791.0122534439795  50.0
790.9158051471115 73.88233603825267  50.0
619.049466714562 128.4707624194854  50.0
548.0205575207895 304.51349662374474  50.0
732.2868155735233 361.4372775335395  50.0
266.839269233915 52.903512344257834  50.0
486.90930929697697 320.68221931284023  50.0
476.07016693063497 953.7313690248079  50.0
190.2842308637679 336.0301721700302  50.0
455.3040769539396 776.5006738019033  50.0
72.68413877624513 879.4125311631094  50.0
157.7242889166066 107.79261917408422  50.0
678.8018535083575 639.9659915775378  50.0
535.2271212859424 485.47753391182437  50.0
729.0846753902387 666.9498337103097  50.0
600.222827263634 785.2085113590597  50.0
312.97849440896186 53.16838776832322  50.0
934.3518419220574 637.0599818542435  50.0
417.77493780215656 999.7500297490232  50.0
511.5789866420728 658.9622414516854  50.0
219.60518484033054 2.5469524685630685  50.0
641.6041506757953 333.6232911010725  50.0
267.2267917647757 331.08544060506495  50.0
559.2547400319303 426.9171403752572  50.0
674.6002239132479 932.9087773895315  50.0
686.5017479674309 948.257696490537  50.0
704.854480490945 389.32083952016893  50.0
875.967867783692 787.2661250773476  50.0
676.0920479045424 572.9505795271477  50.0
8.272711874078077 326.0783707288951  50.0
948.5850526765528 213.22334215012728  50.0
160.2863995116286 522.9290780365166  50.0
863.2664427600531 662.7377866015876  50.0
187.33997511393875 190.18666947414  50.0
893.0211293881345 775.7120370606713  50.0
969.6669940953294 448.80413970124664  50.0
941.1338946448575 959.0764301309839  50.0
761.8276832107355 631.1881469750344  50.0
675.352186531677 137.45401769104382  50.0
53.593439162630155 225.7792745138647  50.0
