1000 1000 1 50.0
200
108.5446584507388 815.7008481270351  50.0
244.3672020489559 845.727221302962  50.0
592.0585278471145 993.7228714507344  50.0
954.2886575366099 308.3947315924445  50.0
922.0747092505868 395.28458419853695  50.0
216.79397770653165 74.6209554034054  50.0
168.1074513523303 835.1079481457086  50.0
707.6241188584899 829.6552714011507  50.0
479.8795165195272 108.24612577839565  50.0
269.0089259075992 269.9897756192682  50.0
396.71254724508185 202.82961648131203  50.0
65.71853106501003 667.9125965775389  50.0
569.5465054065875 169.43716274051434  50.0
646.1908432083746 463.6728614998789  50.0
68.22616460806663 727.2001960271724  50.0
398.2675096989038 489.2919816402108  50.0
25.794356659188722 992.4134580919476  50.0
483.79735935226597 374.3443411918861  50.0
231.88247993474198 552.3382682639759  50.0
712.3430390551217 661.5704166960425  50.0
428.89170978898807 475.0498882052735  50.0
971.4529199052321 168.97357382293933  50.0
487.5083131780317 745.5933288686485  50.0
769.4369081826253 175.0912810112746  50.0
342.19933222598877 49.376669150314136  50.0
166.31177544967278 75.42070989413807  50.0
552.6857323732055 785.6451128303958  50.0
869.557396402537 260.5172583852544  50.0
623.9919647050872 687.0427786693574  50.0
553.5526094701469 100.07383445465967  50.0
765.5223534679402 445.6830897143347  50.0
525.0355815682668 82.32816604133441  50.0
598.7163399765764 301.8134215303496  50.0
701.6603083012479 354.4336588305567  50.0
433.1860503805649 638.0729563180946  50.0
496.69714137904 136.9693293934352  50.0
122.8414733260641 240.50716782260173  50.0
610.1520789656408 744.552430759582  50.0
186.35982545730877 36.91627223863303  50.0
915.0562668416079 234.55737556845423  50.0
830.4573867192004 803.779366060319  50.0
597.4031575022694 27.232961648808395  50.0
749.7735777012911 544.9092832836776  50.0
459.18783386304807 193.04920470289954  50.0
93.77877483860586 988.1581237601704  50.0
826.2293657668006 486.89423964122483  50.0
788.9686158016226 920.9072496083977  50.0
815.933863473566 623.7806617166401  50.0
483.7095438603951 890.7387346518882  50.0
814.8818561618642 737.009728373751  50.0
743.451362762716 134.600897206421  50.0
892.1009605545928 437.28110716640776  50.0
765.6247237871065 467.94321026656513  50.0
531.1109372007054 400.02470835414437  50.0
806.392494042942 264.71057202831804  50.0
502.30451570192827 948.270149111622  50.0
715.5259310535944 589.7510260296374  50.0
916.9549079576736 669.6588874991114  50.0
461.02779954053995 7.1048867200275145  50.0
505.11617383470843 708.7425930341417  50.0
291.7265618477267 580.8071957108359  50.0
941.9103100214281 9.500511101227183  50.0
233.91679526908104 109.2499831467254  50.0
610.1708682700107 448.0482219218003  50.0
947.2230791269599 689.8141345353856  50.0
532.1396367629934 491.7981456129098  50.0
575.2156656330353 297.395492889455  50.0
328.88949919078016 748.8723368974626  50.0
117.90847691508766 178.61334285234443  50.0
973.3730947990567 530.3565229772474  50.0
26.120480189355533 512.903624353827  50.0
791.4736073809524 338.0234097331355  50.0
171.78444132242566 972.3634824230727  50.0
635.1602711981296 11.44277635611768  50.0
83.63716894808081 524.1275704368131  50.0
402.8282041118476 120.9342917209325  50.0
354.3281801150213 62.220690961211744  50.0
114.12823425473806 76.60891009301096  50.0
422.8343416589029 230.24546422526814  50.0
560.0692347135782 338.78271184223706  50.0
515.1702838139579 101.92766973425572  50.0
143.9022715565509 61.337184938287656  50.0
386.7353382791532 223.45614372742838  50.0
904.2715908463844 477.1380525992446  50.0
651.2399701299529 889.7177847388687  50.0
869.3453684865192 343.4145668480856  50.0
904.0055737184096 425.94300526508664  50.0
829.1141713573834 805.0399352845556  50.0
551.5337096358697 676.9401723676482  50.0
332.7729512599006 104.9422870852551  50.0
244.59167581388908 868.012199077109  50.0
219.07819731029144 673.4154167884824  50.0
78.66380054917998 494.8125296637412  50.0
269.7987070655965 261.8869227038599  50.0
273.4684274777653 923.8112902998031  50.0
639.85490109399 951.7406053912249  50.0
872.3429128787391 940.707349113017  50.0
562.4683108854841 65.07935061942638  50.0
112.64997471766924 571.0348549416404  50.0
453.6191304736241 231.85332627622378  50.0
509.9608047294607 115.37831532310328  50.0
947.3368194071043 126.56763416919014  50.0
371.62130402093294 491.02303716029195  50.0
581.8246373128189 677.822830476363  50.0
409.4098494174441 652.5327352977005  50.0
826.1461518214546 875.2301134081366  50.0
356.34651785906357 75.65955981122474  50.0
888.1778675021783 650.7829023178452  50.0
9.314972692110235 32.15647378632225  50.0
276.75902141827936 695.5550039142441  50.0
917.0099490559044 657.4751475205923  50.0
404.4460292732378 487.6346049425728  50.0
11.825003796351098 618.9975857928398  50.0
612.005387593313 253.4929318109187  50.0
844.646411807976 529.3628169987617  50.0
871.7560254650356 62.52486251166878  50.0
723.1210173095062 117.61484205149841  50.0
84.09778472929386 763.2881956899673  50.0
976.8169802777428 570.311344024501  50.0
320.0402131869866 10.007245330834525  50.0
776.79843853617 385.3975556206195  50.0
582.2716944227495 199.19550351806603  50.0
422.48624237100495 543.5628775284291  50.0
658.2855838958072 738.7910745437956  50.0
775.2786756501634 794.96268933582  50.0
421.30738457359394 705.9880422652936  50.0
566.2576356860037 383.60122627258977  50.0
498.24214106565887 614.9851753816312  50.0
634.407118411895 587.3358385374781  50.0
568.5892551496727 712.1635016788172  50.0
762.1228803006642 38.37691521462227  50.0
684.247314338417 943.7424924717814  50.0
666.3930804039297 907.3219123520839  50.0
907.3590023845826 499.75391739088127  50.0
876.881765208273 683.1753805911968  50.0
251.82204577220534 628.2118589416286  50.0
686.2485022512528 462.4722942067164  50.0
383.81899139819285 234.64581322315624  50.0
93.38871284994966 372.53434865512503  50.0
787.695349822196 634.7031849745124  50.0
676.8814174541371 997.0542825045486  50.0
135.74185842555087 711.3169027573684  50.0
633.7821177838894 446.6168937606817  50.0
413.9132285409759 642.972111683909  50.0
798.0003202972688 22.429152556364464  50.0
950.2427996988229 315.8955990662682  50.0
312.8529360937982 258.4463473914184  50.0
868.688214641258 510.53076104208895  50.0
773.9859664542606 495.24528889649855  50.0
648.3706799266643 961.4492722998948  50.0
81.70873764333486 38.40903973494581  50.0
406.64616151571784 429.890486167953  50.0
945.8866339925015 384.852542813673  50.0
244.17420134882994 999.4080926170608  50.0
971.8892283924073 962.4317383029596  50.0
491.1258897550583 907.6429770388734  50.0
522.6931891329538 321.3438395420437  50.0
975.8994823772598 361.03007778204767  50.0
100.08989446638705 740.2392362097635  50.0
501.1886892386952 944.2860953178218  50.0
817.0502154378465 765.6307189341551  50.0
556.9751750427379 432.8141903670184  50.0
643.6496485342234 290.0990812674369  50.0
925.9932192839424 43.700532590289164  50.0
500.55927510939546 392.9585434884717  50.0
244.44149261010284 419.7671411330397  50.0
946.958958823167 316.45921888586327  50.0
769.1926345647317 931.1835837458923  50.0
163.8310155579119 631.2682289165393  50.0
572.4792393282075 200.43063177151143  50.0
168.94464679988664 856.8849662410631  50.0
136.00966555026505 108.94630116252601  50.0
716.441720535855 545.8100299567683  50.0
848.6953403374716 927.5751480643132  50.0
131.78760287769276 114.70156008662546  50.0
225.64651842753491 627.9803139773744  50.0
411.9510860514151 511.4164377855671  50.0
760.8208221401967 878.4662692346614  50.0
281.0295689267465 143.74856901180922  50.0
201.68510719127386 705.2005110474162  50.0
533.1372897447607 363.8396248752722  50.0
691.4776597001011 308.61022294518045  50.0
917.225467914969 201.65233056472388  50.0
663.1346244263004 64.76987933431688  50.0
22.60551554234491 971.5603371874085  50.0
588.6708354570131 312.88456975879166  50.0
109.29727299433456 838.0225922854511  50.0
688.7820454222085 132.51258455763505  50.0
593.9263077462111 419.47418364078834  50.0
489.6616463435719 947.9604261439575  50.0
949.7458144038762 33.9800311575783  50.0
677.5022815727252 462.32190622619964  50.0
108.45989402195045 245.86151493782683  50.0
45.87856683697067 119.92244511601446  50.0
61.8768815825389 959.4202121248162  50.0
457.18400238277655 23.468793516621233  50.0
253.0229632009602 424.0473259763191  50.0
646.5221139145244 990.9927922327773  50.0
519.1975196743056 164.42089114916857  50.0
384.9274024513331 227.7178850767919  50.0
