1000 1000 2 50.0
100
611.6704070833694 885.9912652345006  50.0
615.0348048994039 134.21900390513596  50.0
495.3530461570675 106.8719448970209  50.0
97.71808709782314 761.3720425752575  50.0
152.77988685173548 301.2818779812104  50.0
146.29954945113988 731.3494002586232  50.0
816.2980855082681 546.2430627800084  50.0
278.4793424767149 863.1904185465778  50.0
998.4441360422236 847.7695012116094  50.0
359.6131555049079 796.2964462728386  50.0
904.0867472715015 189.520337053649  50.0
450.8718109017726 23.21518429577163  50.0
988.5975202382476 744.9137276967462  50.0
280.2502782589343 816.2480199751408  50.0
553.4370383917558 801.5602055791395  50.0
44.70865189193096 620.6641788325998  50.0
849.6458979954049 252.53782370230203  50.0
846.4541576306082 433.5955466783382  50.0
20.0819813842299 345.9465853986373  50.0
442.3495563383477 665.2246913273462  50.0
352.8462262771319 752.3421061817811  50.0
142.6605839538858 987.6675631443258  50.0
741.1914309073845 909.064180027919  50.0
633.830345779163 716.9915780463305  50.0
949.3096048702732 31.138620621724677  50.0
219.6969773373252 345.0989127277443  50.0
268.7454134832324 140.34587377799767  50.0
476.5454663567137 940.7437058404253  50.0
416.7842233444724 957.2130992807822  50.0
599.6126763742384 272.74111631385443  50.0
76.01562715477638 525.1009770211348  50.0
782.1402275199791 673.4650362732167  50.0
303.37417120510236 991.2207346327214  50.0
812.7969081507748 857.0206596829968  50.0
147.31086242727775 56.33006186185507  50.0
703.2686259813678 134.0166085960859  50.0
203.3507163646734 223.02187441507925  50.0
565.0406171998112 723.6512413047267  50.0
511.1429589315259 121.93293606156375  50.0
142.8731207028756 153.86565370045813  50.0
150.21202003301948 875.8638080150914  50.0
382.1983198726582 61.60632631322605  50.0
126.96945403656169 673.7159640639507  50.0
158.64277311543518 57.778074902762434  50.0
662.1476472820387 469.3151603765285  50.0
830.1064374479378 705.2581028211446  50.0
785.6689641553173 994.6050371006224  50.0
585.3056638610693 73.38049043944228  50.0
225.06404255096646 82.35878748759795  50.0
657.4140732839677 778.589312983342  50.0
933.9059839618521 630.4700659480195  50.0
347.4122014273432 898.4983790013627  50.0
248.32751561247147 408.04977158992773  50.0
458.98272458691116 655.3839581101371  50.0
582.5408536909996 302.9678571086032  50.0
185.26531592011787 305.1760537983805  50.0
778.380482582459 541.1445815321417  50.0
707.5111101678618 239.30335769211476  50.0
709.2415573873657 869.8091640309848  50.0
766.6538776726136 909.2851927479367  50.0
505.38766395606496 690.1075717249504  50.0
251.04122478151615 817.7537031971286  50.0
815.4533332424908 648.8562749530806  50.0
407.0456543117553 484.6280153568846  50.0
848.0683344300113 254.90128000203737  50.0
624.0022410038544 993.4513406323904  50.0
547.882468314473 672.4575473811545  50.0
870.895885209484 450.44123039338757  50.0
151.87070809561953 961.9666158872808  50.0
769.4478998549065 447.5919897875104  50.0
544.6505642426706 688.4248559080623  50.0
976.7279434022022 411.2072248977102  50.0
285.6449784457445 997.7992431103949  50.0
20.144346400152724 538.5303353170541  50.0
916.2753258768128 974.0604304387804  50.0
978.6420670484869 877.6785217711853  50.0
171.9711638351512 332.5284490372079  50.0
436.1640887895353 989.876160325577  50.0
21.63442020345885 279.6392228898911  50.0
946.9088167727555 548.0219392392823  50.0
36.29786805566448 674.9046632956332  50.0
846.6426569880208 171.91294352364417  50.0
449.06840533507363 467.7532570793651  50.0
620.302950392373 777.9886358902496  50.0
410.04842704058075 750.101895911803  50.0
193.35403453746392 730.245887829916  50.0
362.77901617433304 664.9237645971828  50.0
452.83446823343286 119.01625851841857  50.0
172.85064821721696 841.7414136996157  50.0
23.761312943839762 565.5847873977481  50.0
624.6792759055087 991.8878519457813  50.0
827.5328707099927 53.169428627708236  50.0
169.0460398273821 789.5428432617836  50.0
231.1985451720473 418.56873819429075  50.0
351.85136974825747 188.9656284007395  50.0
659.9407778749624 303.82495618776903  50.0
183.6354743421249 884.0089671915628  50.0
389.8403148975784 563.5383300785315  50.0
819.7687277739216 702.9142493080428  50.0
863.9733922016843 351.00781533263114  50.0
