1000 1000 10 50.0
80
782.0943491903448 161.8054740553837  50.0
839.0365075850805 796.1530670984209  50.0
420.13555451808406 759.2321914698113  50.0
44.65938536747349 967.4405762036891  50.0
548.8473852068129 451.2076697453854  50.0
39.62815695653965 581.3674904598425  50.0
856.2279209430079 917.4047768326776  50.0
167.8052043917768 159.80032032253712  50.0
838.4864458768836 319.77730619230505  50.0
10.883365665467327 736.1435744554234  50.0
43.19709968588148 995.0444494678306  50.0
46.83492172081838 309.3297442391889  50.0
140.18221080448134 45.560281093768864  50.0
504.5132347728507 44.720237121320785  50.0
510.34033550820203 254.3799957490719  50.0
202.7676724455644 202.9052766415792  50.0
684.2378604917685 618.4988530134891  50.0
819.6589720672473 286.1785226390897  50.0
885.1320870396631 193.65360820403455  50.0
475.8387961482391 432.50297651069036  50.0
135.19767270529016 874.7404488241697  50.0
735.8837396692549 658.0723500578297  50.0
869.077922872804 197.81748650043417  50.0
132.35054683930247 152.11175254082164  50.0
765.4853439689898 242.82379391944608  50.0
99.54610726585523 461.35081546184796  50.0
555.426429980175 240.5612125426031  50.0
767.4821541558738 66.6410346066787  50.0
894.728309758199 543.1490192142302  50.0
411.2109570716748 550.4780878616381  50.0
998.8950746146437 204.07590735981617  50.0
476.71565747599067 281.72966212404305  50.0
629.9245344090887 532.1374639049733  50.0
11.754196978971398 302.65741964841897  50.0
197.56670463681093 632.9614494141069  50.0
18.5336999098088 893.3615806843395  50.0
191.6075749311098 132.487731151671  50.0
714.817686786935 110.06530443945172  50.0
897.1125961772549 988.682888668952  50.0
941.0455473599413 446.1950298534747  50.0
361.16669521071196 540.9343191501501  50.0
983.2704284983083 649.002325506123  50.0
877.4983983014479 720.9826415203277  50.0
895.1975419637816 639.5114766169376  50.0
834.4777677386437 654.9147216547894  50.0
997.332433024495 429.8665562486577  50.0
632.3292287623506 722.6543848646794  50.0
607.2243519675588 909.690224852894  50.0
517.0016722938997 509.5516258940175  50.0
212.01732173774113 381.8561080635126  50.0
600.9903117614328 984.0849587338251  50.0
232.9971453885833 768.1152905913954  50.0
45.50604047532525 666.3562584009328  50.0
251.5501273656231 476.306798826025  50.0
363.739135131643 513.970709861396  50.0
66.92496755904254 23.420659705946754  50.0
71.56698845871779 745.0592161287474  50.0
238.41638991933112 642.5715298837865  50.0
459.9054955113322 842.6143248405122  50.0
828.065636172322 266.9800186066529  50.0
92.00670922217857 539.9748408239765  50.0
904.6989152934314 480.3471436176383  50.0
739.3558783092346 674.2085032809122  50.0
996.1023966723073 250.5476035724137  50.0
861.4234101553628 412.30576459972133  50.0
83.35821027221124 522.3555208291139  50.0
407.37807164293173 504.51266118626637  50.0
919.8424206386438 34.95601342222543  50.0
671.9698621761498 899.7934090104862  50.0
427.11325215293374 51.28484647341769  50.0
173.142498303805 270.32905221279157  50.0
670.8935613717634 38.777385293899734  50.0
35.536561982645985 735.1211177249373  50.0
452.5784651600741 724.8973038078653  50.0
161.89654491051465 347.18432566654866  50.0
865.175769705622 365.85432212264004  50.0
553.4961237413278 714.4758615602417  50.0
257.3132563870598 513.2096693672569  50.0
501.04788801627143 461.6229759557624  50.0
924.9230105572489 40.606606509339  50.0
