1000 1000 2 50.0
200
803.5537318868509 30.157411182962  50.0
988.5196568676483 909.265343486726  50.0
587.1390789844103 271.19848422764903  50.0
411.17022332571594 825.1564984530164  50.0
9.932061453134079 788.376767411609  50.0
190.48668489825215 115.35646947183199  50.0
947.2633263509944 483.0202129632415  50.0
330.39823954021085 47.64360358198205  50.0
887.1103923668115 935.1169282279579  50.0
798.350617013171 729.8784610039795  50.0
314.10736487773573 476.47791947045005  50.0
691.0964963829293 628.7844574095643  50.0
447.7120115558406 93.49797835450113  50.0
280.29336166683163 775.6421170352311  50.0
604.8244085992867 493.5301282663633  50.0
87.59745654970008 579.3374893945826  50.0
161.25303815328417 99.55208855962915  50.0
858.6692694613196 238.49439357870173  50.0
71.77574874311598 699.718280872353  50.0
806.4823953829936 846.9594502356275  50.0
175.14392062980198 971.5540738955585  50.0
776.5540679558572 420.69765683602947  50.0
58.23105501714154 124.96359411746027  50.0
50.1923583168552 239.19536142501207  50.0
82.62710631877556 463.8861061416173  50.0
346.5816826651785 90.75677452033781  50.0
287.3325497524212 753.3506988365893  50.0
210.50465514740225 238.61912150577547  50.0
272.80707122649284 896.8419566976906  50.0
379.724764266809 183.60008937777573  50.0
844.4797140425517 578.3044876028194  50.0
914.5315102236631 589.0314630979825  50.0
147.92870803001367 203.77768471752023  50.0
841.6752822043541 55.02057595575527  50.0
263.290637403751 689.5660078119902  50.0
815.896805925411 781.6211389219914  50.0
743.0606401347517 387.0146757178836  50.0
834.4816082038312 544.2837685133577  50.0
375.29624541417616 708.3741789361575  50.0
353.74741186290083 819.995725411128  50.0
533.3395267496187 823.9014313632867  50.0
251.09806991053907 348.8081427238371  50.0
833.5237180221294 137.25925222046342  50.0
952.255104220388 892.9884809349821  50.0
463.93160647680264 114.44017212438673  50.0
700.5034354164032 464.8247551315318  50.0
470.1253404322876 440.854203044149  50.0
383.2656049312386 834.147148036867  50.0
487.86787965015134 411.8847503673263  50.0
551.0443908416769 697.9219049694963  50.0
898.2089725997348 924.1306075196043  50.0
264.7507227547686 496.81115905839647  50.0
146.90896085239535 427.7160175285847  50.0
189.66049409267816 497.38152544261874  50.0
18.02640159267488 724.4651115937988  50.0
917.7199992827534 423.68360394130076  50.0
980.5960241969253 552.4007927552374  50.0
844.6466446077002 618.2131212366005  50.0
337.6759640192828 483.94244072895765  50.0
54.248102716063286 439.80393529169595  50.0
798.6440888711933 783.3407480285827  50.0
569.6093957505855 364.7918923023352  50.0
268.4754569104084 518.3018556389495  50.0
19.27423087833646 47.82785145331259  50.0
101.83371735016522 401.4176924271559  50.0
236.27342533557893 420.00695753361407  50.0
805.1617615064961 548.9325923763199  50.0
558.829624746114 754.5205636429013  50.0
186.55758984373216 587.5410564570263  50.0
633.794334480762 513.826161925502  50.0
251.07344420959456 314.325095388891  50.0
337.34965512802364 707.3696867286408  50.0
718.1780199359272 420.6041559629471  50.0
22.233918910327223 435.1837161074374  50.0
898.4723195645629 627.3839767216258  50.0
676.7265763218566 270.2240565623145  50.0
808.3520165408855 948.2555506383126  50.0
737.8545820918932 141.09657814369402  50.0
824.1607089169265 695.0089809914622  50.0
239.7592380187703 416.86454208273096  50.0
881.479413241011 271.8912198307264  50.0
697.8884457332583 966.9164746957703  50.0
210.55004433536118 766.3504481043578  50.0
630.6561845595895 71.41338606914749  50.0
865.4312885304792 837.274638070936  50.0
902.4381772020748 191.62300205276705  50.0
852.3377228096127 426.14508395567174  50.0
135.24791872237506 774.4881055092733  50.0
491.71402666618303 372.190182449291  50.0
281.16523095387555 462.06484568535046  50.0
758.947763454284 99.5388365569303  50.0
73.56518382932865 304.00623959145014  50.0
740.2259520766086 162.53667859600353  50.0
482.4219349360693 830.0547748961973  50.0
12.892165278713396 584.8025909725538  50.0
487.43906370394376 129.54737116635783  50.0
713.7622819115201 608.2670165782642  50.0
452.48370764920173 406.22499673710365  50.0
294.208779023701 680.3473240474012  50.0
135.7793444845393 829.1782403012676  50.0
477.4249646044914 250.58030819436706  50.0
902.5376356674227 884.5489653499104  50.0
731.1320914364038 222.4447973871564  50.0
20.187332705857152 847.6478749610872  50.0
648.0936482200636 711.7727181435719  50.0
11.083660046554034 441.43599993342673  50.0
987.1532793765392 100.05997508699716  50.0
913.5594320938269 224.85822216309603  50.0
769.1136386524083 239.15313507805337  50.0
959.4045045641514 763.3048000429238  50.0
744.6255074421292 63.201728958311335  50.0
614.3376511334411 173.51718228787294  50.0
755.3577694501112 794.4302247975993  50.0
147.7608847925962 206.54235298541357  50.0
995.0709680689489 391.1975930658046  50.0
899.0633662065833 634.8798651694397  50.0
943.8177378601507 879.9766665149563  50.0
189.96792978393606 343.7542400608971  50.0
796.3460028703652 737.299242083474  50.0
395.8905347114947 191.48459066751323  50.0
534.8817171069794 543.3773454204851  50.0
34.00912439951087 400.212754456409  50.0
406.81996225612204 716.0247756567592  50.0
851.7146457078185 965.7896237082452  50.0
459.4540453689392 251.66733972692523  50.0
806.3444118682402 334.40899400523807  50.0
956.7249244077187 49.64405859624799  50.0
515.5736099494883 383.6171590457587  50.0
957.073600302243 576.6660805421621  50.0
227.56801209796828 566.6152149582784  50.0
66.83180398906873 340.21332575012264  50.0
610.9769588057876 931.3107021930534  50.0
400.1869352462388 882.8140219396947  50.0
697.0728709952247 609.3636770351173  50.0
74.60948738234607 783.5653684359455  50.0
119.81938256949121 285.51192219033715  50.0
149.7323463759298 458.9180580136638  50.0
394.37752728579454 103.74831805587792  50.0
778.0230091154464 391.6616826423238  50.0
350.53513411460835 444.46356224360574  50.0
477.19138651972315 785.2116294073712  50.0
994.7719917164926 15.455242552263382  50.0
857.1273243145831 539.712426494479  50.0
13.149276248575203 739.7443572416616  50.0
838.2637788415451 877.1363894014985  50.0
846.9385517904036 994.428727737271  50.0
383.61258008973533 904.4709173715436  50.0
773.8822614685132 857.3424175245236  50.0
33.32217905006751 897.2509771701829  50.0
710.2040596630799 152.07855986866693  50.0
78.45729912543831 110.10855342251591  50.0
511.9639044227869 246.97316947244684  50.0
39.80294049986033 476.67367143361326  50.0
399.0797132095095 759.9351138130486  50.0
227.84589247469378 648.0766738018586  50.0
751.3131538310917 548.5481856286381  50.0
551.6892488908296 437.46494150188073  50.0
932.7448357352766 623.6585178368069  50.0
417.5063709361073 887.3613690315416  50.0
989.7396869114013 914.7012109917204  50.0
511.2426542708841 857.3561995521687  50.0
37.13050787953942 136.308040759334  50.0
495.6248582765448 241.5376440518059  50.0
898.323949133845 358.27751702535824  50.0
168.13949370806057 668.2308977938874  50.0
97.25984775588836 264.77799134072313  50.0
424.4929619439295 809.0292061377689  50.0
613.6314760853264 503.6928229658703  50.0
451.16831429343773 229.76453513415862  50.0
907.500621515357 973.3063638968559  50.0
931.0442990586695 52.979974770345436  50.0
595.4180532097306 371.06823635020623  50.0
687.6446035765533 569.6292923151622  50.0
817.3868239154556 837.9624529588979  50.0
116.43643449401075 337.14377190311774  50.0
772.4817513732072 72.04719157479688  50.0
955.6990041498805 231.67024011535898  50.0
120.66548477420413 856.0197827288035  50.0
434.83452138322576 384.1982226584052  50.0
949.3182822606652 546.2008756605527  50.0
604.59534183582 923.4585788157821  50.0
785.2244542739472 704.1205368949538  50.0
701.5528040063858 972.8892727401019  50.0
696.235763707036 716.9281870897479  50.0
728.2347410503097 404.62893547979814  50.0
871.5582202060489 949.1376184926867  50.0
40.71028084520745 440.41243455291834  50.0
195.5852719142096 695.7566349336798  50.0
627.0019258285132 307.40636351204375  50.0
237.42727915325102 965.6409500569368  50.0
932.556784616267 806.4373694812741  50.0
766.7632185031395 913.9503060932235  50.0
543.1100918453951 830.7295718560401  50.0
376.3676751165394 563.8738233767835  50.0
770.6257994228183 585.1813893262533  50.0
42.64216032001911 310.331345124078  50.0
204.6006788846434 499.37673610134726  50.0
487.7069800919422 582.1457675380877  50.0
588.8700110651853 601.9388643334802  50.0
20.085908582671784 954.2208882043072  50.0
