1000 1000 1 50.0
100
40.22344598689853 456.15433812056796  50.0
303.1906751106095 292.98554707979764  50.0
738.9238342329817 257.3615647851257  50.0
432.7323400029738 903.9104774579314  50.0
62.72462758221342 935.0744928405093  50.0
685.9596997709592 112.97704269675846  50.0
792.3746721203534 388.78837422976756  50.0
335.16060699060324 359.95804229252303  50.0
370.88351752038085 292.3659920701821  50.0
550.9280341017657 11.127879863409241  50.0
420.62773377897787 869.8921770396677  50.0
242.21531995495425 794.0225938939465  50.0
566.5800320383318 488.73676361732987  50.0
756.4845447839986 380.3562085458777  50.0
95.72093984746843 679.2313580538871  50.0
505.6523917300251 219.17444518216988  50.0
499.2944451878357 933.5292854652023  50.0
115.76433377498351 106.11637955021102  50.0
742.420682436082 910.6328971265827  50.0
11.804676620321587 389.69310703958513  50.0
184.6797911164878 480.2353388854698  50.0
443.7765032381288 161.78252657469662  50.0
435.6334570560891 374.93897562264664  50.0
836.1620535397815 257.0770386163498  50.0
70.85152907771453 88.57601587176833  50.0
0.1007265659026535 395.0113706263326  50.0
56.86277252761973 57.77150998955205  50.0
186.0984743827433 337.735827800274  50.0
937.5509161072574 94.55249497441842  50.0
174.80885157271499 508.9899667042779  50.0
319.8677484131823 499.72119378162404  50.0
604.402391830772 121.27035225337957  50.0
963.3378505754644 279.87468286523665  50.0
515.2680338805443 492.47518926201275  50.0
825.6796046330895 415.3669030813375  50.0
656.2663884779942 898.2479652586596  50.0
745.9701307417463 182.17324316356564  50.0
441.4812614955127 2.5308626155550185  50.0
57.132400655924954 117.5321435514044  50.0
572.3928014583654 636.3782493285871  50.0
311.12469035485293 337.40172987283023  50.0
247.62177604883374 453.86896773101205  50.0
473.0641171615727 563.1843121058702  50.0
570.8711570069436 783.9960912462566  50.0
394.6174946550057 395.8347567406768  50.0
237.41782539503976 818.7009880210064  50.0
112.3443258112371 87.38350358804247  50.0
830.4838887636233 129.75807597612288  50.0
533.2782623185706 303.06882303445826  50.0
91.04333661949937 391.00589263848263  50.0
367.88497960622936 141.6867472021831  50.0
338.09648952753247 97.45843902516383  50.0
749.6361230065991 987.431674891055  50.0
811.1715327440019 19.120782644527544  50.0
840.7900851822089 603.4140827118204  50.0
82.78841380835367 104.87104407800274  50.0
865.5726219270838 245.20659176479796  50.0
845.8473727550589 560.5606165823268  50.0
434.8010651921399 472.1827560323824  50.0
319.3809926414821 865.5233349141777  50.0
730.0982779298037 765.0780359260281  50.0
235.8348026129997 562.97304828447  50.0
101.1935199705829 20.115623856045374  50.0
874.0184321441203 762.3087656839972  50.0
896.408875575605 483.20448083935116  50.0
884.0956877937292 425.13493500675713  50.0
894.2821444785235 712.1303077068178  50.0
714.4585074565099 671.8438895191657  50.0
533.3777796553824 710.3252065514125  50.0
295.0562436578704 541.8965263639799  50.0
247.6896065789014 462.7148815899489  50.0
257.7287031704375 868.4761699703639  50.0
606.6405792604735 722.3068555655071  50.0
381.3171114928442 186.97967609399046  50.0
631.5359563775268 45.59702851445413  50.0
137.80461305488822 886.8491199310614  50.0
614.4283573303145 755.5362169578844  50.0
185.46390235098653 137.53618398308032  50.0
0.7046185487107337 722.7119955674311  50.0
405.9663427304049 471.93060157174847  50.0
413.3054978982983 598.5655015996421  50.0
614.6337083287461 294.3729005516253  50.0
694.3414107204222 408.8766776997299  50.0
386.4894673317043 995.4110335048963  50.0
918.9687516447727 221.41621116061617  50.0
535.4944853664485 801.749321853408  50.0
696.7425280795923 938.5750183406176  50.0
660.326772097849 967.3771822426386  50.0
717.2634645275457 133.9481096283245  50.0
827.2932318967627 420.6543442404773  50.0
419.7881384380534 251.26185583532802  50.0
899.4367840371417 522.168276716903  50.0
870.573488933156 414.6992286550152  50.0
240.62907020923407 159.4682417230834  50.0
417.07755027147533 561.5907838027451  50.0
524.4157770914553 7.320413496631817  50.0
454.74062996521025 601.603348410652  50.0
159.60795207114208 415.91608129113047  50.0
689.9222030910144 830.9728787356291  50.0
408.08908758381625 54.50568599801176  50.0
