1000 1000 50 50.0
50
687.4258888473831 471.32167161853675  50.0
714.9270120891746 151.19736125431226  50.0
875.8249602462986 584.8640242422159  50.0
457.6087494470028 354.4020644119387  50.0
267.5295881279766 46.34318117828007  50.0
930.032275860174 724.8970419188078  50.0
963.4987042725627 865.1688120924719  50.0
76.42014505203542 158.49425014787877  50.0
500.8663174576865 306.8266519503967  50.0
492.5234929570631 817.9192340931493  50.0
794.4862650534742 797.2730333452489  50.0
824.8813096963875 846.5020880273191  50.0
310.38100246294374 851.5691767244509  50.0
768.4542162315815 749.5555336613535  50.0
626.1544061420566 261.1604185384617  50.0
353.3369119697168 170.52193317565167  50.0
50.02949974730897 517.370074393192  50.0
743.480178744067 172.75924278622446  50.0
768.0246701847743 723.0916433091702  50.0
83.83012258030864 552.8754777633976  50.0
67.88231256060217 50.32693270488598  50.0
27.018328309163174 157.81024998299398  50.0
548.7162217935629 138.13203267618346  50.0
446.7139987749497 655.4007564920307  50.0
866.9455431200195 693.6967451487942  50.0
501.97465695890907 716.9589276661463  50.0
491.93397212162404 958.6975835543552  50.0
655.409748309169 110.42546676034681  50.0
148.85545201488958 633.7281328915019  50.0
467.6970066963758 773.9553035140588  50.0
111.6584542948298 315.52500770827305  50.0
991.9683914797877 542.3285562448586  50.0
275.6026710264615 494.8710785407615  50.0
373.8094836731465 832.3696465120961  50.0
986.6936692561294 687.4725888631015  50.0
826.0916878059131 258.5964962889741  50.0
934.4425217507644 325.77015520397237  50.0
492.5842523818733 846.6109698879537  50.0
24.72887198590268 626.5577126424746  50.0
840.2689576290275 239.2803800989527  50.0
41.14764281812189 767.4481023010559  50.0
127.50723023849709 49.5493608318851  50.0
76.07103174571206 354.637512873912  50.0
183.68582168049963 303.760197086176  50.0
166.75911732704185 345.0851579041423  50.0
205.69393843310257 740.6487360731574  50.0
307.2037798462076 298.13885801010156  50.0
527.5610940064 583.722489408948  50.0
22.992415044773452 74.80106611905346  50.0
351.8116196420622 288.5159257547919  50.0
