1000 1000 1 50.0
50
750.5735987497492 243.8530995967181  50.0
557.2383660152076 89.26135460693862  50.0
562.4936081574056 481.16665264669143  50.0
996.919702079373 462.08095616632625  50.0
35.288875473037606 887.4211974694382  50.0
26.568159891433574 451.22876954178713  50.0
214.4441317434619 547.1987172200045  50.0
901.1520175922187 628.823255093062  50.0
595.5902873092228 284.4306282361633  50.0
700.7442855460292 664.5648471334509  50.0
33.17810034938118 964.9208696108017  50.0
742.2600029382749 292.96303238465924  50.0
587.9648672413812 736.0724960420956  50.0
638.2738571301905 749.8865368332827  50.0
120.71801105349189 934.3169882127361  50.0
783.4663816853366 839.1116260144267  50.0
831.1404583946618 8.909391746819928  50.0
456.47328158822444 48.33283521667586  50.0
613.874716910667 960.1670809549088  50.0
913.3892059464971 424.1391973808114  50.0
57.54376309332121 470.8931819300529  50.0
818.9036453349801 236.7481067208562  50.0
148.13851916230058 121.64049113478781  50.0
112.02336266414281 817.8282857255232  50.0
254.6634362554431 823.6353188053016  50.0
935.562321694103 338.53212243945353  50.0
772.8030321860705 877.5947700264844  50.0
572.0564411671116 709.8967780440696  50.0
881.4739453564783 872.335684310876  50.0
423.48730084524357 234.06269333888085  50.0
227.47838719487856 973.9861941435707  50.0
948.1754581612104 112.29680601571823  50.0
995.0769510981605 24.776551617113228  50.0
125.43033052112773 424.5974187367667  50.0
740.1496291639118 269.7985346096857  50.0
457.0205526083908 735.6959063912665  50.0
572.7159980691567 460.7876102640326  50.0
734.255093531146 53.56065737546201  50.0
756.9369102481184 547.8960192632106  50.0
800.4418113786542 469.04635286860764  50.0
564.3212620834272 163.5884519037628  50.0
320.7169201343008 439.12198116055015  50.0
263.7136843463321 627.2069533882285  50.0
134.71559890030227 341.14924176363195  50.0
460.7399870204633 254.41479813808897  50.0
112.27977705042403 621.972405161894  50.0
609.7387833680194 342.64402165443806  50.0
558.3766783524777 593.1195449802575  50.0
412.8096037225364 321.8346215563007  50.0
120.62742601328291 682.2046017930859  50.0
