1000 1000 100 50.0
100
207.3569313837924 359.686673119368  50.0
732.164435600282 11.395564542135972  50.0
870.4499943748752 965.1360058048848  50.0
752.2114124146627 705.6634293375023  50.0
317.127560414195 348.1301868151462  50.0
646.6676030027559 402.6584692605585  50.0
353.9135600888871 938.5681445118815  50.0
397.07083897637784 970.740645732147  50.0
729.5811788044495 985.3003401149899  50.0
574.8785320724596 232.27808548675776  50.0
552.4915825221184 451.1030809713572  50.0
635.374646724042 913.1873176999288  50.0
2.6416606438259826 307.68577576809065  50.0
299.51390975447225 945.5245609201513  50.0
925.1215365182229 787.4022813318851  50.0
552.29861963048 828.7252735644021  50.0
720.7838288094019 704.0017329742547  50.0
631.0089456996085 951.3775721271114  50.0
60.277785208869176 41.66782071114039  50.0
2.585567044852355 2.955097219754843  50.0
339.20416731451905 629.7601602442884  50.0
736.6885862009236 863.7228779224636  50.0
464.99685041344543 870.0848112538333  50.0
869.4345423347511 651.0696883001328  50.0
520.2398490040839 164.18587303153265  50.0
322.5388410923543 921.8092366742638  50.0
82.47941782905932 900.0630413173319  50.0
693.5682460849038 382.53102340625225  50.0
497.19263156758365 600.8853468239835  50.0
765.234304399826 843.8718432936467  50.0
198.42525186474202 112.68423207254585  50.0
895.1348827699746 569.6167155979998  50.0
250.71376133347235 513.6739503501858  50.0
542.0784449987649 617.8283708910305  50.0
646.2571092920897 764.7610235097062  50.0
61.10086275353244 248.7423174359158  50.0
532.906236650124 988.968366050534  50.0
556.5127406177655 982.9542869505345  50.0
471.3903257551524 666.9142525988041  50.0
20.790313056870403 433.4658977250285  50.0
24.30054796526493 966.1500099177423  50.0
206.85068754996794 606.4430447161517  50.0
464.70382903567565 884.0742556147129  50.0
682.2279005084575 968.0808297933603  50.0
158.8601644526948 877.3060562970901  50.0
295.8934672170518 208.75812511533985  50.0
225.36921586360202 174.81292874011024  50.0
851.9411765868653 300.70334381031347  50.0
402.1731301673698 27.754006410076194  50.0
129.08295177011385 141.68270127692773  50.0
663.1938920380992 735.9125695288684  50.0
510.8785228848545 804.7608927359639  50.0
17.985868214302812 408.7563093345351  50.0
398.84879261943354 172.9732527684853  50.0
100.63462207637575 68.57773415413027  50.0
269.0991374754671 527.7876683396348  50.0
608.2356974733859 883.8310859635626  50.0
702.8052964291336 481.52346040360106  50.0
384.6379277398088 32.69646829986317  50.0
971.8912677676755 496.43345843980956  50.0
961.7378697929458 940.065412522239  50.0
793.4550336344174 116.94470129363488  50.0
668.4630483552925 405.5570646637243  50.0
679.9748246586299 956.5922041554982  50.0
996.6838035574916 445.8371173069463  50.0
907.0546679505535 427.46919932290706  50.0
773.6444163713935 511.42668257828785  50.0
496.4449039450247 177.55639616705065  50.0
832.1066270162713 106.35170368846414  50.0
769.2999593818666 210.0821432713108  50.0
292.2492940119975 738.3979454655621  50.0
963.1119847221714 699.1035570178258  50.0
273.47017828687257 558.4003753953804  50.0
125.48560056326474 586.7891928417589  50.0
839.5872189932264 8.910008094043075  50.0
998.8956809105886 150.42117942270272  50.0
247.53783619080482 295.74547164519606  50.0
892.796563271073 860.9254091449699  50.0
117.52724044243922 520.3500081875524  50.0
602.9276740776664 19.7762558561394  50.0
971.677261780074 866.5396532181135  50.0
282.387009816479 857.411947942616  50.0
698.5794663252258 322.14143160801314  50.0
795.02063663899 3.8356874293763443  50.0
892.7577003831692 34.18506508449548  50.0
488.9029767717863 500.86664905888966  50.0
690.8968364639802 545.7256111352133  50.0
516.1588406621029 815.5437892858761  50.0
680.7955589510217 843.0385112071846  50.0
795.1052806235432 635.4751359329883  50.0
694.3537244103493 353.84235907448823  50.0
461.6673135113605 579.4633220856296  50.0
812.5048414761317 780.3693216150835  50.0
189.24868143939767 340.5282234464513  50.0
707.8573195080476 925.5163932996289  50.0
69.71510889678633 193.48587192664667  50.0
529.9086266519996 475.97571640118883  50.0
842.8736870875185 245.53206173333197  50.0
898.0483253531085 43.155311092785254  50.0
137.8096365219643 285.8184180561963  50.0
