1000 1000 100 50.0
200
170.89186767817077 283.68845056989124  50.0
170.16922300800962 626.5021910980881  50.0
408.47073068225137 483.6516562312112  50.0
686.3425416009155 195.94457061101423  50.0
518.9620074883877 692.2393472004812  50.0
601.5717850975543 815.0919320681295  50.0
710.6087165037062 365.9175592293792  50.0
456.64193346816415 316.26428330896385  50.0
568.4842362057437 188.89673384654594  50.0
65.21172505333573 808.7118988596178  50.0
874.6745558986198 545.9678397012312  50.0
809.3800207461067 50.43873059248316  50.0
704.9810533445659 923.0812639134998  50.0
370.23540641125174 50.39620696377478  50.0
463.0632712807511 585.308796766277  50.0
683.7027515041301 87.11337521655904  50.0
717.0423510333642 812.4921410416335  50.0
131.72702596104557 901.1178188719786  50.0
188.93745425898288 434.79655513525285  50.0
979.8113383767852 421.04138440707305  50.0
13.909022527442637 403.5510909364353  50.0
854.1522108094015 17.093583786510823  50.0
434.13440193510166 657.1721817078607  50.0
615.0926950246201 940.6242293264409  50.0
421.24265976077567 597.630199159932  50.0
328.3392171128892 304.7869688434911  50.0
331.5874450346181 79.83369665233108  50.0
161.36560173868818 688.8530776810626  50.0
590.2376023353793 934.469512668496  50.0
939.6540422390875 207.51495798475705  50.0
572.4176650762797 694.2510052747684  50.0
785.8987722486764 676.5575990310205  50.0
305.231291147314 374.1910665670709  50.0
735.0256764325378 327.56495759081474  50.0
347.85226111586275 868.4303171533287  50.0
468.85713163033137 376.8678524134369  50.0
224.96977764342063 769.3151370077126  50.0
346.47754497353344 637.7284606831023  50.0
86.1258005227985 188.83399688880553  50.0
719.8327381424516 279.79603230212825  50.0
842.683872521345 468.18524014136943  50.0
118.82164257788075 786.1572566536262  50.0
894.5206962816051 498.16228628680403  50.0
266.11620440370876 135.84383937250934  50.0
700.1328519221792 741.208162338537  50.0
39.171582388991325 248.4487967691804  50.0
866.7030484191343 945.4030881922366  50.0
435.3652519052389 767.5422893472878  50.0
140.77158490788588 971.3151020034549  50.0
315.9305770227002 330.8667333762083  50.0
665.5101995001852 114.5560357244847  50.0
205.32636602797905 577.8296891390053  50.0
137.19750108393458 800.0502603515442  50.0
704.9109837981044 278.6029673820354  50.0
41.34605983610518 548.4372382996347  50.0
143.26605890081711 134.1742135853471  50.0
978.0335080284734 670.693132838111  50.0
930.2411708444959 992.9875125111733  50.0
196.34082802041496 233.9706823189742  50.0
707.7677296202737 457.34757940308424  50.0
849.4033146413693 459.8207268493004  50.0
797.7165522845179 111.55222033978384  50.0
154.43081225878908 865.3728045700256  50.0
635.5505770137197 893.755556752571  50.0
596.1551732168945 138.71605420087707  50.0
848.2503778202687 454.85495027848276  50.0
547.5152686800712 951.636357780335  50.0
385.9667109290407 700.2321950182734  50.0
197.99047400164727 656.0288632854966  50.0
649.0812217800275 93.970131649025  50.0
477.8458503369478 84.71984050113512  50.0
865.8326862647523 720.2033318338986  50.0
745.6533615036799 483.0953691959735  50.0
70.39274950174502 542.5520114524085  50.0
366.80535211495993 934.8487821244512  50.0
907.2518813949612 780.1262247046958  50.0
952.3376647533877 513.3225964879261  50.0
145.00257945110585 827.3771384709657  50.0
950.2318593485379 789.3349391439331  50.0
221.08371423517735 685.1112244327888  50.0
485.4672139245879 257.0441897668473  50.0
358.77606481946236 441.2717738049522  50.0
830.444545778486 701.3201032449149  50.0
798.716169757435 942.6318305092094  50.0
654.0062303971112 523.2534334228556  50.0
469.42155222912805 432.33115846581103  50.0
245.1273702106298 564.8501079474087  50.0
984.7977737617601 593.2293829546192  50.0
236.45546778856286 29.620194137142562  50.0
201.32317225932817 133.33620146675406  50.0
963.2269249606337 682.6859951578524  50.0
693.5852408432829 777.1186190136798  50.0
484.6907388825148 632.1975498351115  50.0
414.06742884765157 285.27448177993386  50.0
468.02073759877004 643.2579656062235  50.0
491.5632368358362 915.6003864379624  50.0
588.8000647743273 116.22488576545176  50.0
592.3200371610733 558.8712393595565  50.0
837.5122269255795 573.1689180621452  50.0
518.9921632963739 636.1877045094532  50.0
138.07550746715737 739.4331990283988  50.0
754.7089715175896 728.0370176322123  50.0
982.3084731311711 81.65323855949902  50.0
473.04059057556316 820.3514719901268  50.0
363.31603399806113 969.2591910667498  50.0
129.37016550195113 999.138072238028  50.0
151.13729364174966 463.39775628188164  50.0
125.15831409411315 402.79208020486845  50.0
195.59770429474565 105.37434392830247  50.0
193.8120270222129 249.99567943269562  50.0
864.159657946246 976.1304453820297  50.0
95.3464294021933 801.1430441787035  50.0
426.6674190841686 728.9351351301896  50.0
926.7551284942028 182.52076440778663  50.0
684.2336721363166 259.3836776288466  50.0
855.9805720048558 105.01321550941867  50.0
506.1163784925097 169.9605943843604  50.0
369.60313804307646 642.8900648957925  50.0
486.2867103449723 210.83788082663125  50.0
187.84372498140223 403.27338442273054  50.0
760.4896739222277 434.243871104742  50.0
845.2014338654474 613.1699299423345  50.0
134.9514544305257 886.6521173275033  50.0
561.0246286228918 878.4939464497911  50.0
69.48805208701725 281.20329324901275  50.0
431.5395644988086 628.2943044881112  50.0
730.62247124518 242.18772815426914  50.0
163.33833667676856 547.4396125375434  50.0
284.4182812409611 394.0800409009385  50.0
538.0536767667702 622.3028431808344  50.0
834.0894837157208 779.5312068774299  50.0
548.9247820594505 776.5275474590738  50.0
924.048300043722 833.8879225967835  50.0
682.1855137310814 457.7454432893997  50.0
329.9033913809279 418.2226648304187  50.0
129.68193387875726 951.1550270931776  50.0
933.0234077347159 218.52214683374947  50.0
813.8537840439973 642.1597734398941  50.0
838.6316510985856 155.5962529724415  50.0
982.1897439031503 927.8031559024847  50.0
537.9996984098555 318.43279283078994  50.0
785.4945422848635 985.5276037579481  50.0
838.1589618079984 333.1384325964316  50.0
692.7808608226319 147.82248931019714  50.0
486.65109493134906 10.269493000145014  50.0
815.3266424447967 202.61646198296967  50.0
904.1895585870853 575.2706911594912  50.0
213.41480962717762 541.8073034704616  50.0
204.7060884065992 779.9038433132274  50.0
41.49840495443557 714.1128160195411  50.0
730.1076186835094 716.9628562036504  50.0
951.0114728865161 603.4642006702396  50.0
656.170605821911 216.2350332896633  50.0
514.7720288052201 150.45297221538667  50.0
836.3514663607191 286.58307465309474  50.0
562.9003253879727 261.8818152094358  50.0
941.8929851071828 187.18588979595464  50.0
227.40186680742812 312.2579717875803  50.0
129.45860822958443 360.39105003994786  50.0
181.04171340160602 431.1076283721156  50.0
921.6278154934174 639.2947295250158  50.0
25.86259634652821 591.2787417416264  50.0
720.937218851281 855.0804037790825  50.0
37.676279852066564 365.9379644315779  50.0
394.754182854972 212.30995357273264  50.0
505.08405188159213 105.75783485914758  50.0
666.1203855757824 574.7768200992732  50.0
715.0588788204702 202.82789900842835  50.0
624.805219459414 110.19308445660192  50.0
231.84828216074493 54.11382883429572  50.0
533.159857439286 578.8977736959384  50.0
491.93325201906947 314.82677174481097  50.0
242.96481819186832 919.9369033211135  50.0
895.0058293653972 40.85466698055762  50.0
962.3149439832629 687.2804475587197  50.0
509.40362439750095 359.4461016691702  50.0
815.6878816855016 319.60481235803127  50.0
230.16684531229959 378.6265097769726  50.0
625.6931225539357 188.9841094257263  50.0
728.8595585786165 148.36560466527848  50.0
611.6004805150867 866.9973872822382  50.0
816.5236172420715 620.303746376079  50.0
247.59866304655287 71.17263789627603  50.0
904.6102476344194 717.8841337716453  50.0
352.8357916963985 310.3529675976175  50.0
93.46079632607807 825.0270706187371  50.0
595.6453145632022 334.4843532730536  50.0
43.88463805417475 229.0211299663347  50.0
985.9626759361165 112.48791421751258  50.0
194.60928302211644 312.09533773336983  50.0
602.7893703991085 211.29459829635854  50.0
76.85330164489889 576.175635131303  50.0
757.6624295988642 129.7831959097181  50.0
447.00041258807664 906.6178305932868  50.0
30.43949110228972 353.27772465246096  50.0
709.3287685912585 833.2483132902533  50.0
130.31054748431615 637.4233290113203  50.0
632.9763576311323 930.8328975787913  50.0
332.79941575699877 304.67466802621925  50.0
680.8002031621816 916.1332710438016  50.0
