1000 1000 2 50.0
80
573.56373843752 153.93538477160106  50.0
201.2303991028983 440.8579867101483  50.0
156.93178979250533 541.6057973055026  50.0
372.43159282631535 521.4537713252325  50.0
445.5184144738111 349.7121131717309  50.0
666.8374916392595 974.6915239939187  50.0
479.92883684173916 487.3003816075947  50.0
489.3019042855733 895.9050463768988  50.0
327.9750934353665 968.8948035491633  50.0
302.72390006343795 764.2705852127137  50.0
800.1654639624592 381.9300623793327  50.0
523.2368196523307 809.1960718914523  50.0
64.70094420553885 539.1902296238832  50.0
456.7648760585629 621.1800757424176  50.0
774.0688364532047 538.9401350442399  50.0
737.1829240607445 535.0029317070193  50.0
456.92713604991854 823.6008462928487  50.0
883.5414740331147 321.9016767011301  50.0
351.82287779880494 727.2335283734471  50.0
532.295704663508 767.4195341519031  50.0
563.3910049764759 432.76096101367875  50.0
620.2037759394269 782.9094547017139  50.0
407.03069268535694 221.7698064327982  50.0
294.53624825719425 801.2108300981638  50.0
74.65794103162449 392.9002796457777  50.0
609.4651587375672 340.8069202760662  50.0
301.9851322572199 249.2449218228361  50.0
130.97741263796448 787.810303782421  50.0
546.8794042167561 110.84122744852864  50.0
417.3844340782757 641.411813667497  50.0
298.70330766619844 395.25763848621045  50.0
968.4757592315789 695.9686204499322  50.0
530.1431675107084 427.4361963417413  50.0
643.5916504226483 891.6949749186839  50.0
975.8815173394654 789.3691123264604  50.0
737.3654786623005 855.959260620841  50.0
876.5721127263304 700.8509477646334  50.0
871.614111500762 478.47933108242023  50.0
61.92705711806945 134.4616745725876  50.0
612.8303807377932 216.24751094458426  50.0
763.3278043464755 111.10046379956118  50.0
256.9586024926048 207.80558845063047  50.0
344.22261128277887 896.8034178920799  50.0
536.6106051976969 691.5292300372233  50.0
215.67512981468573 627.2435578531674  50.0
100.60638528408894 668.8704614631916  50.0
564.7801332033578 223.22428000951044  50.0
491.69987883382237 231.04534948575238  50.0
165.2641345683483 328.64233639548513  50.0
5.5769765332503995 476.44407834609814  50.0
462.43986147396566 401.8104259990549  50.0
252.6897741639712 486.07853586473027  50.0
328.7855265541032 21.69287520372687  50.0
464.2168899198045 395.6725516027023  50.0
371.7711791051004 932.5229294818499  50.0
584.4172050492589 205.53830922541795  50.0
442.15586675457297 343.43338787581723  50.0
973.8699300078667 603.1720479337629  50.0
38.83129691089893 524.1468907948645  50.0
111.57142817242904 738.5406937254769  50.0
635.3887789051645 793.4360190923975  50.0
28.584973225845744 588.3206511838388  50.0
563.938148287254 583.977446847626  50.0
331.91674851413444 272.8887331123145  50.0
983.308604711945 385.3886074475847  50.0
584.5176222276463 448.65421132872893  50.0
631.613588278268 16.648937393339168  50.0
495.78710088712586 688.360326707744  50.0
517.2623385604412 859.7726918882479  50.0
846.6819448106675 583.2724656509145  50.0
437.853440588696 398.513198143003  50.0
324.5090558426117 153.7091747146585  50.0
232.986543697849 649.0438160094373  50.0
474.7085569948648 38.16161766712389  50.0
974.8802097684149 843.9735807251907  50.0
790.4091314360863 846.2855641648716  50.0
879.7853148464977 36.72072462069864  50.0
555.2653284935886 7.339741911364217  50.0
583.5352629968942 130.18069227183815  50.0
431.06180270469775 423.1828811863699  50.0
