1000 1000 2 50.0
50
993.4591684547505 209.16786381810337  50.0
841.3222070529657 740.6579898808109  50.0
186.429022212094 687.1604638154292  50.0
465.5245160062259 829.2033853162529  50.0
20.639229261786962 836.3997008975515  50.0
367.8440500473945 755.0366873657085  50.0
488.784903519922 797.3642881325733  50.0
492.6840326974055 518.4527267421475  50.0
994.9729700664739 410.18977573865436  50.0
516.2454572999031 741.704077191017  50.0
450.889035686562 186.90081985410856  50.0
33.297368404134886 99.16542881028512  50.0
851.335395393081 807.5474815413529  50.0
947.6985857443158 745.416014975294  50.0
301.58270380618626 699.8460626487729  50.0
402.88327964122027 746.6419222847308  50.0
891.8293817667164 161.33959208537263  50.0
526.9988892441512 560.7987114853208  50.0
518.1649460852213 913.7568173295513  50.0
987.1118242194717 683.2642312939155  50.0
734.784013009836 941.1627279965089  50.0
847.8727608629576 677.2503412015451  50.0
988.8003250146038 956.6577343891562  50.0
512.2598057195561 942.0315167960152  50.0
136.8609860689295 866.7965547480188  50.0
585.4947410659448 737.0870680057511  50.0
971.8628895611201 158.56210723364362  50.0
347.9536608452015 176.5432235465345  50.0
598.4251765436212 220.64364557282136  50.0
148.87025157130984 135.83995481448684  50.0
887.3723672586466 228.93245291121843  50.0
439.85628022801615 271.3365153211079  50.0
912.335486618027 375.56246772813853  50.0
355.7405335506789 643.609242608241  50.0
225.67883742164952 901.487422596895  50.0
719.953988760571 756.4836139882287  50.0
66.31256375550288 604.4997158609239  50.0
102.66562323718942 176.3816833689429  50.0
108.55233414369248 237.76108117948925  50.0
92.09967684111109 280.35585384479066  50.0
159.039117975857 488.3281305407454  50.0
252.94188717844267 96.21765824493289  50.0
287.8333397306675 30.820956650574715  50.0
340.46873328963943 644.4605659980482  50.0
240.14977625344835 488.2962417753056  50.0
215.0102407654959 669.2142348425551  50.0
616.8006246820789 0.5509060924603348  50.0
558.5836744611887 154.2566877854701  50.0
234.26600068956782 499.496063816558  50.0
934.0114456152529 560.1502765653322  50.0
