1000 1000 2 50.0
150
116.28609594899808 22.570381058400702  50.0
338.40944464853595 18.44039350816462  50.0
867.462639132438 32.33449314622794  50.0
672.3301113326227 989.7226788314267  50.0
147.31685160896447 505.42163572527767  50.0
824.4554882387456 688.2633672252608  50.0
930.4375425206355 461.9913499518187  50.0
33.89598018124384 766.9112624919505  50.0
747.4600317256308 323.08085582533096  50.0
275.1784266687174 394.03646077791956  50.0
233.66742097350556 620.8859898515905  50.0
344.41124431462265 571.3405546064192  50.0
280.3763256343487 128.8198642714763  50.0
653.4737339723449 335.69317940388555  50.0
117.0178354343594 295.1692695028526  50.0
111.41018516504487 362.1155084207667  50.0
449.6772341845121 138.58192659259583  50.0
785.686474586958 900.0701370448385  50.0
860.9564403197173 569.2826577748801  50.0
130.69317692945015 421.50563865585036  50.0
36.37565783808361 436.83005772126114  50.0
446.85548538658816 836.6435323223595  50.0
24.13170015903465 473.3896403290456  50.0
890.9375190025395 642.2842857019506  50.0
657.8819536677227 700.9131264038284  50.0
796.6044903509865 907.4477017071896  50.0
476.3252664034529 801.2782101811231  50.0
284.0330295649165 572.4530502542833  50.0
958.701513173847 410.3563535102781  50.0
138.3365620742093 140.0820006384762  50.0
661.9340756361321 290.14102003404173  50.0
718.7991665700062 471.2577925698993  50.0
892.990467908213 857.4824317174382  50.0
224.3878414023903 62.71237138313068  50.0
879.1383831536211 603.6389265284693  50.0
985.7397159418903 880.4023409318983  50.0
9.125314053021306 525.7693487529001  50.0
579.7972646806384 549.9739303483792  50.0
609.9122923397238 809.6546884640195  50.0
470.49131403889965 464.3661768414626  50.0
896.4431598006812 652.3514173447485  50.0
567.3479342271996 158.68028543711478  50.0
186.03267342635 294.14286951342774  50.0
563.6220304596202 123.73247249163455  50.0
204.3084388373083 41.069452503383566  50.0
166.5370230758547 82.24669847009969  50.0
326.2428010948124 302.48195497384955  50.0
364.436419807184 635.4325468776691  50.0
893.662726719859 442.476711039267  50.0
689.1299464622355 102.73261700010872  50.0
329.7272676137307 549.7354706851064  50.0
26.442977915855593 323.81313844962654  50.0
631.2135407028818 67.2064519864809  50.0
903.9552813131011 169.41005724271218  50.0
961.0539421734586 591.2277783829036  50.0
342.1406868272714 516.4325681126164  50.0
486.41869274956326 49.10772538535157  50.0
293.59685911825386 482.7642639690416  50.0
311.7396001684224 894.8412536604604  50.0
414.78036795350357 788.4923022390673  50.0
341.4221880417566 924.555359852738  50.0
415.6387013308459 212.83265969865906  50.0
173.59528365992782 806.4407368734157  50.0
514.7577437811419 249.80996714669268  50.0
674.0981567672854 444.340570128719  50.0
591.1198261727901 230.78844198264858  50.0
709.0077112970212 849.8318365015763  50.0
468.29369658556806 378.2400490350438  50.0
624.3587742463072 284.5484306997643  50.0
392.8544991334767 482.6750273795637  50.0
453.3130000936356 52.65910196224055  50.0
176.05869156484155 153.44865120928608  50.0
503.88279873606035 472.8282716086708  50.0
656.2746058612188 884.1976934637714  50.0
934.4188459762574 239.65031011254368  50.0
109.39714343501362 494.9485649358323  50.0
159.4206000193914 596.463577827478  50.0
985.4501891222098 865.4785653147603  50.0
444.83158196253356 484.61332201980633  50.0
881.8082096085509 258.30070538350225  50.0
849.8321516541971 108.64727694029153  50.0
976.944403843319 944.681171167084  50.0
751.2442236321522 162.5915828739798  50.0
243.33907957032753 293.3884297651651  50.0
547.0142548699461 299.3689443581615  50.0
634.1593863989257 959.4110042421515  50.0
776.8417791893886 293.58455025782024  50.0
95.54719141880364 318.6708561887569  50.0
820.8730423053223 747.3200715832675  50.0
694.8288823761853 834.7980695723736  50.0
541.4801498454832 119.2392950122343  50.0
374.6875271432356 615.3212905506981  50.0
718.4982754423154 319.2236361719131  50.0
844.314136429509 17.16796459758896  50.0
894.8947562592134 103.9195971653325  50.0
900.7812760435042 795.157259960214  50.0
297.6954168755732 32.99421577112949  50.0
37.35941744987059 952.2074052890518  50.0
828.0952689178896 801.5587439097321  50.0
540.2220551163097 146.26844629209802  50.0
725.0320136240849 351.13493703245626  50.0
400.9631089650194 236.5308136361305  50.0
398.1025558453971 279.7021211286449  50.0
279.5759832648997 310.24829565010157  50.0
98.55430556878252 720.7775092282768  50.0
441.02073054563016 321.55396020738436  50.0
551.1842031677701 42.14621523722417  50.0
58.231865211306186 294.93614123087553  50.0
405.3307218830028 426.771521615571  50.0
525.3963938281735 898.5808529380771  50.0
379.7448038793081 641.579900772872  50.0
457.55778941883483 76.57577183283892  50.0
273.97806778068446 74.22942573581336  50.0
866.0785299383197 344.0105587597876  50.0
598.0273181856556 423.63445913762433  50.0
594.2201500346258 295.29668000287137  50.0
432.3269973940196 266.9331209255608  50.0
473.07641427739657 853.5695606283076  50.0
271.78163371163043 93.74858390592644  50.0
815.3217175349951 797.8243914517831  50.0
30.38289548040085 298.0088697002606  50.0
802.7136756330058 144.4765079288446  50.0
87.05678541241258 48.25446792362831  50.0
43.01468612698689 31.326012873909793  50.0
238.7383539884469 919.2762899224698  50.0
72.9749952013502 854.44525338736  50.0
693.2728368160123 661.0915032829952  50.0
866.2450320162048 542.2973625488856  50.0
782.5935971509501 505.67809826295405  50.0
468.5623538457311 16.432430970033664  50.0
905.7289196885295 967.5535031350465  50.0
727.284654486735 84.39763459642413  50.0
321.5411230909128 181.19653813036874  50.0
708.3168767165771 238.03604159439007  50.0
802.7033815960583 436.4759242699557  50.0
800.707134714329 89.13840084641788  50.0
835.2705952335518 722.6629356099947  50.0
697.6627155138468 464.4511148695627  50.0
2.3027247192671796 772.2693645052727  50.0
412.4637705231744 503.33250631441297  50.0
425.35057188540327 307.8666071598738  50.0
238.7292633863304 453.88875722704023  50.0
654.2150395253451 938.205329524962  50.0
96.71587846961482 247.20980380580158  50.0
193.24309982282563 424.3692422298506  50.0
20.807583955143926 344.3648260227231  50.0
931.524743313217 842.3608784851466  50.0
638.0796563846956 797.1054102986593  50.0
104.70730576561715 505.431126112897  50.0
363.7978337436827 940.7644580152486  50.0
