1000 1000 100 50.0
50
994.3293178163157 877.2438455350401  50.0
244.5682759810386 681.2576153934941  50.0
791.4542888381859 826.8457280745417  50.0
791.1640498437954 851.7726623261892  50.0
647.0494943552352 115.93709515860218  50.0
184.99765583110806 140.9828631402763  50.0
331.8271112506176 136.6048413395642  50.0
679.5950430720864 572.1564588520831  50.0
622.3422780752152 889.321299241171  50.0
772.3154390501134 115.09775075400108  50.0
554.1765746215104 404.82659319210046  50.0
707.8673073172877 243.7568267975537  50.0
638.9899014718612 874.6068220630012  50.0
390.7761003894805 350.2776894482158  50.0
490.53924811506045 678.4759686266291  50.0
78.17228533090059 712.2929890508958  50.0
852.6149105805251 522.1819926444624  50.0
287.74421144267393 875.3122193029973  50.0
850.9462503308238 453.6226416662241  50.0
200.42800362231205 508.3392476714312  50.0
401.4803883049467 613.1702776126061  50.0
463.3819419592963 18.394269598108636  50.0
99.03909127825582 191.76880970071164  50.0
706.0204367433071 468.404467597866  50.0
583.2105039203116 219.8803902243359  50.0
270.3585857630474 632.9663182240059  50.0
332.4340243445112 491.02322998948824  50.0
626.6451344776527 347.77181345253683  50.0
72.58790260605774 135.55587221891275  50.0
696.2383168610967 661.0301479622278  50.0
502.99137181940944 103.52781059986404  50.0
835.9051927260832 679.0048654010235  50.0
840.583811839112 89.82997364207735  50.0
551.2023701565528 412.82615609393457  50.0
762.1456952203217 240.54264984108087  50.0
101.32169730578855 380.0266758855648  50.0
684.7773859534647 316.2927472941299  50.0
33.76196411029464 191.788475543878  50.0
966.4532963326233 856.5962713456396  50.0
344.41328024828175 865.677632421433  50.0
531.3205754787048 288.5757880634792  50.0
397.1182715225563 143.6822738004996  50.0
628.5133299903989 854.1068967040253  50.0
956.5003441200433 666.6587404287699  50.0
918.6043943629055 691.36164555671  50.0
688.8254205044025 458.8295399735018  50.0
848.4186345334385 399.8811824294959  50.0
267.89115274335995 809.7663328500687  50.0
322.78334107906124 942.7235116500341  50.0
786.4131819867754 306.3292866453364  50.0
