1000 1000 50 50.0
100
441.78978427867656 849.9826298896671  50.0
881.7014579306206 656.1594477189434  50.0
606.6201618994197 304.48538923107117  50.0
124.68041964114396 59.57489023889562  50.0
717.9732944290021 711.9854849348404  50.0
104.8118119597986 834.2413172304562  50.0
170.7409262817996 834.5287355792254  50.0
838.3529902005647 20.544087418040036  50.0
837.1963642532733 5.821329925218222  50.0
525.5722222547196 491.33995391987406  50.0
678.6519622517427 885.7298365280983  50.0
480.5943187539966 677.9846326512844  50.0
796.2960042216457 627.9367002765573  50.0
120.80220951410058 13.119913653102167  50.0
646.5811803152152 577.9692817877362  50.0
401.8114423127567 825.1144516890697  50.0
913.1387574838844 611.9845842362994  50.0
866.2608707994558 52.84066878324101  50.0
575.043940013347 751.1058398438344  50.0
38.13958314366972 814.5101875802931  50.0
40.35897693100032 741.7709458897868  50.0
239.0967313522856 560.5782248227466  50.0
824.2332239212703 879.4672864999792  50.0
29.157010298660357 268.2675215698219  50.0
142.439673486511 471.39114229810264  50.0
381.4917594338948 894.0505583125412  50.0
964.0800628499086 982.9840610774132  50.0
389.37188802963897 90.46842613581008  50.0
521.2916653090421 93.96262801658838  50.0
773.1551593168814 14.953489860575985  50.0
9.140577094432278 601.3723465497013  50.0
706.137435885528 910.8620926618297  50.0
225.48775969108058 350.35994163703367  50.0
510.32373847436264 24.712924594228134  50.0
198.46613640883737 147.77281598709058  50.0
586.651401188014 338.6651623770441  50.0
428.3077196873416 919.3585389659411  50.0
538.9247248663034 543.559992042646  50.0
230.61244475681664 208.25094868394643  50.0
826.6963102439034 655.3881446204682  50.0
809.7506802023299 480.59357924057  50.0
439.5575546975291 686.8349506381991  50.0
113.94422388173253 603.5657320387646  50.0
23.776819365634914 825.593658513118  50.0
227.6710561432025 291.7396851027814  50.0
611.9506779101428 642.4266496234691  50.0
42.39144330689493 279.6123768886585  50.0
607.3100434619566 954.4933895446817  50.0
213.19418268442226 471.31841603173507  50.0
956.54965591577 103.25322728842046  50.0
956.8134653351481 342.945780411436  50.0
508.52563775573935 571.2893748067668  50.0
75.56812513107747 428.5392300863044  50.0
400.89308311808816 58.69075636780374  50.0
702.1274177374171 807.7907740790971  50.0
942.7313539287413 367.1662774113612  50.0
651.6076078547139 131.58053209722652  50.0
868.4320628386813 698.8557613925883  50.0
940.3569466323829 870.9454064881276  50.0
26.60071959042454 266.84089712591265  50.0
984.8865817449436 155.7168290290133  50.0
537.4500299669983 435.6480878574792  50.0
229.75761009287243 780.9835295184201  50.0
203.13894235024955 962.5748997608268  50.0
469.83555101402766 702.6983000789994  50.0
487.73870310151824 294.4601746581841  50.0
930.1751469375165 618.1630047014216  50.0
696.9830987946813 289.557273111116  50.0
245.89996273086146 32.789152410838355  50.0
82.6868616453541 180.4591575064226  50.0
844.7930079031352 551.4457609964354  50.0
472.69332804652163 71.56255904321674  50.0
876.9158022733027 0.8708242206646455  50.0
684.4377827774636 773.3480261396973  50.0
758.425242095372 389.035700480713  50.0
418.6908592398051 315.7914216827765  50.0
600.8588396362975 638.0165475942642  50.0
549.7718623993425 54.51182344956118  50.0
282.51098435200186 488.8412121434849  50.0
729.4991381024538 885.7992809194641  50.0
685.1235729272029 969.943042280827  50.0
4.370575353336625 720.4555936331436  50.0
666.9669865937262 345.2681189262117  50.0
708.9446493897314 31.419891559563375  50.0
672.4881575235647 513.7462030189128  50.0
243.1180382421263 986.4399706341186  50.0
489.0541631253963 418.74933391146607  50.0
466.9733352822433 404.5896196941524  50.0
552.9218366113275 144.32664839775245  50.0
354.096367398422 534.2207488994289  50.0
379.41468982002544 24.417803311368445  50.0
232.73903512816796 439.97884212820895  50.0
146.39067729099787 271.9113307878418  50.0
413.93120709313524 607.7987225987231  50.0
195.43557499446828 346.3285725737294  50.0
256.6200776114659 229.3368835401165  50.0
231.81818012379895 522.0777384256218  50.0
752.1436279816428 511.08609807991314  50.0
302.0954132724798 893.6365607074048  50.0
523.8203985716855 268.45631371988685  50.0
