1000 1000 5 50.0
120
836.2417108397526 413.2444823872765  50.0
694.7476144783159 831.0223936066258  50.0
923.2968552444949 353.76497923580075  50.0
590.0863186272927 974.2391244104724  50.0
524.8048166379793 86.9897669451527  50.0
937.5906545531218 828.4912936911072  50.0
850.267595647234 733.3155217250112  50.0
55.48935251802178 359.77602382571405  50.0
574.1255506008329 323.39401791293596  50.0
300.8311461293419 932.668840569511  50.0
635.1054634744854 748.4404520037455  50.0
828.7446557991982 425.64112452594526  50.0
744.5235850976625 75.11340452426674  50.0
934.9361043274271 674.7093419067443  50.0
899.2281932101428 224.99686494738603  50.0
62.753830879340164 988.1227185161339  50.0
211.4681216981872 261.8788819178908  50.0
588.3759071793223 358.5843358471018  50.0
665.8253409353787 304.43553674417825  50.0
311.1529349972545 914.5403945973779  50.0
992.4509428995099 387.59304259217953  50.0
170.86537170510329 98.36085208401013  50.0
706.1955705934855 432.75439806598325  50.0
89.63083841912068 36.774358957759375  50.0
502.8270567360041 855.2419749141361  50.0
993.4235415536224 577.7085362690682  50.0
626.3793844742713 236.72026819438318  50.0
6.6446470534740065 507.72697591450435  50.0
525.7786490526327 921.0283729203304  50.0
532.908710307041 535.5420431166314  50.0
104.24352865127662 353.76477582725875  50.0
436.1882609611923 729.6227348606643  50.0
131.55889641257025 479.13189205275484  50.0
818.6846420302876 231.70509238431447  50.0
937.1732631268792 531.960977161539  50.0
955.2704121837806 233.05264457857044  50.0
331.171853608592 118.50338994781274  50.0
789.0745206158963 396.60204919327833  50.0
810.52891368307 566.4866044278228  50.0
18.758558840863525 135.66980486565694  50.0
499.6445440660051 143.09903947085147  50.0
215.25868636281663 418.68363893551185  50.0
947.0225450156809 888.9805672312816  50.0
594.2444946324412 59.441836259941596  50.0
854.0476384699368 496.9605582336818  50.0
40.27244547048681 773.6929637057787  50.0
47.1717160422267 876.1986622262829  50.0
729.5884604787508 635.3668656566954  50.0
521.4209169599864 785.5480707787164  50.0
230.7603014594063 949.577856810735  50.0
180.98579188269747 194.37489741230806  50.0
275.7975205757436 974.558979571586  50.0
981.7597735651802 834.7313782805909  50.0
489.14269303382275 370.97618187714266  50.0
541.0415126331397 745.6945877442827  50.0
237.89478843334 734.6098055889253  50.0
921.2189507716575 478.8465170273524  50.0
423.85169915647805 77.18000135297409  50.0
217.10415024813156 33.285546388499675  50.0
476.43560045060184 660.1319027823075  50.0
780.6898746547362 519.2231346629166  50.0
25.291684092321187 157.48500485649797  50.0
402.4499925270952 11.13364007596951  50.0
732.3267681095687 726.3908228119445  50.0
534.9077412148818 44.58964740926541  50.0
545.1814251475162 197.8315319490731  50.0
692.0471039187388 735.3287423117303  50.0
197.60558003660066 264.9315746400475  50.0
487.24462749168305 554.7618786134407  50.0
126.93383742168818 242.64325941177432  50.0
382.74988607173555 383.04777757504684  50.0
104.83423052756092 700.1061981063692  50.0
115.3449494587101 579.0216724512278  50.0
784.729354011993 25.76998445912637  50.0
935.6644250988347 455.68055499290614  50.0
57.766517149031806 775.4081718546777  50.0
252.75939871232478 730.5917717284536  50.0
578.9396943851455 474.44053671716534  50.0
10.840126130770123 232.5050771711552  50.0
75.94244675899608 398.52047261098244  50.0
141.7336427044208 388.6130587310169  50.0
85.55777388218766 740.1322727508469  50.0
734.4445252696133 791.3183579418182  50.0
575.8675702074353 483.9831677664765  50.0
142.30807699435312 449.0305449221269  50.0
507.2903008076144 260.2633573313731  50.0
108.57714459638679 162.42915903945442  50.0
761.4329309294362 422.38678457131084  50.0
132.88499622642036 835.7942307896099  50.0
23.969089739122595 604.6139648534919  50.0
723.8788109560055 432.4185826075483  50.0
146.2319783046795 54.99797119151373  50.0
887.4190625262279 713.7812886969836  50.0
229.937704564826 110.38282116017972  50.0
185.0925798458456 864.0751754169511  50.0
180.4306811731905 282.7234619671741  50.0
964.3877434961001 594.8454590731596  50.0
756.0692885208467 559.7850925248886  50.0
909.7325882734604 348.9105636537534  50.0
204.84728923877316 688.3186013538805  50.0
892.6976506569325 778.4004629717654  50.0
424.07194886696817 404.0982879179298  50.0
210.01710456961175 758.6618047720287  50.0
204.89749346226805 800.7469082721112  50.0
689.6833834614275 817.9429860588154  50.0
530.7381271679642 288.06193543801595  50.0
818.2219425599455 12.18685524843921  50.0
87.06196216727957 880.5966298727645  50.0
996.3545638569458 954.9221786207561  50.0
109.79398754216352 878.5376021779841  50.0
265.6105900378651 924.1595269986593  50.0
450.53171338786746 355.4607291906199  50.0
365.04803160136333 711.3613831138077  50.0
269.00518678963937 251.3353536818501  50.0
775.0970922820627 151.9696532897714  50.0
76.68818842214054 284.18647176075683  50.0
484.6407586503004 82.63868366933669  50.0
950.1951854214511 340.1131701081512  50.0
577.7984056397096 807.2353808009757  50.0
609.074060815954 478.901018416821  50.0
