1000 1000 5 50.0
80
566.1754006351912 201.78930566522922  50.0
938.7969478287224 243.73110327999015  50.0
933.4660528245446 896.4962981705156  50.0
920.4346938404808 122.81639464461425  50.0
467.15482647775207 89.82787935718895  50.0
788.2395135621274 383.67581119621997  50.0
841.2653268599511 985.1314478187519  50.0
869.5867712168201 625.8402787925256  50.0
168.25157086964458 302.2597546743503  50.0
437.36654535810857 438.9809047512483  50.0
586.7180820243806 239.3651700633368  50.0
79.57614891233999 54.30942743436884  50.0
431.508002432654 445.13973702778475  50.0
906.4225738983268 960.4193114311091  50.0
637.3126505690284 325.75005893049604  50.0
719.2334813517771 737.9919303806239  50.0
418.55766793139935 628.8803209812559  50.0
672.7005618028426 626.5826191242452  50.0
941.172353479227 396.710895164184  50.0
150.45748765280877 626.7389211612509  50.0
655.9507271875259 60.32414008330767  50.0
543.7193816339407 261.9943051846124  50.0
198.5636688768241 659.9425124196817  50.0
373.68864935361677 477.8176146203731  50.0
277.88406632180795 918.5690409840681  50.0
730.6578341044192 538.3893845970192  50.0
772.1373584955377 171.0133740047116  50.0
316.21721632822783 197.1140272929487  50.0
331.49245230523485 955.9515417864725  50.0
469.7009333780938 863.0666367317895  50.0
146.05871590732923 415.58079334377186  50.0
435.982255468406 963.1116536718708  50.0
179.85697631614772 515.5955260916655  50.0
788.9553970696152 208.22025935453902  50.0
94.18337212402427 497.6243758166138  50.0
363.51730324443156 12.552166582972092  50.0
287.887141433919 906.9319103365438  50.0
268.58994117148103 885.156312166034  50.0
967.4345465807377 0.10368220178891274  50.0
554.6995876915403 216.68455633740479  50.0
926.2325664947609 330.5958602117157  50.0
891.8571312508277 517.3009848024312  50.0
760.5383504886881 834.4464604081902  50.0
176.95849269306763 827.0088886375836  50.0
578.3807883000244 794.1076737374527  50.0
334.6526807165224 715.9064464516439  50.0
868.2732317296346 645.2738406062875  50.0
701.599760720493 19.42090964164467  50.0
86.09739477289513 709.7436162132628  50.0
291.2687463334677 212.360797926071  50.0
691.3898181022311 586.7682816484344  50.0
924.9018147065849 115.66383462480101  50.0
818.3646955823676 116.00295127853232  50.0
683.9971490375415 451.0082186235588  50.0
502.3573747524017 537.0911928811712  50.0
390.6401960229442 610.993436883841  50.0
398.9751255775 714.0773862446415  50.0
854.239047876342 896.3856727546441  50.0
231.09321455442188 67.25587767786978  50.0
436.69643218291907 386.9628850818568  50.0
777.9356099025714 160.72921318890175  50.0
82.77730060296639 558.7822896196839  50.0
80.8313592311919 730.8624322219994  50.0
338.40774102312207 738.2333637230629  50.0
681.8394512145958 308.9843714213019  50.0
36.86737564631726 492.0277599621845  50.0
134.2863503961319 491.10056624432696  50.0
271.31362421420255 92.31678339376137  50.0
728.3615282895577 338.0468543754409  50.0
991.8037269880032 267.4161686557371  50.0
360.26905219757276 351.42691218910613  50.0
65.95570470004009 551.1570699447306  50.0
740.0333291859208 963.8402916538658  50.0
924.617250800166 677.670987352682  50.0
680.9100988789082 506.3227522596634  50.0
977.3870769828501 633.4557655563871  50.0
42.45415214415837 171.58341985183222  50.0
827.5604746039782 174.85819124429446  50.0
9.647672473191093 578.5386627632109  50.0
942.0472789842067 846.6489002485748  50.0
