1000 1000 50 50.0
200
688.6358009606631 913.0143341052055  50.0
159.55478992127158 605.4994834867758  50.0
20.835219958358465 923.7938559783848  50.0
784.9964770077387 677.0249559998081  50.0
794.3638206279963 905.9214926444774  50.0
461.39704480929 552.5561294250543  50.0
435.8314672250003 677.6807576802911  50.0
449.6759689537384 261.81979262636304  50.0
721.0618471516932 936.8071225408877  50.0
334.1939328147033 123.8812181947877  50.0
940.5771701947449 964.7045245852487  50.0
947.2522805619296 225.28683186834675  50.0
337.57525870370296 522.9311932836266  50.0
691.34394655029 906.7758872742966  50.0
381.6620175988591 37.688485342908805  50.0
389.3139853012093 128.2200384429414  50.0
520.7037331075684 973.7103079017533  50.0
887.3132239348874 27.739869896170944  50.0
413.5153424353026 635.8650728028739  50.0
511.4058810944253 468.48536744633  50.0
287.70204282661496 504.9458615597051  50.0
135.91820332691594 875.357492302389  50.0
989.8239918883853 613.5388267951678  50.0
60.09199008642552 203.98606082812077  50.0
499.1540984765871 398.5235748449761  50.0
109.33309010435532 455.56901094115665  50.0
161.65191737038998 928.6738560030332  50.0
378.32186613612294 753.7165754269223  50.0
667.3770173510258 398.9903069839901  50.0
815.4789158360803 633.2335198730702  50.0
842.417585033263 307.8117181807881  50.0
411.7562405314913 855.8110096188653  50.0
655.5111031032964 788.4146688950908  50.0
101.45002124043413 763.8894984667223  50.0
449.88563864931274 153.72618833424679  50.0
608.7085020876858 911.4923612921614  50.0
302.45210329162995 830.9374679745464  50.0
380.6344535033035 469.61944571819225  50.0
585.3288481537954 512.2211348867613  50.0
436.3581687870723 693.828983388393  50.0
258.7821003176649 528.4185566785511  50.0
431.1845189335065 562.9246638239578  50.0
160.01688750703624 164.47763817225925  50.0
485.8924373394287 550.2044877672384  50.0
568.8550224852398 878.5858113233202  50.0
363.4936015481464 372.51671929805883  50.0
629.1878485090956 161.35666813588  50.0
389.2323030972266 477.4071283592006  50.0
784.1934063814082 77.09308883774324  50.0
104.33560032445222 974.931487800857  50.0
243.65905657637 366.0636418481055  50.0
19.99947826529025 698.2451602322012  50.0
643.3521812395887 354.892940044753  50.0
995.323192568307 85.87227371731643  50.0
479.23317706952406 821.5810361519514  50.0
701.3801463543238 618.5942576906742  50.0
603.4063225536577 392.33063663323475  50.0
353.3412537842421 615.1882012247949  50.0
54.05612602807863 9.275294092729759  50.0
393.54195218095566 293.7834060766341  50.0
758.2178997337379 501.3655511669517  50.0
90.6116489476787 139.39409221678866  50.0
194.08275154931033 315.0842377028541  50.0
83.26057083759886 783.2253727430942  50.0
928.6395066335233 17.32621632431608  50.0
742.0454051892309 795.638109779007  50.0
56.80668790807808 269.6914567591919  50.0
848.4118898563253 22.19807501176163  50.0
959.809800905569 591.6054677939278  50.0
497.5390842888787 351.0233155289915  50.0
473.41075843716476 379.0936104139584  50.0
319.9862895510827 89.68294313480574  50.0
510.6975524185171 326.7016170400999  50.0
86.87089560324735 451.1896206813363  50.0
419.493904581656 611.9671038660726  50.0
514.2809142014235 1.1669313487520094  50.0
871.0505897943639 945.0121552208434  50.0
614.8534646813498 302.062182292174  50.0
874.5309947952018 860.2403526454532  50.0
257.92667983239346 405.3138652583653  50.0
590.9057100236115 432.7860909347199  50.0
694.3989099507376 288.672493576985  50.0
980.2219600782611 939.2778359068534  50.0
678.40590380317 813.4119798042524  50.0
957.815873161181 850.6412815180053  50.0
475.15309057535313 284.95862953732984  50.0
657.8862298465643 944.0822183609386  50.0
482.7168027701961 240.50314978752974  50.0
606.951022732417 252.05298722844194  50.0
415.35458100947966 658.4504870086264  50.0
95.05874356654054 27.920794393269553  50.0
996.8413775367526 387.1010918883827  50.0
799.2284887736078 901.2196727608967  50.0
894.5753322066302 223.74689014650718  50.0
761.4441004418105 919.7824818448305  50.0
188.67268548555415 740.4035409629626  50.0
152.62966431363978 231.71282932358582  50.0
14.99874637112686 648.6900651877498  50.0
864.3846084974331 747.0716562576695  50.0
147.05777323715162 223.90588072112115  50.0
861.8588004625042 237.3163723336038  50.0
188.8915664176657 67.14445236086507  50.0
403.99902631400175 979.945105213352  50.0
739.6128141231106 274.3215370432363  50.0
691.5004395499163 236.46257422493733  50.0
359.9261191399025 902.2855152445269  50.0
238.14760229608922 563.6980731928315  50.0
421.9661196197193 474.7158317276643  50.0
277.8315028431226 201.67010977943877  50.0
956.0084564365877 154.30519507396335  50.0
817.3804654974568 555.6062353789822  50.0
421.0859791131295 122.75961075545338  50.0
524.4446193423804 95.39110641871551  50.0
921.269611599122 656.4401545812332  50.0
500.02477172184757 832.629116344981  50.0
765.3489598887805 363.0085774540521  50.0
126.83849611634679 903.6728886261209  50.0
424.8753138433787 53.22884047131493  50.0
607.5675024595929 686.3819038084922  50.0
884.0053162422046 762.1148011088407  50.0
511.1320433357348 309.04104816648004  50.0
94.31098320889942 504.9040232099968  50.0
630.4898344689085 371.7812553512312  50.0
748.6975493859976 455.87662197686143  50.0
722.0581066215335 194.00990925234785  50.0
870.7979674064956 371.8266420598163  50.0
244.70944857088693 925.7719514263093  50.0
779.6885211808941 247.03326678938376  50.0
45.39336340396027 416.62672975178816  50.0
834.4975521647164 382.8675618859745  50.0
48.78703074319335 822.54026822442  50.0
989.4551857174688 282.71012002619824  50.0
399.9804966787637 549.4557597405362  50.0
597.1586097986749 41.6432410318287  50.0
182.05302860766292 281.62027552075807  50.0
86.30440883163537 190.4213897313688  50.0
784.4987185693024 523.4085208452756  50.0
109.86545480458965 274.5116858178873  50.0
233.81126657409624 295.2997153846916  50.0
510.66690232755576 801.5360013946296  50.0
314.13936057805125 367.82667355005094  50.0
983.5420617761785 574.2349070307498  50.0
103.77541568022718 691.7312272898247  50.0
626.7257206393913 841.1130488862209  50.0
632.3423570667985 488.2232771190026  50.0
669.8688642689752 143.21412729604612  50.0
723.8944967070632 800.1554786489246  50.0
542.0354286618964 213.0133735768318  50.0
732.7499290672511 173.08930849634453  50.0
100.26829735928632 790.2039472512355  50.0
801.7239565019578 534.6423909944418  50.0
277.78817241444733 759.1929971334145  50.0
476.53395806298715 271.171133078064  50.0
630.6156377999823 584.4119056768358  50.0
995.4983247252602 962.7565812448438  50.0
262.3832306550851 622.085105782407  50.0
340.25306627182886 230.6255776494247  50.0
389.33102884836234 520.889380731622  50.0
181.06175998490392 675.5534839489738  50.0
370.95569051329693 588.9766319060984  50.0
179.39572170622066 941.4585442519141  50.0
376.50919151422204 701.1202450986232  50.0
720.8128725543908 525.3122217945889  50.0
983.5210562261159 47.28564647593026  50.0
42.76571981681299 72.65376311965066  50.0
911.7428657655522 782.7137958821615  50.0
894.8197824612422 547.411563613419  50.0
784.391903432838 429.6460328715651  50.0
322.86605452303206 845.397526591344  50.0
278.2965206929062 702.1075152459957  50.0
904.2619864058905 132.7551787299348  50.0
275.5224865926873 277.7052756099053  50.0
777.4377017991893 433.8059946872449  50.0
661.2863250157965 924.1866520193901  50.0
107.35504445214549 767.1525194355831  50.0
226.4381048847204 303.5421698090176  50.0
207.3093509716536 434.56118992865754  50.0
727.522641260676 722.7265155372953  50.0
397.91451838817784 904.0613988746466  50.0
533.4049031863042 77.61024765824598  50.0
825.7145100380915 96.86181760403723  50.0
444.67148947928325 245.56361512469803  50.0
886.7151652485751 787.0987525856801  50.0
210.49704014933002 222.11336264101888  50.0
604.2320574172018 254.0954686434991  50.0
987.3910575723897 368.4021846918345  50.0
295.8019743586024 288.72571803990553  50.0
485.21662429901266 238.71962266240388  50.0
130.5066142858846 148.6381103377633  50.0
828.0996072301823 591.1622333009052  50.0
725.9090290394835 81.51311063858368  50.0
221.32341722966441 349.52003087152883  50.0
762.9049812756273 591.1872507000093  50.0
360.0307705979312 480.7752215867341  50.0
707.1424609608678 708.3940489089348  50.0
141.53027851699872 980.1379731768611  50.0
117.26481251936826 146.03519579672385  50.0
650.2330858670781 414.3338699704547  50.0
693.0839327647153 368.3091591601165  50.0
572.7203157906508 763.8957249799462  50.0
