1000 1000 1 50.0
150
995.2170196290004 948.0951910222204  50.0
840.9469958605016 684.3832337322642  50.0
262.85831423633465 252.5945911448232  50.0
308.92250230093856 893.8913911978414  50.0
669.2673559385769 479.30679317025994  50.0
352.73212881182036 473.07609928451143  50.0
16.776516623139504 676.7088262376869  50.0
316.1986399052048 193.6844981589787  50.0
57.570049444603754 223.08485652535336  50.0
813.1198711007354 379.376958817859  50.0
570.3511132286893 831.8481783357969  50.0
97.92357017663966 388.405540133578  50.0
885.8929855414417 832.7507254511993  50.0
676.4812804706664 120.11995866388637  50.0
913.0182744960553 94.24494483324031  50.0
588.0200561379934 996.9918461002533  50.0
420.65228041176425 382.92700343845365  50.0
508.7969736007977 945.1369569473421  50.0
316.947429737053 917.9043815162789  50.0
329.1788615800142 998.8540169067711  50.0
933.0779748422596 371.094867746928  50.0
137.99510602601683 288.48839830894354  50.0
867.1553166712662 588.8781556865401  50.0
611.5087149669556 335.96717837267084  50.0
772.8157486263856 866.1852001830512  50.0
649.0773397599115 778.6418228640224  50.0
587.3844821714467 691.0245992367876  50.0
723.5519712864534 869.6134023910294  50.0
86.12093285357369 495.6094616003591  50.0
821.6883504199313 361.5045004349402  50.0
321.9018949791426 99.66190719652323  50.0
38.32212900255272 670.6810364213004  50.0
463.80105640607803 212.13694179064856  50.0
857.785532065039 540.2161483786874  50.0
783.3744226644575 569.5208929259542  50.0
907.0198845365983 772.4275348566352  50.0
54.06321141344672 32.02439430994231  50.0
497.0651146466335 985.6084103121001  50.0
426.9771092652745 233.40309529828707  50.0
583.0833375423858 764.6118828349014  50.0
925.4223324247806 185.80426322380973  50.0
867.8008381930096 21.236763483468035  50.0
60.89065570256069 577.9507074878528  50.0
649.2290368508667 857.902855799517  50.0
714.8269199179161 373.1379807027697  50.0
670.7513911775517 736.8917779621265  50.0
353.34431507856465 712.9347858056974  50.0
670.1400987489934 297.46957045777003  50.0
846.1581762458262 63.14043069360731  50.0
543.7930328624116 734.495313438419  50.0
646.3604335911745 0.46750039498399953  50.0
43.45734986052108 254.66007125383737  50.0
854.2589877818293 31.581737222367344  50.0
704.9335996172879 760.2884352445924  50.0
736.3569013253084 360.5451768004868  50.0
271.730106272961 575.6750562046859  50.0
599.6489970353829 576.3729568425948  50.0
221.36403933357153 727.2170153686214  50.0
531.763795808671 819.3279721809074  50.0
127.98263803604837 16.141957224848234  50.0
409.0817291134723 102.74152831078143  50.0
502.203770791026 881.4212859814646  50.0
747.8103559328782 116.5627787161011  50.0
437.5525357951512 840.4964862388341  50.0
427.10063469756267 19.502947243878353  50.0
862.5962132629412 116.73576573516175  50.0
48.63868088599099 438.5553097366556  50.0
448.8573639611083 915.0774806053636  50.0
713.7494700187392 137.83500312857376  50.0
256.81061185357635 691.1055357796351  50.0
296.90037365384956 593.0978642703577  50.0
15.745809729341364 673.8413023354102  50.0
873.594121870166 13.960517445972043  50.0
528.0065262055728 848.8254124154726  50.0
820.9922331636031 192.75882239054133  50.0
64.08946648057135 585.602198322948  50.0
251.2114546016776 927.1452257551791  50.0
772.317055917087 102.50804548461967  50.0
860.0875051994708 662.9402254998201  50.0
65.27167694282 1.7047792128440653  50.0
978.3017879467374 434.41663074072113  50.0
664.9072671638736 178.68730315174363  50.0
597.1185651961301 141.1097249021961  50.0
489.2295671964476 513.0348229591116  50.0
407.5811414201195 693.4105212213645  50.0
845.6639460201322 880.9630839369063  50.0
439.86781871125237 583.6130665325333  50.0
459.705480835069 195.27479166596572  50.0
718.6095188604197 994.7510511804913  50.0
712.1728524007053 374.5940582133386  50.0
460.32249151690155 646.4732834376789  50.0
84.36430944254913 371.31012620386537  50.0
730.7115104167887 195.37073853946907  50.0
217.64002480153331 646.4441745571504  50.0
152.44995355028811 156.5832332647973  50.0
182.43259342279262 769.6927742482085  50.0
208.1453588941179 994.1767173184269  50.0
521.4129148801841 144.1896790319279  50.0
918.5497478524945 239.69707865649548  50.0
382.516060705883 208.06800878228304  50.0
192.67684971246013 241.46949114716608  50.0
589.7581479225229 848.6923561351813  50.0
944.3383652386309 421.62768308443054  50.0
813.2513954109003 180.47094055807744  50.0
148.714298054785 723.5201715933291  50.0
94.55166588559716 283.44579164366013  50.0
372.9233456099764 269.0556019773648  50.0
859.448896538389 977.3988784141009  50.0
956.1606869850461 113.7128888548119  50.0
207.53777339131975 215.0004927443695  50.0
937.8227392009808 386.356187189943  50.0
706.3821242466132 217.56581428394583  50.0
36.13941637517826 31.658306129476287  50.0
137.81344685805473 48.27424100520916  50.0
465.186188296716 834.851073264024  50.0
644.8806051887011 920.2452985534532  50.0
144.74990268751066 401.684440921413  50.0
510.193659734887 170.6540574644524  50.0
905.3738936816526 290.8902431538762  50.0
359.8822234560406 497.10793044614786  50.0
620.0090796692865 552.1114473031257  50.0
932.1146577203863 748.7958350180229  50.0
804.0499275210246 509.1706512944253  50.0
675.1011972416711 292.4597812488705  50.0
117.13528587493416 746.716122808633  50.0
346.73082517193745 732.0279950320428  50.0
372.94567264792187 907.6983243901816  50.0
476.4679622952319 550.787833496239  50.0
117.33058162219612 89.79265241582912  50.0
19.861786014803705 66.26543942644736  50.0
570.4501852334962 340.7995080221031  50.0
786.9975402860449 940.5189252892219  50.0
745.2180781553127 996.2158673831584  50.0
258.44579013892957 372.3399241891434  50.0
852.1832235605216 376.5873547669274  50.0
215.74206494538006 12.898275415875737  50.0
680.0899565429157 667.9131216170132  50.0
208.15575292116583 592.6532671275347  50.0
501.7077771305958 645.290638347641  50.0
253.48427507248206 224.89383258036943  50.0
196.123094359956 268.1511154889753  50.0
327.83408081731113 360.0595232674748  50.0
701.537533351418 74.85032640794797  50.0
137.82783353991724 405.0328000798286  50.0
616.7180149342231 735.0440156484678  50.0
388.4025836064267 92.88241404659969  50.0
754.5964811128823 80.19060818811374  50.0
260.34096100785763 791.0766164880258  50.0
718.1177419306538 425.6887760668452  50.0
93.90386700214015 69.97425547080826  50.0
