1000 1000 10 50.0
150
149.07726925391862 655.4948671975469  50.0
277.9979727588453 672.7579678784865  50.0
9.599812796255659 759.0421193198721  50.0
627.1078803892389 593.3185923857013  50.0
598.3544994943462 221.76336006639374  50.0
778.3781640182044 615.0042150211374  50.0
712.8901596512309 631.0710916471227  50.0
485.1594599964454 282.19213449846126  50.0
155.01103133432514 577.2077305484689  50.0
563.9777616385843 257.4303784019693  50.0
16.79544640146846 580.4206632222454  50.0
3.608784008621857 692.171026090624  50.0
872.3160671281101 713.0006516050003  50.0
884.898564212748 236.1076565510306  50.0
849.4575540008577 680.8624786792757  50.0
980.7455198762125 676.8466745955124  50.0
541.5789870926842 91.26097079736006  50.0
406.63575256712136 304.1814158917241  50.0
985.3697554594019 126.39928686176572  50.0
974.3502920711977 227.02672682625712  50.0
479.0995374396975 867.1007124797901  50.0
964.9387713039357 36.11103831493578  50.0
844.5643616196162 66.37932031825078  50.0
881.7815016884855 401.8120136154536  50.0
846.382070176401 259.65848785790223  50.0
370.5378514770637 424.060574467829  50.0
873.8927123168273 716.5507714919979  50.0
900.0056734422728 810.0276448742982  50.0
663.7702254963195 888.526471709168  50.0
986.3927189905197 245.3466882072891  50.0
795.5536598376015 687.4624161273881  50.0
713.2283160932519 645.914228293776  50.0
927.6582427894463 141.97632014755112  50.0
50.11926217350271 329.84981514917513  50.0
258.026769821634 721.6165871521758  50.0
5.780840655185027 532.9855909671181  50.0
491.4352688409641 893.3908082488841  50.0
964.2508595831506 106.29505801626782  50.0
674.5666472916515 280.7810338457134  50.0
647.9200977336291 679.9593869380291  50.0
620.3187672918874 132.30731442778588  50.0
26.990372456880074 56.30894288174404  50.0
284.41457570375417 674.8655044739385  50.0
152.19692026094168 102.6665452708082  50.0
380.23328617192055 326.4792225775618  50.0
326.1091228858686 955.1582386361035  50.0
721.8835861301059 673.7696989599182  50.0
248.04965928564337 915.846113010224  50.0
270.8909781505712 581.3618680527856  50.0
768.64903349491 28.07725434702002  50.0
628.4733605332381 793.6085415294583  50.0
672.2789575192361 948.7314550778415  50.0
763.2299887557818 913.4288228345213  50.0
469.08431675542295 401.08967527901274  50.0
93.171198002585 698.7211740314117  50.0
523.0604263013868 188.33435802208132  50.0
651.3670252497332 203.72512360614257  50.0
968.5988375627812 475.23137459415034  50.0
956.0952616479976 410.8700296541256  50.0
775.1508373872273 804.333036921616  50.0
379.220273565144 648.0635137511908  50.0
8.1355148530019 103.08019444545813  50.0
260.6362381633096 267.03575443831363  50.0
803.9446069763866 759.4704507983489  50.0
751.9590728492723 770.2701316378744  50.0
827.8738486370584 696.4993197487577  50.0
389.25402263547426 817.2150590141081  50.0
16.036563367116564 259.3690674006132  50.0
692.4364032602315 314.88550013481364  50.0
215.79197548075723 644.5001414870598  50.0
668.0852253362157 103.62678367484001  50.0
933.9473509720347 545.6684305587715  50.0
952.7606487168888 585.7276297022449  50.0
777.9694654683153 670.1309720629183  50.0
475.5180311153296 12.733177258917095  50.0
332.66766324452067 786.3917231279196  50.0
941.1625784882552 46.7229335410958  50.0
153.28706251190115 5.29802364293086  50.0
139.89060301334877 641.4823807575019  50.0
275.677515691259 67.44756696116339  50.0
74.31427009395163 251.41167028659515  50.0
145.17963319933935 512.4246022278568  50.0
161.46932974470718 869.1781400933039  50.0
148.09696758680124 739.1732901810764  50.0
315.25565663134 417.53384369683033  50.0
993.0986228997917 131.8550848547324  50.0
543.8629820092503 576.3834914968263  50.0
34.62439180693122 621.826104358486  50.0
807.085368846841 213.10186504098348  50.0
256.34021726438874 283.9096997196805  50.0
270.02923374541797 202.2641533527404  50.0
39.918574736837684 823.9280865900631  50.0
762.5720840582494 570.366466431201  50.0
32.895455687557586 104.49641585747193  50.0
208.0297548439769 581.7782114805334  50.0
399.08094683655213 177.37146123793235  50.0
19.842329539248915 594.081641811608  50.0
485.9786215258941 643.1862080356971  50.0
981.6899514560207 254.1182564051976  50.0
475.8940693574659 543.1905904128375  50.0
924.3013324525507 880.4755583338379  50.0
900.89010348626 402.6580854559888  50.0
591.3198807890788 683.8121945036578  50.0
996.4729683650254 491.90638565311497  50.0
446.9429757015648 813.3328348529767  50.0
744.869836913114 848.4197848417095  50.0
819.6524388767948 85.88895863792978  50.0
115.98494237252099 112.3499596629447  50.0
699.2052059178686 653.5952122296824  50.0
452.5979291686912 767.7107325713787  50.0
708.1549682364056 796.5154817217384  50.0
166.094814720678 952.8715360359356  50.0
254.52707961425313 488.88645175663095  50.0
909.9983915715266 606.4934372075737  50.0
638.8707489779287 380.51107687520056  50.0
180.79135386551403 348.8406535165517  50.0
936.7637117642236 359.3677338864092  50.0
859.0023511189356 163.4392539789099  50.0
806.9465575321943 917.1455205590789  50.0
548.2512590144644 640.3443458271078  50.0
985.6153500906382 126.3299225702309  50.0
695.9269550315937 269.81539036998726  50.0
119.00236168085921 155.6270046949494  50.0
386.39712717723484 33.989266557618805  50.0
759.2269659842328 899.9288854282073  50.0
386.1263934998896 334.17874419962214  50.0
802.499716035145 481.68642552614506  50.0
489.80546379525845 112.71398566081314  50.0
384.11444377368133 92.47021270880818  50.0
467.57088859174524 880.7832272754142  50.0
261.2648744923766 886.6639591589819  50.0
945.6209518505377 247.51789643617073  50.0
12.573587904589512 413.6493240925676  50.0
366.0104695823515 460.6067844031572  50.0
962.3228634420998 380.5044883966753  50.0
766.1334513996824 415.0127583796225  50.0
597.7284693333253 374.1535819691528  50.0
494.379166598672 563.9041871444358  50.0
389.1990016374266 540.0677190467452  50.0
135.67380287289265 174.70338183799606  50.0
346.37504012043786 114.03233318762562  50.0
859.0964204874239 413.1919685631118  50.0
346.8437901284238 134.1599153927674  50.0
119.48464531337765 809.9035021965852  50.0
259.776515177832 622.2413265456594  50.0
145.92155686622442 765.5718093220407  50.0
153.33771032725974 16.692504415401153  50.0
932.2227177777307 886.1930887686094  50.0
422.56651720967045 663.7677334913478  50.0
508.01780189164816 103.29852530388128  50.0
