1000 1000 100 50.0
80
209.42931497952688 351.16019980997856  50.0
9.892589378383555 508.43469359033753  50.0
577.354968825436 393.38024687993266  50.0
295.5137274691175 778.8742669736197  50.0
514.9006583466024 874.6304057030273  50.0
68.49589545715762 6.004585563674336  50.0
967.5723560678506 201.82187053227008  50.0
981.7127668285434 195.54448332415896  50.0
616.8200927727711 672.4438813201658  50.0
37.53852071400121 465.3468095126102  50.0
783.668529457215 337.41251107298274  50.0
267.369127757734 657.3014296015524  50.0
338.29934878508885 725.6834720966516  50.0
12.08162045931649 448.59105464230254  50.0
383.9265703013366 59.56544572157163  50.0
919.9166660653808 396.4118796459416  50.0
624.9075147866623 957.8352570376417  50.0
935.496838729657 359.06081103767093  50.0
751.8834760238752 523.1691690727454  50.0
492.1691447581276 776.3301684215382  50.0
880.845903241312 141.06993634096142  50.0
839.5872145371306 363.43921637695166  50.0
68.37547345930628 279.38190977149225  50.0
939.4248110028612 875.2715953428079  50.0
191.90279518767085 70.65189243185644  50.0
644.3393775646612 731.4764714575904  50.0
31.69131885903298 484.00654178448644  50.0
938.7802763873344 458.0303099154587  50.0
220.3443068544959 448.8816545571055  50.0
864.9634009447942 97.14502872504704  50.0
835.9896439785567 379.8524492922996  50.0
383.31033074976926 964.9481912192516  50.0
806.897357653367 169.9784991889679  50.0
823.8764738687628 395.14855310411303  50.0
968.1367689687737 869.490252301089  50.0
773.7696679222886 396.94083415359637  50.0
564.9813483989964 947.3091622555028  50.0
215.28672441059214 476.69149262266654  50.0
233.12119790350337 244.80619786739254  50.0
480.4726842722451 225.4869379061102  50.0
2.344491780419955 474.3691197762504  50.0
120.03325845541201 658.4148334443739  50.0
668.2009270936729 389.7616546481228  50.0
98.00805109261368 706.4872319168444  50.0
955.2613517792323 560.9223011611068  50.0
818.3389313812717 708.4048246461953  50.0
255.940117296389 22.76483604435797  50.0
365.4436182284897 226.89933165590682  50.0
370.44739249710256 935.7060121263447  50.0
998.1319854388512 23.180642237976112  50.0
596.2908650885493 795.0604504213406  50.0
374.67871506930675 563.0548010482136  50.0
719.8473389578944 657.1068793315487  50.0
206.59258519062573 999.567144460632  50.0
947.8769448881924 311.54347235071043  50.0
39.5992647327843 179.56449348813453  50.0
583.4532174018516 323.2143776245819  50.0
642.5809129450972 855.3594701711706  50.0
298.63526434381913 390.4038285927265  50.0
48.69274031731785 947.7185600364728  50.0
185.30831884362874 522.6578041524134  50.0
637.6028192947481 402.6851033598368  50.0
375.9715991010759 128.00760416863966  50.0
773.7785653133366 912.2872786989316  50.0
917.8536314144617 217.6335507975695  50.0
422.96919150443233 527.9699991454293  50.0
756.5865657338749 585.4215100869076  50.0
857.5106219718905 985.6291157302486  50.0
139.77273939109813 0.5282337242328294  50.0
30.805563850080265 382.41505739575234  50.0
486.1285106080482 162.98653844837528  50.0
452.30798381105365 698.0121356102492  50.0
782.4914587603018 415.54444953736447  50.0
426.5680357968835 536.8890848338315  50.0
868.8290722989358 979.3472708226353  50.0
333.3699921660234 383.05496947032304  50.0
550.4885126953536 786.7351713242916  50.0
220.72179114883937 605.1443455123411  50.0
337.2780580781003 821.3429518852031  50.0
358.4323368558846 427.19370448573267  50.0
