1000 1000 100 50.0
120
51.77431284461531 984.2193848138328  50.0
484.9698660488813 28.5009220726824  50.0
839.9563440146462 625.095904687814  50.0
359.0908793336138 809.0364591979135  50.0
62.58474025519612 356.8440021781272  50.0
791.051168412258 744.8367847557864  50.0
772.6826590127494 838.4567569386278  50.0
700.859308120988 974.7731112408499  50.0
471.38557689375784 547.8029066528175  50.0
270.91422223616047 601.5870773288655  50.0
177.29749502760072 303.4873328945559  50.0
892.0825066985893 674.9640751160953  50.0
504.2404598289183 154.82341497966345  50.0
127.21715404177469 656.8690239287363  50.0
968.8634496303288 846.9785629134232  50.0
511.72888581533493 631.3824991070877  50.0
391.1781721263303 936.5190798347751  50.0
668.0468510677549 30.063500589888715  50.0
173.9411943469098 31.994075658099753  50.0
649.2825671756465 183.90470579045203  50.0
450.90274486049367 564.862483475827  50.0
647.1374293058685 584.2348868190936  50.0
579.2950351889824 957.9810521109767  50.0
200.07052242081468 337.46237135071544  50.0
218.53340811934007 52.03560468407875  50.0
819.9701628115153 932.3423039087862  50.0
284.95629644869734 174.7115379803753  50.0
519.0492766446771 103.48955647922631  50.0
401.53053046524457 293.0638020729647  50.0
63.41095880474279 271.14865279605374  50.0
71.80087024957649 276.46069901755  50.0
905.7073447782619 764.7702808204332  50.0
698.9637943495325 415.6397585835352  50.0
656.5416903200862 796.7337189877317  50.0
743.797143960193 992.8281051568941  50.0
642.7394685952115 942.5935138457021  50.0
769.279022615616 878.5436910088334  50.0
570.3416571853661 705.5173028730221  50.0
855.0806703143888 842.6082374253671  50.0
561.1492920592151 595.1213858765354  50.0
881.7197024221568 510.06586389368556  50.0
863.8753157244194 34.69920173768237  50.0
482.01168058613206 667.1167282168432  50.0
354.436311797266 325.8772015647307  50.0
36.559524863837844 927.8378383118569  50.0
534.642749129576 846.0216814262307  50.0
950.3717833109879 609.3782234035992  50.0
114.52380747519652 631.2590073972758  50.0
589.3023367984304 31.47881524201912  50.0
420.74875812853196 506.76094359125466  50.0
677.8560159575327 355.5825333428311  50.0
812.083417495955 965.9856457108081  50.0
664.005458079289 509.46293034977595  50.0
2.5473344640759565 71.85412799651847  50.0
542.0167485028759 705.2148792940321  50.0
693.913206358108 755.3810095305311  50.0
890.8829022629935 551.6141206675111  50.0
201.41721054680616 21.06742449038057  50.0
433.8151816325262 786.2668650522191  50.0
820.0250455572232 733.4029017271929  50.0
253.34464025578507 208.63472545311157  50.0
523.3252403487122 855.1122886016359  50.0
906.9373035972166 481.9341814785143  50.0
213.09787869613672 235.32286100753308  50.0
79.62806498890251 90.07392762926791  50.0
144.83340175530867 304.6154322318401  50.0
83.0300856998244 885.2074278639117  50.0
342.9527150385009 323.9630527579971  50.0
464.17798285098553 342.14238434892263  50.0
789.2061530924504 155.84915871313598  50.0
223.0144004653951 847.7621844676044  50.0
918.7061084361303 878.3966096088667  50.0
653.9315805402903 96.77942876004586  50.0
490.2738222868108 947.1281830922196  50.0
624.6308373481749 939.5547425174426  50.0
211.25794351280226 24.017512288024623  50.0
184.6641640736627 833.3788413380244  50.0
591.7089327395036 39.77929084262588  50.0
756.3746392583391 385.5295738598378  50.0
378.7699358577392 532.8863434774397  50.0
802.5523644841767 344.5795952105842  50.0
579.3711071189279 817.5898194037796  50.0
787.9761508291626 795.8448943926148  50.0
517.7912716084593 73.25838522119766  50.0
456.11077830773314 247.5277601080479  50.0
594.3772072831588 18.641502013508116  50.0
927.5828303439604 756.0225301279996  50.0
412.6872492838388 437.1997443976545  50.0
893.65850642253 232.01594701210504  50.0
724.5528060233763 453.43593390394153  50.0
225.7992087929681 593.4284325686641  50.0
206.02759511623137 125.19838658647086  50.0
651.4716114957643 486.90636637718666  50.0
421.92120925440236 613.2175372258254  50.0
756.7409895405204 886.4898212760155  50.0
462.59027749058555 916.6759342064552  50.0
467.77789054624975 996.2438000412385  50.0
643.886400015319 922.4007094542635  50.0
336.25960501747096 533.0556206886204  50.0
349.63760349811514 305.30663986839943  50.0
407.7502138453092 646.4648353714628  50.0
565.7659366417256 639.007188103111  50.0
187.49335686398783 444.3060722123987  50.0
906.1202220467861 928.0496515891549  50.0
234.65468510359523 336.10955000311594  50.0
962.3304223417638 657.01989181794  50.0
213.9015676963757 180.61789806783835  50.0
623.4657196786277 366.8010180640339  50.0
812.3097326051663 529.4417796500964  50.0
606.0053773717942 714.559546346278  50.0
789.9378187689969 95.79139710476537  50.0
810.6081115389669 951.5715133908835  50.0
574.0125128963418 945.3844330168872  50.0
279.392034186307 761.7903182021441  50.0
229.51854524274594 806.0455137937906  50.0
465.9139525226941 444.09661768420807  50.0
343.08896765866206 323.1759937411731  50.0
249.7632369352345 492.46062296254513  50.0
342.4434880142487 50.18722335206771  50.0
628.6620639466579 730.784785126749  50.0
