1000 1000 50 50.0
120
773.1765881856294 335.68795450763423  50.0
61.478649294016364 375.25636983557166  50.0
347.31082811457736 108.58552452181102  50.0
112.91129201637517 176.98848751166597  50.0
557.700869590926 695.5928843184145  50.0
645.0452898815432 193.04038073156536  50.0
829.1815388873853 782.298983868989  50.0
41.646604888506914 999.1902895500152  50.0
981.2114192402348 76.01688316285127  50.0
290.26710002663117 704.0873717950184  50.0
486.68588974497186 730.3886949418206  50.0
741.863155560316 20.18869917956634  50.0
707.0392137843141 579.6304223953753  50.0
560.829513665479 291.69060623702825  50.0
516.5074687828167 487.13484367079406  50.0
938.9655649592961 401.84778988527637  50.0
495.0267900571176 106.31417706315315  50.0
929.117014963498 115.86303094347483  50.0
917.0917229998456 875.9792271713638  50.0
317.713383508021 80.56979909093565  50.0
93.0011783677439 128.21471037749933  50.0
300.1474894349615 398.4181919824553  50.0
229.27039271548855 773.6252726223893  50.0
848.920294562682 420.8147916641193  50.0
866.5888985198852 146.99049748910252  50.0
571.7004978040582 164.65516316112073  50.0
126.55640394329926 245.78123956731878  50.0
544.9253475777574 545.9273729075827  50.0
452.52965721132375 774.6538175487724  50.0
78.29543046309972 445.55369927306367  50.0
265.26531534395247 120.9525760667286  50.0
616.4924414855313 475.1768508054135  50.0
970.6447931448731 629.4152537547569  50.0
16.67638327743337 194.3859784143116  50.0
54.61970322778431 318.69005850719986  50.0
253.7942378009841 445.9170275001222  50.0
579.6166242155754 487.9368593595581  50.0
200.4592730085526 421.65091404107824  50.0
256.99282709884784 498.69955883527115  50.0
504.1367611936729 49.77181860330815  50.0
411.73531680025553 385.40021524723477  50.0
741.5979213462499 302.2376619176481  50.0
578.447504725236 847.2199721639042  50.0
969.0811129062856 61.752992074794236  50.0
171.7690962381202 604.7957127256028  50.0
506.3253634287834 258.72429517696605  50.0
659.7267701956415 67.07543909284198  50.0
293.6182045841983 91.21641153737836  50.0
935.11430676979 746.8393691007077  50.0
443.22625302513154 274.71795226734173  50.0
127.85251961838794 887.808134919978  50.0
670.053198666039 433.5627106836478  50.0
930.3815200030645 321.9230849948854  50.0
131.09719395301477 942.142825888611  50.0
618.4880846235509 662.2979016461442  50.0
829.2554064373977 751.5890593134877  50.0
341.57395430364966 555.505135263527  50.0
144.25053463063153 996.382051822006  50.0
929.2214077109804 866.2748235870845  50.0
241.93041185407026 465.39786570234054  50.0
415.01435202508276 348.3466758119899  50.0
82.91862669913985 343.1799924169464  50.0
713.924871363554 567.1313726723106  50.0
502.5702690945245 979.769068388269  50.0
406.1766440313083 583.000707990486  50.0
366.41410696557574 831.2108618802919  50.0
378.34791107608714 178.43984426499327  50.0
118.73816196836562 127.9017354180092  50.0
151.57880919646206 217.95981185961088  50.0
136.70310674568998 274.2202104830134  50.0
87.09890380348484 66.5817468354919  50.0
178.3439319340334 460.43197431735314  50.0
300.8927442452564 860.8687249258943  50.0
870.0469851092984 476.6453563908526  50.0
42.17240982449777 825.8952761046072  50.0
617.5663338612881 258.63252064876076  50.0
494.42797630161664 762.2081893987456  50.0
544.3693932500802 266.62120027754133  50.0
443.17811796363674 288.74703780025925  50.0
62.078865875969555 400.7010903779268  50.0
21.144877046769373 420.8561520187555  50.0
460.00455705506084 790.2772953603131  50.0
789.4276690251531 586.934395512836  50.0
464.23463754181705 460.04312468252306  50.0
742.3541139968851 242.93280656395368  50.0
61.483264720750384 571.2329581935658  50.0
434.03561052409555 830.8245705400115  50.0
8.86736858599335 664.4554685324576  50.0
316.25831817644166 945.3353917206275  50.0
358.01257315104186 89.19612149705436  50.0
550.1908438328618 222.63690745918296  50.0
10.364094181809502 595.1172151719015  50.0
8.492219409671598 645.3693461840123  50.0
790.3057274344235 881.5726771015703  50.0
919.7546603660649 670.274290757292  50.0
773.6661549052333 754.2939225562959  50.0
623.8177276951609 827.8817411260385  50.0
641.4183592896715 421.9921369483561  50.0
204.34173537271562 218.11037212534058  50.0
641.8547998873162 380.66139662168763  50.0
344.1298468075118 631.3035993460275  50.0
339.2473023153864 279.6561143560519  50.0
609.0401983102762 861.1383329770471  50.0
702.9772585728068 141.15543370412175  50.0
507.93008485565326 144.0069690874557  50.0
248.34829109821388 313.41592287799926  50.0
98.92723032598028 558.8879535576605  50.0
878.7700491913383 578.2536648323736  50.0
616.4231659853236 652.3833245837773  50.0
798.7286510471162 904.48514676319  50.0
578.5363301717125 515.5168398622463  50.0
367.9352526915886 441.5957526507198  50.0
101.39380481285853 32.04927307513261  50.0
49.27149187769453 481.6940391372271  50.0
694.4321998889415 42.482318959147555  50.0
666.6265276953819 282.84824015722046  50.0
640.0192807225824 723.5861627106757  50.0
33.44737005289578 843.1914603555546  50.0
171.05032291257905 570.2000998070872  50.0
638.8005877715492 942.72026476131  50.0
