100
1931
72675
[0,1]
[0,42,36,1]
[0,24,38,1]
[0,21,1]
[0,28,12,1]
[0,1]
[0,26,13,1]
[0,49,1]
[0,31,1]
[0,35,1]
[0,1]
[0,1]
[0,1]
[0,1]
[0,29,1]
[0,1]
[0,1]
[0,1]
[0,19,10,4,40,1]
[0,1]
[0,1]
[0,1]
[0,1]
[0,1]
[0,1]
[0,1]
[0,3,16,33,46,1]
[0,47,20,1]
[0,1]
[0,48,1]
[0,1]
[0,1]
[0,1]
[0,1]
[0,1]
[0,1]
[0,1]
[0,1]
[0,1]
[0,17,22,9,18,1]
[0,1]
[0,1]
[0,1]
[0,1]
[0,1]
[0,1]
[0,23,1]
[0,7,8,32,1]
[0,1]
[0,1]
[0,1]
[0,1]
[0,1]
[0,50,1]
[0,43,6,34,1]
[0,1]
[0,1]
[0,1]
[0,1]
[0,1]
[0,1]
[0,1]
[0,1]
[0,1]
[0,1]
[0,1]
[0,1]
[0,1]
[0,1]
[0,2,1]
[0,1]
[0,1]
[0,1]
[0,1]
[0,1]
[0,1]
[0,1]
[0,5,1]
[0,51,1]
[0,41,44,1]
[0,14,1]
[0,1]
[0,1]
[0,1]
[0,1]
[0,1]
[0,1]
[0,1]
[0,39,11,1]
[0,1]
[0,1]
[0,27,45,1]
[0,1]
[0,1]
[0,1]
[0,30,1]
[0,1]
[0,15,25,1]
[0,1]
[0,37,1]
