1000 1000 5 10.0
100
200.9255018821363 939.0005284704052  10.0
93.33291305869018 66.5473879012708  10.0
408.31647999900844 438.8252233488351  10.0
964.4761527958085 842.3412170740104  10.0
230.65947955657506 265.1089070384428  10.0
222.69923275155278 770.3310557017726  10.0
46.22103283287049 741.0672223215333  10.0
456.7603139263978 347.6789648868714  10.0
966.9394432464823 524.6346250104508  10.0
739.810699847338 172.7320512001397  10.0
65.5186301328231 501.38046089931197  10.0
438.6540972334174 308.3065103375261  10.0
715.1634771775481 866.5819014085522  10.0
125.16436321374191 897.4981629986955  10.0
911.8600960946451 689.4522713767477  10.0
432.9098581082661 755.1941201407116  10.0
840.7059823870406 870.6889873908653  10.0
109.25918791630218 917.2500328680779  10.0
620.6469428823062 553.9176111210368  10.0
701.7194006904753 419.33588017886615  10.0
116.0790360267222 732.2741297628684  10.0
286.98450487556806 898.7426458683702  10.0
939.1252561997953 3.2805891281733057  10.0
402.14868589850437 964.9811482887278  10.0
282.9983870841608 168.33391569828748  10.0
869.7649141157347 668.79339882863  10.0
24.71294406124791 647.541325941004  10.0
521.906850442281 814.2358490860789  10.0
614.510689922088 486.30030996217664  10.0
923.1175622075892 304.78304078234976  10.0
629.715901489801 66.93469105246741  10.0
68.10603297768203 191.9393921987621  10.0
512.3377909991963 506.8627443576288  10.0
687.278493094287 603.6353803503288  10.0
932.5896161763752 124.1871676193964  10.0
231.66814966057504 269.72399738117724  10.0
424.59472232609073 282.2611460056916  10.0
828.5539705510632 933.1824187469417  10.0
425.9025054362906 386.69790432245543  10.0
500.0348693914598 538.1621557263192  10.0
619.0374181854677 801.4567186653471  10.0
719.0531957959181 719.8210343692787  10.0
521.1571295153055 975.0504947702318  10.0
940.8371172728433 785.9087943817302  10.0
596.9963988882978 123.58622214209247  10.0
92.45862397618343 76.36715493882717  10.0
780.625489626601 404.2614325243452  10.0
129.18025971283942 314.74447748245325  10.0
183.15296708631212 631.1061542100505  10.0
673.4900720800116 324.01425096032546  10.0
936.3549059475841 234.1717001872089  10.0
441.2012475430628 269.42544329756015  10.0
576.3135718167007 344.03337730827343  10.0
628.7189784598861 412.3019002029439  10.0
106.50036358306991 595.3876566961411  10.0
686.5540717499847 211.24732439340156  10.0
896.3393998893807 486.687841927524  10.0
936.3890437700986 491.0008769888129  10.0
869.1398887789395 907.1775546055931  10.0
302.47950271401646 314.2282241502823  10.0
12.386529417782288 748.3442544220043  10.0
22.899337833809152 137.82103008411562  10.0
103.72905945967226 353.72976954480487  10.0
582.1158177327744 812.817899578161  10.0
687.6137721587321 929.1986168337977  10.0
263.60642261660064 995.8481124051203  10.0
760.3509367023665 935.1790959843954  10.0
659.7062716559556 580.0389100325937  10.0
325.5139194419926 913.0559127697902  10.0
195.60143426111176 824.6160125988845  10.0
966.9176031770336 159.80754167648868  10.0
225.35990364957036 964.9662657096821  10.0
853.0245572301417 158.14533630541126  10.0
540.1186371067574 218.7202164348824  10.0
134.4796771221668 693.8254459106579  10.0
192.02178509424806 268.451562181116  10.0
525.575275225859 147.46901757999564  10.0
382.231400099702 497.8793578492163  10.0
970.7999804347885 535.139525313644  10.0
787.3089812603954 485.99820190329643  10.0
689.2269065760797 490.09097733423545  10.0
105.49222027580151 522.3504566096675  10.0
562.3474984759799 527.5140523147422  10.0
792.8685329306012 196.69350269711506  10.0
785.0594070232488 614.7719734818776  10.0
929.1727213699403 437.6046204868602  10.0
934.8682199530269 281.5312261124273  10.0
903.9135890510364 727.1043760887609  10.0
130.96447943970924 247.35705392252393  10.0
145.7599914641561 602.1692037805655  10.0
752.6887188077078 818.75717223211  10.0
431.594093439788 969.0425021680016  10.0
265.99927692397705 113.32153084175356  10.0
406.36564221339586 202.54265619403577  10.0
66.90888020733976 505.5197720716283  10.0
820.8581044798146 480.10557209560125  10.0
892.4573574501653 556.8822279583268  10.0
651.703543779364 309.08844878616736  10.0
272.6401913616534 92.70452755636627  10.0
706.4601731762032 745.9003386518053  10.0
