500 1000 10.0 20
100
479.37216431727904 159.49821647656216 10.0 0.9964133675109613 6.246624164031975
269.19548730526196 508.95393659617116 10.0 0.6110170686774608 0.754549846133449
189.44383332651955 782.2289929600289 10.0 0.5691094548816464 1.6305048110009093
227.76475578579996 118.93974338428093 10.0 0.8973937551296441 4.8527187780342524
485.2132248889919 501.1030896666504 10.0 1.5835100523820145 5.379215609427421
370.6956816100085 827.5573838749679 10.0 1.06604516478192 1.9783940136333014
135.0829034399542 422.82491635528186 10.0 0.33785969594386533 0.5164764973647711
147.4726560619455 204.5676933382715 10.0 1.2400419514208574 4.252388725228864
285.32148911786055 773.8269893778983 10.0 2.3021661572145677 1.246122309618624
170.02849392615272 763.5264350033752 10.0 1.7217005422523544 2.72963847263012
230.04166856752474 883.2575470558119 10.0 2.2049997575990004 0.8924444380100776
214.67134795371652 232.15559841200272 10.0 1.5470729748171421 3.71390206562731
313.53300128178944 616.7124508616284 10.0 2.5559068708036654 0.08958640890935046
458.9053424396985 806.6627362016576 10.0 0.8755804351639223 4.3548173476237455
201.27756094554056 889.6181223525459 10.0 1.5988460310256165 0.1837074777075594
251.97326060503335 143.91402569392775 10.0 1.4347507226687048 0.6215394525643694
380.9765499661029 139.17161387478748 10.0 1.8579739350016458 5.462052969127687
342.9491827543825 95.36780337080586 10.0 0.025418510123494515 2.9374624476696383
379.9160570390204 883.7439892900674 10.0 0.11631980031659037 3.995650808223507
115.20933912252684 436.67448958224696 10.0 2.2940716510225396 4.915395556920906
310.00004750448124 748.6534331188496 10.0 2.1346934299247513 5.2672905219870385
1.1092271176889046 96.84930139062753 10.0 3.083015452793376 2.9998103807832712
476.7786855628756 587.2140780867795 10.0 2.531013501236591 0.6989436387072634
375.69523079733415 640.923961467968 10.0 2.9765398574105926 3.030750146113912
413.80011908294006 575.9671557335652 10.0 2.972531943114707 3.790102926523521
353.27869915258657 9.98361468706943 10.0 2.6413718825876247 1.5802750410462627
328.6140086102016 413.00039301546366 10.0 1.2471584191092464 1.4236774468392297
35.70072476209762 772.4954359939095 10.0 2.1680979330627754 0.5981497972682481
71.75462956065986 998.2620732961332 10.0 0.8044162762670415 1.3252553549214194
386.1157768318887 390.8346718158684 10.0 1.9897094218958051 2.376941158469092
365.031937240839 224.7759752296491 10.0 0.03577221215186067 4.090777412173966
27.122165686396137 256.9149636715804 10.0 2.7388257979012978 2.5325280710400646
150.45856151489073 759.6634812705759 10.0 3.03088865982819 6.228619658281254
387.0676454641406 500.8288676003374 10.0 2.1905456587909238 0.2668224725415052
46.14098292413793 943.8789724573444 10.0 0.08396659840810032 4.002796168036124
243.3580985556375 826.4047400740012 10.0 0.7896463085108871 2.7679987832872737
20.462838453287613 189.5649576660199 10.0 2.098229057102912 0.8507205723568647
336.5976420645827 877.5865373087057 10.0 2.9135083146292207 2.174327867373957
20.888716782122728 503.9329869254837 10.0 0.19369359259650523 3.870204889900288
354.387999247092 889.5425570782731 10.0 1.8075401244220557 5.629467438712259
418.716342788128 18.57680444169518 10.0 2.210524912934773 2.7243530642563685
208.6155916940281 628.4094091763039 10.0 2.888722494621863 5.749120392646481
256.10541055602005 653.1237387679928 10.0 0.1343566372911674 1.282030102256591
155.0541393318396 873.5775043991858 10.0 2.668211706711764 0.301246686960758
406.71111739653986 292.13083792316473 10.0 2.8571145424797075 4.236377956478175
429.1112053804928 946.4243556475625 10.0 1.5505671375132477 1.8268139126697025
386.2506544051875 104.13185865295749 10.0 2.4368966415622477 0.7447255864885677
196.54655902559952 39.40183945747589 10.0 0.7472645281037504 4.631604124439424
174.33056077693544 881.7413121629476 10.0 0.4164601326528985 1.2704024484637313
242.99064020641796 349.38359980001377 10.0 0.3010039396572822 3.814101207482237
33.863260737535484 531.7220107945725 10.0 1.6337800205067203 3.165393096919766
451.09118181605504 269.1792118472532 10.0 0.2947534363370315 5.485644294184641
439.4008430443581 93.92217641121326 10.0 3.1240606034435263 0.8646043921192366
239.11614333038733 141.12084795907788 10.0 1.8216829182372383 0.3257546935600967
350.7141523229289 917.9883388992895 10.0 0.21479538410695506 1.0536814136930268
259.8410595908016 326.6290859404005 10.0 1.9359497809776394 6.133235529914815
192.9454421819059 876.7605996413192 10.0 1.284942227254811 4.7431060292482945
283.5489028779193 595.6639072971739 10.0 2.7224351417040014 3.861096226523874
29.662514086341407 745.2559891770039 10.0 2.603974172583393 1.4335151632270937
313.97072218888724 89.96733927620548 10.0 2.0018540269774285 1.601198095792409
40.142774471197185 124.1466801738077 10.0 1.1156710506014516 3.278417644344442
110.9949231621103 364.00352764683885 10.0 3.0880983485902966 3.8827851935740454
37.214936634569206 536.638956286442 10.0 1.2948008452140949 4.208022139618405
418.9736649035572 257.5032826053854 10.0 0.11866203270081645 4.51186828223209
386.9869377283329 577.6593925529239 10.0 1.264572412659805 1.8760985375376404
324.45409187219093 603.5183855714657 10.0 3.0785441922968335 3.3687038564170355
316.78777130863364 244.25428946764805 10.0 0.6968074338544492 1.9511030266519682
292.1629627603329 25.892796114698303 10.0 0.9190161553235536 5.169110415372796
222.65165302702948 826.1088983355272 10.0 1.545545823904291 1.2418202419111308
53.07236099890061 330.0563969581757 10.0 0.7190749190519492 3.748458227803265
212.6725663767105 985.0923682889332 10.0 1.7245311140258208 4.267238280613141
143.3750078451333 241.0477680966582 10.0 2.021061024250462 0.980259714240355
247.5572298202802 902.734974923235 10.0 1.473976698630055 3.7874617537926647
18.197007969067037 492.6722761764384 10.0 1.8767631346284048 4.1979381940875395
364.7046849504259 624.5435683832461 10.0 2.106707378322298 1.8965293566414372
288.87635850656955 521.7016647009972 10.0 1.2620254174369292 4.107810305457885
97.14071464802737 980.0617934057971 10.0 2.7419098929473655 5.33553326243376
257.6351297262921 271.0213492530222 10.0 0.011234421522372317 5.867160561510662
323.6349816899363 707.5810862059712 10.0 1.4201239394040226 5.653459178814917
48.473726509443814 855.6316554509721 10.0 2.765979607342059 5.359699399055003
411.3292122549738 662.4088442500262 10.0 1.49531948808835 0.39626184006469317
258.1150978115542 95.40955400804563 10.0 2.6689124216308153 5.333431149679382
137.20460162773145 237.6000345728615 10.0 2.9941534711290436 6.261330470477285
175.82710586474275 168.53660162051665 10.0 1.4254140790513712 4.273930079698205
499.71621148047126 376.0582567034426 10.0 0.25860420889497565 4.158931979981947
245.95129854398112 889.4998134166481 10.0 2.618965119352304 5.5541584569648315
156.92299424341337 802.9128760333314 10.0 1.6903919535604393 2.737237833862465
71.96598745677207 365.5715556727548 10.0 0.7745130479590221 1.7249755661996529
352.4411208114513 357.07822133999036 10.0 0.23640084596971547 0.09129313910988171
385.9119310590863 35.67452142595795 10.0 2.0158990846193245 3.478617631275272
315.5489751513917 550.9010227157563 10.0 3.110494437025756 1.9382021135605039
32.00871534678501 345.53845138490556 10.0 2.9930641360667414 2.1758551644716593
246.77192791672226 736.8027318146624 10.0 0.696252698648287 4.7841878861090485
138.28988928150054 563.054357294195 10.0 0.053411025146302846 1.442550851793126
125.27489873142817 509.8225504907151 10.0 0.40478299587736777 4.976427268904132
275.0850108301386 487.73299211016365 10.0 0.8861359842507094 3.5847320748371168
199.3909570855999 224.96760857413167 10.0 0.7197446435770057 1.8555789148354325
24.176835865617253 58.173361396681614 10.0 2.228960622271048 1.5049017316110356
146.61401993312768 758.2765415422355 10.0 1.3586078824037777 2.494831747781201
7.461526411235154 111.44786383642324 10.0 1.6846528158582494 3.2403680127116963
