1000 1000 10 10.0
50
622.1246029152851 925.766015348638  10.0
217.21154386486143 193.21312936226053  10.0
941.045883149821 688.5479095741272  10.0
305.1892713461112 465.0427418046744  10.0
319.23008005175666 424.9875002299424  10.0
379.7983379234745 675.3387266436088  10.0
815.551549055564 639.3718768241084  10.0
524.639496155583 719.2686926185206  10.0
697.4964364314073 948.7092761098307  10.0
246.47337372358825 469.2268284053196  10.0
406.41887308612047 177.48368965047257  10.0
184.06466606647675 531.5305402526965  10.0
341.8284607409914 171.9312115393381  10.0
341.8834562404344 748.4107497106271  10.0
853.1681333852134 575.0791878454022  10.0
757.1421484798994 538.5882847088772  10.0
62.891596275883366 15.70398622987379  10.0
259.6217882495222 522.2669794834366  10.0
661.2518643770175 907.5267228588518  10.0
515.9692293030947 260.16477563641826  10.0
611.0641107806166 329.3808590031708  10.0
863.6220333441702 351.2413870902563  10.0
779.8068996172179 262.749110504103  10.0
534.2456355630569 580.0715719755839  10.0
876.7782567239569 799.9815367438395  10.0
742.5430966880115 282.35132055130066  10.0
714.6238701568644 804.6707699974031  10.0
773.5246694669779 605.8136877574747  10.0
737.4069321385458 905.0739620462267  10.0
639.8009296728657 883.8697540052059  10.0
961.4900669146703 632.1358316331313  10.0
100.1896717244991 910.5797486261911  10.0
960.8519535490907 975.5804072166997  10.0
831.9035491683725 508.09782459102746  10.0
295.06222002863257 624.703788882769  10.0
330.8116863058389 411.52356583341776  10.0
825.9902946569431 684.9141468084716  10.0
677.7454508739071 161.13205793299002  10.0
698.4251707378552 716.7288124952486  10.0
653.544724075805 388.24351070993515  10.0
370.1344246567846 530.8531187018315  10.0
811.517853328333 608.5324361271435  10.0
968.492996216025 291.1290267154736  10.0
23.214951963176354 395.36576341946596  10.0
423.66306260035844 126.55628711334921  10.0
701.8908105270814 595.7975552613336  10.0
282.4085256545211 634.251976957293  10.0
377.7599592363035 73.13810957200839  10.0
841.9786828486423 367.12970614278504  10.0
550.123652053854 312.5532722367995  10.0
