1000 1000 50 10.0
100
461.6707589208893 933.1640834458769  10.0
117.13507361218278 687.6392997111878  10.0
994.5242446640484 419.82194137462403  10.0
775.0240494937432 764.578598964155  10.0
728.6348637128567 157.49430769692074  10.0
0.13393630364233466 586.3509604819835  10.0
820.8856582801504 821.3348488459543  10.0
376.93450031058785 232.33158314794798  10.0
609.107124243046 504.58244253523264  10.0
989.8362302263565 910.9950775207641  10.0
127.57407495385098 205.56369199666113  10.0
472.0930331971343 973.3237098344363  10.0
27.39559009177428 354.3308424487239  10.0
683.7344515127628 289.23078587813677  10.0
932.3459962710454 789.6107045920023  10.0
467.5319810596403 585.6624832451148  10.0
667.9114465522366 855.5281006888316  10.0
604.856645950023 494.45572327017607  10.0
989.8034377746675 577.6075156723956  10.0
47.38592781862627 738.6932699554259  10.0
407.9170061981433 198.84494602751403  10.0
735.9697577655627 98.21177654029034  10.0
452.68792465489116 709.181090000944  10.0
834.5671515114127 538.0821680638169  10.0
263.02985415695315 385.49676071348125  10.0
5.016190736651049 158.29633843425285  10.0
688.5089008665574 774.289240465562  10.0
427.5021245361252 428.55735838408805  10.0
193.1396190345126 995.4787599054561  10.0
631.9393578718696 508.9854996024169  10.0
724.1629733282209 723.3320749511121  10.0
847.0852589295887 325.71550599872523  10.0
366.3936216447859 709.2801895099416  10.0
497.05471489334695 469.77517233475476  10.0
41.199984448822335 251.44555020715399  10.0
679.0062969130871 918.2993073990507  10.0
728.9076276213252 586.9838136692883  10.0
941.1224188460529 39.0466827014474  10.0
694.3924761974108 785.8834430726517  10.0
446.6072887292524 332.3525652853726  10.0
977.8578443054573 358.6568327607008  10.0
657.2779356996776 889.0626860436321  10.0
976.2644570055362 455.39385942917755  10.0
999.4257740708941 598.6587893954144  10.0
285.6107381651244 229.9397192188123  10.0
584.9767159176482 728.7002479608412  10.0
100.23601236599511 670.496658299181  10.0
952.5802506860673 614.8698916987239  10.0
372.5464182585847 956.7387916675017  10.0
966.1093736175153 850.3266253647746  10.0
625.0398119785805 193.568142428864  10.0
462.1540323701258 543.7310115782451  10.0
776.2323184591012 192.9293201473885  10.0
973.4435702536501 927.2246568011604  10.0
593.0659574489711 827.6388786821668  10.0
871.734049315638 838.8077636652688  10.0
414.60319962630643 364.9749456717745  10.0
571.5486286645508 377.97355737967075  10.0
605.2911116327019 102.81134976269324  10.0
15.26055146988281 339.12227922507344  10.0
790.8036605479899 577.3699163248249  10.0
520.3594732964705 864.1915581270699  10.0
305.4485249937058 589.2033676453076  10.0
211.34424551905596 124.10396868102325  10.0
437.3496035210884 302.81037762017485  10.0
681.5359000939247 738.0466246878134  10.0
996.0949671245926 715.3237192662314  10.0
234.20684850065066 70.2617710552057  10.0
447.2646720322729 861.0008393541431  10.0
37.77352599963013 505.9415089227642  10.0
359.2308584231894 220.78610151324364  10.0
796.4014023986273 300.983572044216  10.0
189.84818836329796 940.0021535292868  10.0
85.22266742359142 624.7793608796619  10.0
504.12990064515316 622.2676745037796  10.0
328.46880210941043 970.8695043541065  10.0
558.7306160320885 664.027267143511  10.0
509.17137096402007 197.2161174331083  10.0
815.0344342719537 321.6186254686615  10.0
90.6863819444319 76.0051174869143  10.0
349.8727396186039 961.5910620687225  10.0
303.1487786845749 382.3060217275762  10.0
321.37279906229486 235.02867734848175  10.0
902.0652589264164 231.58067611736655  10.0
617.1652797904482 237.92022543927948  10.0
741.6053269020894 587.946377962495  10.0
563.1547841652412 72.15715048721061  10.0
21.75216628641796 608.2630436387545  10.0
103.28441337094863 605.5299470619649  10.0
866.3256702166351 761.527977609307  10.0
174.20173473576307 644.1325338817916  10.0
967.9927659914491 468.72610454277475  10.0
93.4602962442841 176.87297748579766  10.0
396.7308222875042 345.1972196431603  10.0
655.8672598699352 829.3279583054574  10.0
309.8117043231332 995.746279069871  10.0
289.81420050141304 172.96805931025338  10.0
224.2258148688916 712.1364428355221  10.0
63.904982140628675 75.81887794081821  10.0
716.5667197121857 353.2690614431375  10.0
