1000 1000 10 10.0
120
171.85263536517593 464.5978896804627  10.0
577.7581562316618 278.13883155098074  10.0
26.73690209326951 535.1433519151648  10.0
306.90572644358184 1.554260945793584  10.0
846.7508142251322 287.8412791467315  10.0
990.3530747983925 892.7387187703735  10.0
235.90230403659186 6.017570877379197  10.0
644.9823465217145 508.81674058722524  10.0
590.3781705038656 729.4157114815544  10.0
99.39405451267046 329.5044490668808  10.0
815.7275474802539 235.40789612089995  10.0
109.29560589081022 955.3927828638127  10.0
939.1572979812772 493.7866330308727  10.0
564.5505175275681 581.4621073374796  10.0
213.40548749474488 177.19851885156612  10.0
982.4986612235095 383.0656964279314  10.0
950.2606582078504 677.4458140002469  10.0
139.38487587811866 960.408770980117  10.0
244.6460706874265 477.29594025520726  10.0
130.20922503023203 527.5886679249746  10.0
954.2893998619649 658.1029204492015  10.0
367.03995434971915 103.55107182890089  10.0
785.3506857220103 785.4583933803501  10.0
26.80525527930122 564.855783916456  10.0
100.98197867120962 408.2547154597309  10.0
241.80758777405632 53.93524541090456  10.0
117.64428867329624 930.9560475131107  10.0
889.6805634539628 901.5675430341595  10.0
483.10892597760613 674.537679230989  10.0
184.23479019255907 918.5748568139952  10.0
840.4216606103085 528.4679282199763  10.0
394.6158388286926 639.2974891016435  10.0
873.7097899263907 714.2707952517958  10.0
927.4239566573204 858.1826345989653  10.0
504.5641436250906 830.6219667966242  10.0
694.9218123677011 590.8657801208348  10.0
361.82866441349285 530.5944040616951  10.0
162.1829810194304 412.41249028666715  10.0
382.9830711392628 893.5842836618351  10.0
717.0105572169349 977.9261972001542  10.0
421.90442662890905 797.6115662783901  10.0
38.68180262872434 414.5181026993664  10.0
35.64591833064057 372.10415668755445  10.0
955.0512841140267 188.67283300499815  10.0
201.97213558400895 916.9380673702899  10.0
872.2715111640531 999.3341372364337  10.0
579.7419324044 510.420652344284  10.0
237.36684475433566 224.57252422276642  10.0
65.83164540474928 897.0674089944462  10.0
651.1224107593658 458.4866656281048  10.0
825.1427693621886 145.43751221389212  10.0
187.22730888811057 715.029587998225  10.0
674.3396995143167 996.9569268291939  10.0
193.3369714790375 946.7386401805925  10.0
685.3151726651488 788.5721162868318  10.0
350.69659721891446 628.888859776168  10.0
140.98193946678705 325.24140207351695  10.0
51.194330078053966 293.3769508033757  10.0
523.8413620052855 102.6852571568857  10.0
214.18870724170324 61.68324232988154  10.0
46.88081888383833 836.480433202322  10.0
510.1823202545487 422.5472988115598  10.0
346.703534281794 340.4975837833296  10.0
584.3895811459183 727.5323967117209  10.0
350.39590841016957 415.84551046654826  10.0
280.4732696472112 136.4429613087197  10.0
0.48901671470746866 560.8991881633148  10.0
53.20108586676031 34.598226110764244  10.0
476.4726640960504 993.6536036196804  10.0
728.5000429739606 265.25394091343736  10.0
786.6717365850034 689.5583649477128  10.0
520.3630426512971 873.0041037288139  10.0
120.89601846278164 881.1529296881089  10.0
746.2883375964084 437.782418172754  10.0
152.12689771081577 740.2361440030927  10.0
996.4098283766359 494.12339880216507  10.0
554.6049486158806 768.9675250023904  10.0
606.2015544443058 976.6312174925871  10.0
366.0347442157297 763.2124843920446  10.0
158.61768715248925 110.1441252205425  10.0
463.22446261815486 79.60677259459337  10.0
398.75457095947166 671.8710325649764  10.0
343.3295342890027 337.2306329169716  10.0
382.5989987738816 92.81560214674822  10.0
606.9709275194829 615.4460844956844  10.0
901.1526421358453 437.09311467163093  10.0
24.850506013942454 671.3657219640772  10.0
222.19979901852093 900.2834668006865  10.0
836.0873814211398 693.5849719945286  10.0
974.2115849518053 101.75329650350929  10.0
974.3505183800311 633.2239235281564  10.0
560.3567312993551 110.91938329672335  10.0
246.96476042206572 208.9889790639422  10.0
835.3155095243051 843.713838809069  10.0
102.51882918005806 269.8785545298857  10.0
903.5697023150951 193.05167593933825  10.0
514.1053624499543 317.3213320357582  10.0
805.0685428536069 15.889337589366948  10.0
678.1745497246216 637.9491150300871  10.0
542.6466372760642 889.5029402933809  10.0
683.0850525192587 678.8710265995057  10.0
375.296637124813 370.90276937071167  10.0
36.78641106081382 9.229602298604146  10.0
552.3762869731875 345.84115100653634  10.0
959.6700024277735 454.98306364563024  10.0
696.055468850718 937.6581432410508  10.0
646.475731804739 768.2726411358063  10.0
852.7856834331584 361.250371854374  10.0
280.2446855007282 498.3976816877262  10.0
829.3013329354691 53.73581482905099  10.0
441.6583042310647 568.3351103026848  10.0
804.6380995700488 390.9273858199067  10.0
698.706971548112 428.90428993412957  10.0
366.8805834581415 307.5169234614732  10.0
584.481962069386 562.0920215243987  10.0
61.82820643394504 178.9102687216515  10.0
874.9869010831363 535.7167485776635  10.0
260.49426448539134 393.9429406225755  10.0
64.21552429886168 773.524785408646  10.0
653.3303207197821 150.24561908288848  10.0
