500 1000 10.0 40
500
411.0463950250215 91.78709328772217 10.0 2.552269788771876 5.483350463890414
433.3894666672597 901.8718950099408 10.0 2.1516634315136547 4.722475222957767
347.4303488865725 205.7846362468434 10.0 2.0528858964452428 3.958809827903231
93.34847160246123 255.2682032705802 10.0 2.665468853729549 3.845072996493203
199.4009137220582 886.799061555151 10.0 1.430629588805353 3.2491035834062876
209.31668257903564 220.63050476332103 10.0 2.679288816559027 0.5282186780012453
34.13759187956722 660.1222912089625 10.0 0.041901394946809896 6.223344862351131
140.7524351166899 466.2894250317292 10.0 2.7119254796159575 4.598971039342493
271.10935755470274 847.5418867597471 10.0 1.9694666174940834 2.8666485558919406
58.454894817550674 200.87661846319637 10.0 2.4837837393405584 2.741369939750322
469.93595970296485 868.3214874976973 10.0 0.6701630795467428 6.182766153951835
458.5148496221687 531.2205250754445 10.0 0.26481260349342217 1.6074379772457499
51.385259838635235 154.98858403777615 10.0 2.7699899910022046 3.6575972090156093
336.9406263003085 218.25254850264554 10.0 0.6963479328463567 4.172790576769557
437.83471496452137 812.8355800417138 10.0 1.5816345009787123 1.4154072309593961
73.78708961530184 84.82960232669623 10.0 1.7448728800227957 3.006301157154153
224.52502088201632 402.04051576723407 10.0 0.20044891046868404 0.47837251849925283
200.6160346406764 579.3796014732485 10.0 1.3461466156612294 0.29584283651963483
117.93417886273345 471.31363714598587 10.0 2.6079163948192865 3.7214622578279677
350.1159045908063 249.27558504771596 10.0 2.251700125063022 3.211070103309617
2.600004656462429 721.9760425204248 10.0 1.9527837618736046 2.88902403165419
311.7091781719075 127.84563592672271 10.0 0.6582783915235104 1.303670242042442
122.71928693735195 931.3769260172494 10.0 2.248623581579817 3.4243772149578784
241.9752954851913 288.92378429131503 10.0 1.5348759543573487 3.331344257065804
489.8516327895163 14.55512069641629 10.0 0.5562427137598991 1.9212605089877817
203.71747766436815 72.84893375753343 10.0 0.6748534362667009 5.117464149363757
253.0562632133259 853.0518255317829 10.0 2.018015390414832 2.2227743596053844
332.50147691737897 737.8178243051104 10.0 3.0913180621416814 0.39018749216712817
392.7896658684188 769.7802715164712 10.0 2.6665394898256403 0.6846253919676836
54.49425825196952 540.498109534995 10.0 0.5044963798579766 3.6023446298162507
224.89249841985352 778.858890574034 10.0 1.379119801042889 4.637166577366186
404.4310109081409 499.807972238402 10.0 1.1012285817059342 5.038730525892496
325.993601274666 989.3139735365135 10.0 2.604014167250248 5.1382610394838775
117.53837529309492 347.7685569737636 10.0 1.3285878783813867 6.282896201217471
116.65947209705818 791.5583138152514 10.0 0.5441117178578568 2.6089828266956965
294.2420487484178 421.3353381604766 10.0 0.7557366369409687 2.9429980342978754
463.61716892289996 705.551994388893 10.0 2.2425563932944406 3.302591917059734
61.487069452343725 499.1148290456927 10.0 1.6023021040510144 3.018538182647572
287.3788489754491 19.551419853671923 10.0 0.1453695672315626 0.37579162469689475
279.4986474889086 836.8726978989811 10.0 1.2903994194265278 1.214630585299068
286.5960105858105 598.3531907446728 10.0 0.28027313723271224 5.167561844141264
467.8118759144482 905.7396595382085 10.0 2.8707904588325497 0.7272170073110152
15.471663946490132 489.9386014981967 10.0 2.4896003921336356 1.0829088091667194
249.39830633725006 587.0214097071406 10.0 2.9856195893621433 5.947462159522243
175.55839751872605 209.42550082495282 10.0 2.7281779127214887 1.925750691638855
236.71765106029807 827.518784143597 10.0 2.638567943931108 5.352119870578953
108.27065895421161 829.233407622913 10.0 0.25786661994792986 2.2552779295331926
408.5225553247249 9.264476913887098 10.0 2.00566271163765 3.116583214779791
99.43915402195618 254.36819651645902 10.0 2.7806237864857506 4.751601808100028
151.244772484428 537.5824029948118 10.0 0.9956389214244215 2.478484871052168
232.23573828025317 311.732864548847 10.0 1.346199627639683 3.271216341593469
263.7906744735931 401.37613653650794 10.0 2.921405287246683 2.5301493846838907
149.7966789074695 532.3702684315261 10.0 0.7533146216209028 2.905529551521964
349.5743894193869 709.5526364472879 10.0 0.5800105580615874 2.5739542594844003
213.8725757499491 755.5441874151425 10.0 0.31141020257166685 2.8468785713643765
144.61656954207973 457.48740016110946 10.0 0.22212717918129044 3.462268131952123
170.833053694033 933.5652940897625 10.0 2.8278376466620894 1.3841363326472194
455.53692845795666 27.43739878985918 10.0 1.4473899737353244 3.197615936405667
61.3542583754581 766.2675760658585 10.0 1.665449677193962 2.2393999819275505
6.268778269986674 176.80801647747202 10.0 2.6437757687611216 4.489075207938809
235.11736791597565 44.0423347359794 10.0 0.17351379424930347 3.0280517416316086
117.32355282470569 518.180339707488 10.0 1.843639171531797 3.2662161324722025
456.8461713269029 828.3352817169019 10.0 2.3413384801151413 4.743942548432862
266.43354379499317 745.0046692037823 10.0 1.3535334181655214 4.120926228685999
215.01201940170589 848.5132705763209 10.0 2.273993238968496 1.0608419645790086
204.40089184655224 106.86724837658079 10.0 0.16759968183420848 3.404098341984802
469.5339267911353 744.0070561618048 10.0 0.874904038701974 2.0598657635717292
424.9810707236443 888.2354178518237 10.0 2.9420050044618526 1.655482404971187
199.80233597398052 30.63610504601211 10.0 0.365686060098268 4.050137081990665
412.62882828079125 894.5885700156011 10.0 2.8366748007504503 1.8016481088132035
239.35442985038168 920.0217376471854 10.0 0.3156050534813695 0.9330964269587998
216.93487817535112 199.84025467275356 10.0 3.130116153060317 1.393280692459252
8.529134867024945 370.99491611156424 10.0 0.7889016055484273 2.1847892482116285
27.58138447877717 658.9581913531717 10.0 1.926854398122667 1.2902030471650436
381.4301149083849 1.9050404731183468 10.0 0.15405360868697496 5.251696373698291
48.64429077759513 939.6881875654016 10.0 0.15089050120017092 4.507827855998993
48.5245514113411 742.7356871976322 10.0 1.0171933609964046 3.6733599404819164
96.07083031984386 77.28845776076498 10.0 2.6977952191320367 5.642283594834779
361.2062595317823 355.9338090887359 10.0 0.8281795761467733 0.7185192099430848
467.16005643646645 806.1803050547041 10.0 2.253012631448787 4.2781797030379325
269.65085758942985 204.85860633439378 10.0 1.0418934243545674 6.1754542798333345
255.87482292565446 172.4215785121701 10.0 2.0427875530664394 1.955548989726678
90.29143158607516 898.7562225929985 10.0 0.3876851812114742 1.7912128690225073
412.81305735492276 180.90923312220997 10.0 2.622639002666869 0.39196983081207554
464.2425573097826 693.1665727551281 10.0 1.417149822946013 0.6552722040064758
473.6666861884017 481.2170550912932 10.0 1.1158139404808607 1.37711123431215
493.0010808420621 774.6685531376625 10.0 0.5955495361277655 0.6683471959570606
4.996177628704634 345.97484232762133 10.0 1.8340696620129953 4.044553677308833
162.75147900236792 808.8698736910912 10.0 2.1026338252031245 4.515784915505816
441.1488785416318 445.6955274290575 10.0 0.29942129836577536 3.0797221478328414
293.6042191733791 380.5478598342563 10.0 2.0462308223026993 3.675629423901003
111.14931624403602 173.95609346266727 10.0 0.8602605611907304 5.5599332914942865
375.09504062425793 204.84720272704214 10.0 0.5331209903140522 1.4914241914986759
379.3895036873698 526.8388667060518 10.0 0.07535049919945519 4.011946387677542
274.2733122797282 238.4412812667377 10.0 2.4377323838192937 1.1141702786022345
448.9474597954325 790.5392676064647 10.0 0.7714923443212683 1.9228366289298768
427.70768335010507 69.56293776103372 10.0 3.0521128735645107 5.069174984891202
1.3620095658690157 541.0463731598957 10.0 3.0855358981209324 1.015247341881676
253.73712589076342 215.81127840932 10.0 2.7099231872094665 5.659281865997761
471.6919527593594 709.8024092190145 10.0 1.2682136691801618 5.682133862699233
146.2953435623069 208.64052210627327 10.0 1.0148133269531519 3.535440033036897
382.68794518282317 719.2474737780934 10.0 0.10471345797806514 1.0159469604695597
36.636917606115645 593.4372675337239 10.0 0.6287587372757028 5.371770640794731
286.90482748799815 942.1559301187694 10.0 2.760447737895867 0.6680716605975366
134.29310842718223 224.09229891234483 10.0 1.095849484035778 3.418567371544642
490.5829503826862 988.6703610828304 10.0 1.1856957854998504 4.734541600112913
83.5855608643324 480.9734717424986 10.0 1.6615338986190247 4.109318547859602
358.12630195653924 574.9396053122715 10.0 0.9981886624067128 4.744550527595994
397.0259842766422 291.2054636296628 10.0 1.4167919334515424 4.822630534247567
121.00572897364864 977.2671019989367 10.0 0.45077396329444575 4.753077676572273
151.92993259157035 80.16311778828455 10.0 1.5900733734005208 1.683100098804185
239.9153819340672 325.67568500437704 10.0 0.9563243541420248 3.9769980200686805
61.57281877354953 33.0842760781902 10.0 3.028863561512468 6.04183552633814
494.0102995022054 240.7950454416623 10.0 1.7637488587197259 1.082181136099068
157.21631493558985 295.70865780405177 10.0 2.1229172123180033 4.865818920495979
96.0536234573922 567.9783686582281 10.0 1.2794003456394745 0.11846911532624124
442.33323902502497 992.8486289779681 10.0 1.7729666325225457 2.898031776551578
257.30120702763827 212.5541635458147 10.0 0.03923813140175224 5.953404476007905
5.359015976017789 193.7985151332128 10.0 1.3870368694729096 3.277722871885091
250.95196247557033 330.1194697416188 10.0 1.1225027431629993 4.9095650155459065
202.2978924910544 203.48862276417 10.0 2.9285277365474602 4.792479622663336
147.99201999667028 375.78103434141696 10.0 1.4414640488704682 3.279374512413668
145.51204177281568 808.2898699718726 10.0 1.710582179862557 1.256779861473772
24.260727149111705 766.250293511496 10.0 2.684723574042184 3.183320037934111
360.02161443407584 355.375765084868 10.0 0.5316982219120994 1.4984254684186282
62.56682537093816 158.6987729718896 10.0 2.3619096076197184 4.1534090427128865
93.64394268753284 794.547730692374 10.0 1.7099377309862076 2.0404599334617566
98.68269496813609 600.2798544964658 10.0 1.5812262159646235 1.013981262940643
392.2999130650275 61.42999776938962 10.0 1.4735209766504818 3.2166004893782403
285.04494924999125 52.22342554481774 10.0 1.0032705296119386 0.4682654607192929
176.81577809798975 430.94043240917136 10.0 2.526217550300078 3.9493826831854917
170.9894219321838 42.40932191859681 10.0 1.1822265883507221 4.97164508101517
182.54841848327985 719.9433633805487 10.0 1.701081237683482 6.238785313344252
123.34872045059292 450.32638603104846 10.0 2.2997944728146233 2.007988213945029
248.1621734293603 467.9910934004534 10.0 1.5076609977351345 5.431237956835392
136.24048988910337 678.3226409004546 10.0 2.2242042326427085 4.739377597707445
64.88553755431926 475.0596184467548 10.0 0.9154398461707469 0.45837302457871354
203.87439997690294 713.0533801045017 10.0 2.036840491207817 3.074813906793167
122.57554028216744 325.1856030802225 10.0 0.04146762945113302 3.2570164270620037
55.20609299081974 831.0334263149182 10.0 0.6800659335404996 6.216712586468499
213.91825139524968 774.9102627605804 10.0 0.7884759429672513 3.019962682968589
174.26622050218793 952.1993528210216 10.0 2.0059384881684656 1.1732495526387483
483.093366524936 135.43665723309027 10.0 1.9731258266164808 5.860697730145462
154.99257956108292 895.3883006411281 10.0 1.7422431172451713 5.153781351520746
130.2309846875956 27.406753775784274 10.0 0.8358077072134958 1.869058124557461
64.39359919199383 39.63977422633047 10.0 1.2174760784824925 1.7778767981979622
7.988751440146046 137.2041459855956 10.0 1.04243911989262 2.1321375722439084
112.87122877196836 145.2261170330259 10.0 1.224038183436158 4.988632584207317
471.57759524618126 853.6890774661492 10.0 2.9413648404563917 0.8390232102207186
55.53137858245905 338.3183703436634 10.0 2.4409212863305756 6.043288764394985
468.56390652671416 914.2717678541732 10.0 2.8893432887612036 1.9020799745679544
373.31007213932486 513.1937307021534 10.0 1.9234599740342757 0.34792741791730225
479.7765769763423 439.23035527116315 10.0 0.9716670751432627 6.054067955337867
407.7433004047349 655.8906611428972 10.0 1.0858589889755565 3.447310840844362
47.64688645461446 983.1798326168712 10.0 1.518902154321575 0.46444176448267543
248.20892002465206 843.2179833385891 10.0 0.5469007356615089 4.750823633849412
253.30928622966576 482.5979267128039 10.0 1.0329037059757595 0.7721550166152136
295.4685149151276 921.0242219125851 10.0 1.9769334362757 3.925021486940309
128.79142723705928 228.31449887797606 10.0 2.9024648549169787 2.2243519656834967
50.33744785708644 115.63368450318234 10.0 0.17052472625103032 6.277123035020515
115.62131449283758 241.87054260497453 10.0 1.6849779637319287 6.057199686796716
301.31126356670217 82.35488572393412 10.0 2.7616412479506205 5.821017484065018
306.1799027961099 684.6530216424525 10.0 3.038001300283907 6.082574621989826
9.976435207753209 144.96828289507945 10.0 2.6862757611761974 5.137720469577417
329.1270781901134 178.71187002126808 10.0 1.656759524291508 4.227484945574286
318.0337163958977 730.0992371640161 10.0 2.0704376926431296 3.332480224298212
365.22938129526693 168.16538987980724 10.0 0.5802292899984363 5.963389744462511
224.7621390900319 250.38234087545464 10.0 1.652855596131843 4.342056502057785
404.9173611038021 700.1002419658341 10.0 2.07582128368399 4.682035629587121
108.75181883783158 940.3235687015613 10.0 2.5840276079221574 5.1687104172810034
483.9008594701352 253.87224231866813 10.0 1.6290308108824114 3.3443408049630214
392.73373070522115 398.7665349537597 10.0 2.2552110065680626 0.5864633960070216
258.17017821650006 497.714554889801 10.0 1.6418648447852986 3.919136160680326
275.33441991648476 841.8688153976008 10.0 1.1538574313104293 4.736868315918964
404.7115371214235 101.55889010872576 10.0 2.538992702224124 3.513512319110428
78.58399307398756 320.49489166385115 10.0 0.8282868327019557 3.637737588058483
459.26458472075853 984.9766493293799 10.0 2.022593631612954 6.251398025410907
385.00538006125424 405.9318479405646 10.0 2.104126129068385 5.526480446764168
327.45036646356715 629.1457518238412 10.0 2.586348857983517 4.979119084035661
263.1129778050847 97.83405766431908 10.0 0.9140659159181381 5.672124233080794
330.59776174701744 331.74970427907334 10.0 3.051681968053303 1.544822667461079
5.14890814432195 958.3030867529344 10.0 1.8790338744271269 4.303337166416022
272.59652987697547 533.7149400359987 10.0 0.9402306527767424 4.022552603192037
425.88489294753464 726.0091330542381 10.0 1.449245942800027 4.242268814119584
139.10509941303656 596.6929358726316 10.0 1.8660068515146782 3.6544156293270573
396.317967551358 914.260250904935 10.0 0.013141715406863435 4.369414744868688
165.44119996648354 660.1930963176511 10.0 1.5001716873046658 4.970108095040629
411.08809154111026 146.92547930847567 10.0 2.636646603623842 0.3323213967373326
134.48349698694884 457.2727270316254 10.0 0.6945311912309726 1.901498488524275
113.44582951665404 236.11841319861847 10.0 0.2965257094505763 5.481745319937118
390.9123546832988 217.69055662884716 10.0 2.0379202426135605 1.625872942936139
326.5981943927327 255.54700102145623 10.0 2.7968101417826756 6.058711640531358
183.1177646799388 37.4297037939002 10.0 2.8784865203555596 4.663498298085742
265.2607625468162 113.43633907059957 10.0 0.5639299704987684 4.987754052689571
69.10274809328138 343.49666082462124 10.0 0.6302840145691309 2.1224071974581076
226.24428374884698 378.9304022704811 10.0 0.33696141606060165 2.326335413585091
247.7101158926736 332.9023022142905 10.0 1.8352440451967977 2.2886192861156074
181.9037722513402 365.8789677524108 10.0 0.9530478311206855 0.7522866934517002
301.500951109881 514.7313776460026 10.0 2.1042458719250643 6.083029317523602
325.2783056995189 727.9160657991177 10.0 2.40812429409216 0.37819111640397457
462.6127908936809 734.206535264955 10.0 2.235782599381252 3.27343913415333
240.74961882277785 68.73626665647525 10.0 0.7868020107133762 5.301104161563588
137.92560747805206 307.65322284290073 10.0 0.9324073043108504 0.06915273522689167
499.0475583796718 321.4748472154986 10.0 0.9804864177950406 3.034945432228239
54.86388271018866 147.271877778944 10.0 2.709917556619761 2.331754477508688
100.43075081333474 901.0982727231831 10.0 1.3583822375846692 5.207398553944237
14.162700118180771 4.623269263193341 10.0 1.8398148773317782 5.870193229721281
314.8702547915922 883.7112386909495 10.0 2.7308094952611297 0.7129105951083625
360.9261677910418 211.73361961428694 10.0 1.3403494834592704 2.8767970290305507
93.06460596802596 716.6863579819741 10.0 0.481874811574059 0.8098158571590737
410.30607742447364 548.7255841841388 10.0 1.153150828758964 2.565264591563659
347.11429808444734 213.52290960952593 10.0 1.2153468295291538 5.362026906040735
189.12917613498365 116.8812772566692 10.0 0.3835854064615196 2.810626116131721
24.6837762001999 837.3408310851355 10.0 2.3704274877001277 3.7398704217737904
479.80097502219724 346.0438033134754 10.0 2.719714814069201 1.95840926196054
25.47913145507097 526.9162292876857 10.0 2.8548065610692084 6.084922829288331
277.8142959933361 515.2633246310164 10.0 2.36375309621605 3.310962871053909
133.86954707419974 569.1646587474771 10.0 0.43044986385995293 1.6835302364716247
399.19073042415397 415.594027724718 10.0 0.8519539299199616 4.06880425493802
266.4807259999544 271.978315656483 10.0 1.488007688395361 0.3750912435715209
99.18302863107814 33.948235671408256 10.0 2.2516953590036457 6.057944403776058
458.5883535844576 441.32358276336737 10.0 0.5160911609142137 0.33271489449587616
188.56662725645924 386.9138872644623 10.0 0.9833772895780699 5.463535828765252
138.1396878919902 916.5051107173811 10.0 0.4543958398232552 3.584810569926394
258.8484341245156 883.4416821871265 10.0 2.4328838343786576 2.0423919687437944
361.2315210347593 667.5024463366137 10.0 1.39178967711477 1.1550384793452244
252.72087277891038 845.3079715973714 10.0 1.066833662730699 0.7426851567879091
307.8725035084208 208.28590745478158 10.0 2.0948079789614362 2.065291259049204
241.0895931068978 64.25999878354871 10.0 1.7694647402203638 5.362667627872546
461.85803397265045 330.01760306331784 10.0 3.088728880118634 6.087981749090031
393.0026006665289 524.7493383162016 10.0 1.2593950042799815 5.4510568670045245
23.585851729475415 408.0439333244953 10.0 0.7988001792243637 3.917088553481002
249.8092819023679 671.1599967942734 10.0 1.1679380206961956 3.2048198168154016
229.64042631124028 786.5858779542835 10.0 0.7436997578532323 2.033606577452051
39.8771635478864 848.4374631953177 10.0 2.6239379129090317 3.0271791721830517
377.97419574924385 995.0332957919599 10.0 0.018891722188390282 1.9968127626058707
395.1947455642464 795.0248515529929 10.0 2.0905248313665465 1.0768010820891758
482.5139230235645 799.7495068022716 10.0 0.048683938027929925 3.693626791163606
456.18839119995914 317.0123420150526 10.0 2.701403506466078 1.1435423863823433
106.02026324330366 345.2922377661419 10.0 1.415445354564468 3.1181798383519492
476.08152038887533 522.4064280835668 10.0 2.722612505662683 3.0755310175109885
45.02850185866997 888.9574934783556 10.0 2.474879658107742 0.8067973906816223
161.12408634570247 244.42481101213798 10.0 2.0909043171957227 5.800922320432913
165.69886565322906 882.5523974553164 10.0 2.260501256452161 0.9252866549912958
108.02056295005269 532.7236950310029 10.0 2.7918508923883136 5.726620786503569
314.40425878432245 405.3031392882195 10.0 2.6826712921779916 1.425771542124856
324.8845829657013 341.46316791259335 10.0 1.6173242029819739 4.282978646977349
351.8837548394654 201.80464633943186 10.0 2.671359011287895 2.393854851762284
447.04828704799496 793.1175025048336 10.0 2.901733895511495 2.255167747013956
484.78983501246745 828.9178263447859 10.0 2.8299306894772287 4.729017462164603
384.054482607896 646.936071195329 10.0 1.0819873176690153 4.095013778899821
193.4575804325061 665.5209315643525 10.0 2.2535566165216983 4.287885529411228
259.1598997283108 850.9615822738508 10.0 3.0920539092636536 0.429211381420633
179.72390933273536 789.0210773089118 10.0 1.3671505544372333 0.7571650696701732
127.67743085964206 306.5116058277566 10.0 1.1671907585663084 5.3647834992939885
383.62498886056363 972.5324282317856 10.0 0.29041289100927914 4.394726213510765
85.4857420730497 224.02974796046172 10.0 2.1970272776556943 0.5687767779906279
242.79992339205302 306.6268989487374 10.0 1.8725028537416184 0.21537650891366145
4.034123971909775 699.2126719355991 10.0 0.6406208254117081 4.094726501594633
493.42891248250976 199.56406864011532 10.0 1.0499300974547974 0.41466042114822477
253.17087690769785 388.3193622898885 10.0 2.7134778160406725 5.977135713370835
436.5338797328803 759.9062381543316 10.0 2.6569134953633866 3.2355535434166316
398.1233407446566 411.5685846481898 10.0 2.996818310511872 4.274470022790021
218.4698811880209 815.4250535953744 10.0 0.6471110587467677 4.7793540409857735
481.9576291261848 863.5311533505998 10.0 0.7587274805706713 6.104024871094134
299.4352163153608 72.20587078260033 10.0 0.12587738282881072 4.487752630507566
129.84618966317785 559.4229521744876 10.0 2.690564132391722 4.296086528554967
408.82852410299233 167.85596419054238 10.0 1.0147852985401098 3.1425269791799404
336.47143998706264 896.2051339968123 10.0 0.38810209794670325 4.697453586253514
411.2808953591287 622.7233582540081 10.0 1.1856237173951591 0.08329078095790753
422.8934185485332 957.3977352522602 10.0 2.7984626225631275 4.795996075929458
132.19118316912443 943.0317513468513 10.0 2.2882572093950464 4.197704555813892
274.2097336323409 240.51284045990374 10.0 0.43577297331634673 1.8379122428916905
316.592583570191 379.8384667818859 10.0 2.2821317779810864 5.694318057864038
94.33585005198464 636.0136891361111 10.0 2.847667429100156 3.365991372171486
20.178657224133588 97.72131092225756 10.0 0.3073142487131881 1.7522688484389901
39.233896411817405 536.7058529158288 10.0 2.573620811247859 2.111613620632669
356.31691257701476 757.1006543535523 10.0 2.617237709595436 1.066856519065512
214.91800632338055 206.46692735402905 10.0 2.3648413372507906 4.4077233912293785
147.87803560439318 764.1030557912117 10.0 0.23116914574812197 2.995847714769959
151.5644844969032 787.2205458544788 10.0 1.3182137096882902 1.7988775271484982
157.70892760923815 691.8727670242787 10.0 2.847148132377871 5.130826916101634
490.0547626660025 573.0617487934924 10.0 2.8665924955366013 3.289938135761576
196.57768459994057 627.2369095788189 10.0 0.713243274619114 0.4409307665210367
242.2794176400718 430.43897139343477 10.0 1.538992867804423 2.20154697546662
32.418616385586404 446.63129470138983 10.0 0.25893319694066835 2.1053182441760216
111.53121271710093 493.2998398758368 10.0 0.4374044536916199 4.498730252821703
149.70541283888195 275.192416575589 10.0 0.4720688774451104 3.774637527962632
484.31543847670684 512.106225713401 10.0 2.206608958418608 1.9855484897532203
32.78063369499168 632.922478613338 10.0 0.8453524344597318 4.484030449465847
329.90559986779624 485.6255463450816 10.0 1.8817821495258846 1.5241777424924634
271.9696405125507 21.83321370193292 10.0 0.5547738694537162 2.816341463126027
368.97258777489566 454.4038590310684 10.0 1.3592806730809501 3.0961133415780027
416.30703168111205 957.9750378735569 10.0 2.7249191052286954 4.715071549636316
497.61543040634615 584.8275499473416 10.0 0.0479666229449967 3.3063633855299353
121.70378478296733 702.2576931590514 10.0 0.72235179915585 2.95281783198207
78.12185582065435 922.6796047808832 10.0 1.866823589357897 1.9713272855669832
268.3832007212159 193.9687626304526 10.0 2.743482368261559 0.9290747462771993
332.7866230984567 445.0966892305042 10.0 1.000198718561667 3.5682216232982014
346.4137458885998 940.8959377226063 10.0 0.9522920703844789 4.2456169061060045
202.11593170748526 289.8334503574692 10.0 0.7135893208662808 0.6115283116246716
33.16695011891596 869.9597710156561 10.0 2.695382487053853 5.609450119998946
153.74588519444205 290.7400958275244 10.0 0.937773835574168 2.99095765114749
11.528512574877913 392.26281692046075 10.0 0.20458816024234136 2.750479679400685
53.40315856368838 198.3597439448942 10.0 1.070222815638263 2.94703093038238
202.69065037965694 186.46161777725158 10.0 1.0270114047408978 2.6472499866056114
334.23614722517067 214.55151956346896 10.0 2.396275239131117 5.692218219100302
212.35392037707317 454.3675346671351 10.0 0.30510591166023515 4.624016381013807
325.84446747471594 720.0457919181999 10.0 1.601145613133091 5.928958463645416
414.1665525529555 652.683022007783 10.0 3.0095020896998332 0.4355036161458453
229.3351571696348 323.83796904617867 10.0 2.1867466195846883 5.714981199678157
219.22947707386737 954.7792483753664 10.0 0.8091446083114622 5.893760186831033
349.7335620467639 613.3265817387451 10.0 2.2776716147065237 1.0511430967847424
205.49517660797468 946.4215359642051 10.0 0.6858610124941076 1.9322399197835982
322.07714086188645 234.1026006853233 10.0 2.909080085721328 4.367866219307484
405.8883782461898 309.34890110580284 10.0 2.123950964980148 3.8650396547018904
192.52019342411558 178.2956675962646 10.0 3.134811706169005 2.011059161250858
178.97689177701164 496.613624366353 10.0 2.7031548992653427 1.647941214198187
340.77770372598343 410.38377418346414 10.0 2.4865286662471053 5.009791382718291
211.02057510558265 653.5875722286393 10.0 2.753018366621997 5.6071519578719276
355.23652203494987 209.37252427144938 10.0 0.6841554403965334 1.1204175263664526
323.2265808334814 288.5410275140663 10.0 2.503214267823235 0.13264893240988576
97.06171679391556 856.2504160601538 10.0 0.9912494062047602 0.9869404349923026
383.03907713131827 446.70075800132327 10.0 1.6577462288489913 5.244503830140429
314.6266517472877 545.6260041405984 10.0 2.403182473054976 2.120273338009041
243.2914441837498 391.6931921561234 10.0 2.6815772027497244 1.4052043853988607
294.5944366009604 650.4536986596547 10.0 1.198933443766925 3.8459288075194795
258.0492399218188 48.27912595471939 10.0 1.0240700079128686 2.3093491487069056
160.97928055572487 718.7540090810505 10.0 1.181539402553072 0.5953520052589752
48.9718804428807 710.2861947940863 10.0 2.837690346092106 2.7493995860439866
58.51566896866339 831.2348185754386 10.0 1.3017259681898614 1.8674269361813784
321.02130275598967 767.6453631081183 10.0 1.5800811858871628 1.4658635323277072
81.66345662307845 198.7195784430732 10.0 2.401265786663504 3.093776878113431
151.34561113236222 456.43770293563466 10.0 2.75264591128337 5.1513746860522485
435.57716666524794 128.28916506411105 10.0 0.19978912649550276 2.8582800818337804
300.16597842408015 885.8574681903797 10.0 1.46020990355051 3.030335741273916
440.36745830340016 737.0430578120804 10.0 1.5492069940293496 0.1291992631975145
217.49478500419912 845.9982946723584 10.0 0.47410268261631056 3.5375557971164304
114.98301134900501 42.386662381922456 10.0 1.2343397907999514 0.9808995540760372
44.5131884603297 150.3680333817926 10.0 0.18676813601431133 6.278621411349466
202.04082422338698 307.75056462801854 10.0 1.8970059456730834 3.0210731381680835
33.43630413524168 517.0390397244581 10.0 2.587150243914931 3.9370239832289124
119.93322938911277 772.6483232967703 10.0 0.22499653250228072 2.708409114974583
434.6939251509477 242.3399849632314 10.0 3.056463705102688 3.549712747069711
453.53949989457726 145.97880281598296 10.0 1.5628379406233712 3.201403889308357
25.255233956009594 170.99528979829148 10.0 1.1180228891310782 1.5948689029385137
219.8704888269834 491.4792894471719 10.0 0.2229355266814408 1.9498045765520464
76.92524404271688 716.6185966080907 10.0 2.3699402967813494 5.986128155720621
269.974097131042 384.23598055890585 10.0 1.7911677009915905 1.6428280848891648
188.4414052474302 936.4666559050228 10.0 0.3228693542299402 4.859529450675446
313.42994080807273 467.15766564421614 10.0 1.1435774685172 1.7344979638713613
30.19835342460858 914.3594847443584 10.0 3.0485851847155896 3.521748858814301
176.76126254728104 786.3190919826369 10.0 0.32221356494255127 4.735464609231601
175.42898086278197 955.6734185095347 10.0 0.6845938489109908 1.1715637818678477
32.092149604797946 534.0801837471929 10.0 0.4071201987836022 3.916429763529907
316.6698864640855 348.3131596815302 10.0 3.1032149923225636 0.48877268830899495
457.3782631697418 78.88739139006262 10.0 2.83784077739136 2.3205016893812918
291.33937087974454 693.5690054311548 10.0 1.3788260460262203 0.24233156224977212
314.5391894616594 410.6635561740718 10.0 3.0161215776675596 1.4552699918928964
465.2562032611911 60.765678016952094 10.0 2.7820659866304833 4.321671437151482
56.82053956751282 380.6920972971668 10.0 0.6476059602423501 0.137149770251798
147.9270603235902 469.60881316767643 10.0 0.7886678037686873 0.48455108382334394
201.7138449326322 364.9024801717269 10.0 1.8002236646194132 1.5490399523988754
338.4309500631323 454.1355080802961 10.0 3.128180944732522 1.9156706259359544
330.7625282507036 229.46242312858124 10.0 1.0087501507221495 3.0104044954957474
225.72871081467616 712.1752002793237 10.0 2.922197201304858 1.216841320100383
102.58192588669735 727.5837489535215 10.0 1.6554460083226996 1.0783391380199367
492.22561114374577 94.22679468068829 10.0 1.8001742970299741 2.17956854037136
390.42154844554625 706.4477632092714 10.0 1.6951942568727487 2.186692704901388
94.41533124927015 435.6589136029767 10.0 3.029193947399055 0.9519917325405498
280.5977530608681 753.1565367594823 10.0 1.384249956030363 5.468365309688359
319.4332731399741 986.138717682681 10.0 0.29354279270570566 3.4112237704285477
293.1248165761532 158.6162501191961 10.0 2.4925200004432546 1.374922276270538
41.347543590742944 440.19649281124583 10.0 1.1117709116771342 3.7601058285787374
310.8726986767117 328.25907390589606 10.0 0.6806162451081748 6.145724558923757
226.0154714601929 822.8311902802318 10.0 2.1421687134868663 1.7346428513661918
328.57954002415704 18.509437541778585 10.0 1.7826573522885474 2.953118020818364
358.3340443539644 734.0641823076131 10.0 0.9174115402344204 5.432286789162368
258.0469348572682 27.901480856333592 10.0 2.4150048952615686 1.4130330483985494
90.71218209432224 706.346755407655 10.0 0.5292199408825823 6.041143059102207
150.84628760661934 221.75330977186937 10.0 1.7802242282457876 1.464535823424195
36.59312394716313 678.7279108733889 10.0 2.268394859782452 0.2855670877300841
324.86421475572365 19.304887973969564 10.0 2.365217008025954 1.051051931584183
257.8549252981107 841.6887920462585 10.0 0.8605400496616681 6.027521755963796
6.015260517886256 722.2254614210041 10.0 2.0001647225336945 0.1112149719324609
119.91734445408709 356.54962963912294 10.0 0.8647748944551547 5.467493051672187
221.44986148448038 313.3968037022946 10.0 2.521472842875342 5.223574541465891
313.3830221297857 703.3559494702752 10.0 1.3315088125341408 3.2869702470541378
305.58589959435824 604.8786931891191 10.0 1.3770397420698162 3.121082008153217
466.0413497794331 661.1498072148 10.0 0.2733032649989288 5.3709876577182785
5.291834459464795 863.9627088224805 10.0 2.41261341850466 4.8089586014157275
394.06291815739223 174.53275727802642 10.0 2.1732070961995182 1.7801768726280902
295.5494973513354 296.2206437231131 10.0 1.1819872139901428 5.979752569088775
166.21279698167524 610.4263129468113 10.0 3.1155724587541713 1.5134621958138275
141.92492158844615 14.453899139136638 10.0 1.4401481040648583 0.01670832352502742
279.9107196231421 158.9366421763192 10.0 1.1663857700267881 4.810508906256911
71.17494517710004 372.4498524430252 10.0 0.8833708643772059 5.518181057476215
372.9663529139363 382.22938282790284 10.0 1.8757318081016707 1.3757636801175694
36.31810573214017 792.4516883531703 10.0 1.2245741702601176 2.731589030630327
19.817729723226705 165.32100134078254 10.0 2.1267766744197645 2.7953091950056077
187.49764921184854 465.24791805970614 10.0 1.0882842986905212 1.581823276256685
286.10093871212774 572.6929586327411 10.0 2.3144993911670526 5.891219408406751
284.964982503518 551.7876507467815 10.0 0.10998617479220348 0.5941249310767569
340.37927930102757 364.6347272329209 10.0 0.23342889203067946 5.240383261223295
115.51154413095716 765.228073158944 10.0 2.5693358856748922 5.989275809867624
46.859965085327694 177.2222438169052 10.0 2.5204486480921853 5.009555647578654
398.6773448893195 462.32029856136825 10.0 0.24732881148028374 5.339593302153947
87.92649805114434 619.8377740919475 10.0 2.3195358410412297 0.6787494789516885
294.06422345903314 623.0398395759211 10.0 2.9475113567087132 5.373317743532102
290.314800552266 794.137498531045 10.0 1.4259994363093047 3.326841501486014
246.08190861673856 347.36794819917793 10.0 0.5527531630272179 0.04154856722003411
453.7613503344986 988.3731758833333 10.0 2.0151390961633044 4.794875457802343
27.45519759062226 748.1300700338044 10.0 2.026687822989306 0.426466103945165
105.95128263411097 550.9740662996276 10.0 0.659794942258938 3.524823043030672
467.82011493534594 368.79778269928886 10.0 2.2446168855951005 2.029771096304493
232.594738164126 197.295195329104 10.0 2.418693599252963 5.097250871927339
478.7373353969266 505.1601897819552 10.0 1.6426324800614287 5.312119694150952
156.4594321910411 253.43865471601092 10.0 1.30626356174255 1.026726332545323
111.45108904534534 59.77129675243597 10.0 0.25558821834768064 5.863188012698411
364.18772724101206 591.0536859762726 10.0 3.045287979733881 0.05963339529318555
8.721329231050678 808.0795860796942 10.0 1.5972825371440613 4.099696281538457
204.72620326453816 257.0219968137181 10.0 0.28475306741966383 5.577491232824374
237.0577429962923 205.1458038797135 10.0 2.9313563501101867 4.278107160826343
8.195907215841903 51.93483866676096 10.0 2.8877986988417854 3.9256676821152103
110.68334351925819 111.85548080174812 10.0 2.673880026839123 5.595433159070578
299.0314435140458 561.2675131342977 10.0 0.48540449614399483 4.925433578052033
243.5559671769208 69.53237085360686 10.0 3.0469272641491183 2.288760200993029
402.2168899019547 393.1580963419731 10.0 2.312219991194196 1.468915950225247
190.77579105888464 1.8588465811237853 10.0 2.5957958414359705 4.931700568357018
366.4469199616715 626.6963991748681 10.0 1.6750428700390871 5.69382134583024
165.70692902252998 473.00991859102925 10.0 2.2422665602138667 2.449007332584132
253.04091191189022 724.6293042372457 10.0 2.2163703978677978 0.36315418389219645
444.1412481987776 880.9066272597289 10.0 2.2078005073601936 5.852866091122412
464.4385255289316 414.38899665431205 10.0 2.0182150774499283 3.787508475117922
191.83258697334858 214.4955416724308 10.0 2.4834912099007815 2.1159063166665395
411.10456034397805 291.3501178179174 10.0 2.0227752840546382 2.0921516247695666
76.72942322058685 253.9602402949992 10.0 1.4594319539487992 0.025153423687435613
440.67151362863757 148.2222474324466 10.0 2.3593931627626183 0.5735569003862045
152.23419989175036 342.7712029491694 10.0 0.6779260190958913 5.856741868954653
78.14765504658394 284.4837355122425 10.0 1.2181124257399973 1.3546782523345047
122.81733065780715 110.48035367195119 10.0 2.469217694473553 0.7598678425598623
251.01899550521094 299.76353555597154 10.0 2.270768667307742 5.145583060033646
228.3141038845119 775.1664977653418 10.0 0.5801912002964892 5.875621827412115
298.0731943277536 125.0767848777945 10.0 2.8684245492672535 4.539961403594743
108.23256351915495 904.43782556195 10.0 2.390993112036516 2.3446897043942005
185.7734283772372 295.8207758701672 10.0 2.002804892281454 0.6806836276828145
132.40048458392084 763.8978379713606 10.0 2.71941356373316 2.716274169923814
481.010516847158 720.4374590589098 10.0 1.8313402355335064 1.3001451044771497
309.27963733924685 631.9809184869044 10.0 2.7858530079373063 0.07151844621275262
254.06131417438365 448.64860763530714 10.0 2.4835662221305337 3.69423659517716
8.275349778701479 710.0637651566351 10.0 2.1926909512280557 0.267596862796966
210.581512052276 193.1700301950371 10.0 0.07680267809688687 5.458681653308171
357.36958114522355 506.7588699452712 10.0 2.5130133859724366 4.987424496998804
476.4610082858458 608.8110582262385 10.0 1.7960266133583365 5.705872304244325
302.40562416366083 825.2965793658711 10.0 2.17879199149099 3.346296060867655
84.36997229107146 582.865464108516 10.0 0.42162093697449726 5.033429233852554
439.3525108437086 732.9015438283915 10.0 0.843121519720431 6.2448160666919295
335.82362714444946 40.700252232032994 10.0 2.2705259454074005 1.5201340545463775
355.8773103287013 141.07024604608566 10.0 0.7605896745971634 2.148648782689955
337.59408287587553 20.448322536294693 10.0 2.2397888475280223 0.445237514729233
343.5534197213909 875.6554830021211 10.0 2.940032036857644 3.572936409189391
136.2970881740222 20.711501231837516 10.0 1.4888354843643203 0.4492743242839331
467.032898526424 365.6644098609838 10.0 2.8925086768058765 3.2616501513200453
499.9820463731824 875.1800050596543 10.0 0.7193669983710143 2.1067209868080967
101.51110782813355 329.67607248111364 10.0 1.0075120501587598 6.198133007809483
20.55329327590477 658.0746326858915 10.0 0.18655590734694275 4.770219637148293
174.81171601922847 88.78485064882413 10.0 2.5351139914112117 3.5609876790455264
335.85080014116676 374.318114665101 10.0 0.6615026510293737 3.0991854131386822
475.4201273080306 384.97610376839873 10.0 1.7867093621583328 1.3544916645002882
395.2184372281511 438.34147598532536 10.0 0.35030970008003687 2.5395964542043172
12.79359226022847 833.8400462476465 10.0 2.501082894398553 4.385215840424472
317.38789044485696 195.43216300326392 10.0 2.410087222619897 5.47752181180706
41.27598582228048 390.53046468877386 10.0 1.4442161618825264 2.340578696130242
14.506400019223486 989.5297068264158 10.0 1.3637106149349336 3.041151083557978
483.94551580772855 457.8740433535363 10.0 1.3267267796911164 0.012684506047889716
381.1364323684486 531.3754886859276 10.0 2.32355091445459 2.8136968807718246
117.7233733705867 515.5371111782011 10.0 0.5277104880623057 3.334693932833918
472.0553460507625 570.9228487436227 10.0 2.0560908169199825 4.909820498098946
6.071487864226621 399.155539554381 10.0 2.1469323590526797 0.1314803912704269
217.68327845933788 127.91342587410392 10.0 3.0764066999271824 3.8018413711634356
290.60757269857 608.3343880844367 10.0 0.8697118121440063 1.1898623326015252
350.9673327690469 784.5266180659203 10.0 0.8000042474941669 0.6050124256088096
77.96546440652547 272.42331810014633 10.0 1.162023252312739 1.4793828222277696
344.55018376232937 794.0077306077216 10.0 0.8038201301950549 5.8187487527422554
283.22898251067494 652.9743786039245 10.0 1.7182104528745925 5.668744642244195
282.051163418431 9.181485636555408 10.0 1.5114888934793773 1.525129898444474
416.2674204345644 311.7878044416762 10.0 1.2496343448517075 6.043203224808218
212.28818703614334 884.7572127228715 10.0 0.9254842334286185 3.2627866142671222
422.3007348621208 323.45279644501755 10.0 2.948152198962503 3.560951613504216
160.26827157521296 57.33143294448884 10.0 1.9911412100194419 5.223526404160979
313.02259966890705 161.28893080253104 10.0 2.0269132264314575 0.9945076727349834
93.77514482228926 256.99477452228234 10.0 1.3877419433930673 2.3968862142656446
449.6094849609912 135.59481722049694 10.0 1.2166113625068367 5.488056592354577
269.38179764941793 554.448984623907 10.0 0.7343199225568514 2.115260855487704
463.94379695998293 513.1102119263152 10.0 2.491363782926726 4.0342817953173755
6.716273079983903 197.54046131825564 10.0 1.443421295701448 1.8549067622466109
429.3792876987876 696.5974823687404 10.0 2.6235970948982676 2.6087137641723044
64.80872696933349 541.1165545747074 10.0 1.7901259061925094 5.966692060951861
17.376826145984403 93.44924806633325 10.0 2.103165678597309 1.3589385864288799
419.3479161792403 824.1109336299927 10.0 2.9826595225585795 4.784819079032463
