500 1000 10.0 50
1000
458.661502091629 688.658113775804 10.0 2.4506071049344795 0.3843090136478856
467.9733786110194 526.1577230920988 10.0 2.332518092845655 0.7651281746003528
47.12610511025422 888.6991707100689 10.0 0.8195522359646139 3.068682176209264
461.0378581507852 432.4092992494364 10.0 1.7931450433833112 4.796116715689106
457.364574042742 436.5627660207907 10.0 2.628825026485052 5.2756252190665
44.91122868653258 423.2262177853785 10.0 2.1735946938372117 4.82494551831532
474.93212164780596 175.08916979709088 10.0 2.966380758306585 0.2653391219046005
466.47300787569606 496.7269307646646 10.0 1.6662016233140258 3.4048754842267277
123.6464190498433 979.5799963384994 10.0 1.1711135826564014 4.215244783169191
290.0947033570353 977.2233611418233 10.0 2.0740555984365874 0.46354857769235125
273.8834334225835 975.0384265499607 10.0 0.6616045302141116 4.2454602666484496
454.68149065178227 547.1889527230896 10.0 3.1405241569175324 4.349190295977834
254.32190731208883 133.8418022937249 10.0 2.015546523945218 4.315703510372224
311.70140971087613 942.8622002340918 10.0 1.8674735226854693 4.493927188500122
453.4643290731441 382.7523815188272 10.0 0.40586623785987824 0.5502585970150861
193.0302099104193 567.3913384179431 10.0 2.037720656828206 1.93003911543884
22.262677889392624 598.1728066733701 10.0 2.426554924730113 1.861778858273088
182.44004966593707 525.4271245112103 10.0 2.2435388575773336 0.6870187004836952
414.1771020503491 118.55249990340377 10.0 2.7283939821035754 5.970378490156443
389.5600351812511 833.0693408683331 10.0 0.6234735359657809 2.8981772675569952
123.99543025074733 652.8511277616849 10.0 3.04183025106171 5.848084029736401
150.13691253596934 807.0738254220926 10.0 1.8880487941318347 1.7508595259106978
111.74193908096375 713.9654159853384 10.0 3.011611148501466 2.6585439851284205
201.42386409978903 887.2256940036066 10.0 0.43397407069244204 5.684229222121894
23.003302551006854 956.025717836022 10.0 3.008934295466674 2.832691260695316
6.525600543035692 395.7856590670009 10.0 2.0964498780476735 3.145683052711854
441.99985996946145 44.4682812854893 10.0 0.18200092445354663 3.624595186085129
26.527919223762964 987.9149970835223 10.0 0.21971745352764005 4.982415667245309
38.73042231780938 937.7898048046674 10.0 0.6319678291855947 4.478456196318183
364.23977493451326 796.9861511066273 10.0 1.5821762483185386 1.522560852735411
96.51871991390504 709.8903238966938 10.0 2.2716493736089656 1.4270898399975185
328.376052415517 528.6844388164316 10.0 0.5774529599004639 5.97995068463185
31.28949916347934 291.91065305357733 10.0 1.0990947433667417 4.994446893154681
92.00910524388107 7.807874896791245 10.0 1.9001345675912404 5.528954794962272
138.9025313809335 762.4708201577014 10.0 2.1469300503703015 4.264995708729335
244.11726168141524 931.6707047132711 10.0 1.133124792301247 1.1082202058745256
431.8726346105533 65.21551684215565 10.0 1.4457912594524298 2.415517145467636
158.05832856303488 834.017397374953 10.0 3.064983606592591 4.423661857275031
51.80372183495563 282.5730837875031 10.0 0.3733509866807606 5.531431228461448
225.79629753367843 513.3530900291096 10.0 1.2713754316943118 0.42193006146715917
368.8651813928651 844.6338980067773 10.0 1.448506222366357 5.18020709380501
131.70938529851668 429.59665777698876 10.0 0.3597832617297756 4.456894652863835
4.638569465418074 302.0548822619872 10.0 1.389135076672595 3.0683839032481472
464.8073998528446 822.9630045567657 10.0 2.840816831271891 5.65047826578186
139.6627826173522 541.8960260156739 10.0 1.1788249386101048 2.0158253026728516
93.18676179681928 558.9804588092628 10.0 2.755364669030642 4.210197235619277
92.00585789034244 575.2951239707298 10.0 0.2662949285420291 2.1489611286401247
349.55113917382147 953.5496532056569 10.0 0.697901411280769 0.1781843962985355
278.19150510490505 275.88758272692246 10.0 2.496895007084893 5.0864512038147875
201.62588710186364 81.9503012439966 10.0 2.254586966127147 0.0023859942324290406
292.80850769226134 697.8765851859231 10.0 2.4707022346921534 5.328765303136537
206.29442572546574 325.7018551129784 10.0 0.35930231216195546 2.0772648878524045
468.1310929872919 852.6607389047609 10.0 0.346948348412286 6.182635895768485
171.28466952632587 161.18445017922335 10.0 2.546427414976638 5.6535496986904725
400.0784343810038 72.92504192188798 10.0 2.79372455825723 4.874355512334133
73.23360799259332 443.92633656333834 10.0 1.5017444523141206 1.1227741576157657
51.84138253835335 343.10133113087926 10.0 3.124827017459046 6.17402499431028
405.95819911384626 692.4641808092662 10.0 1.726550545335818 1.7841075671906645
171.50453220049127 225.1047545311088 10.0 0.42444938511151675 6.043132430070937
257.7607166797744 125.68210283607716 10.0 2.287159677430614 2.842588139967558
384.99181490953004 258.25238027636146 10.0 2.0069002027464626 1.4859755850325262
41.59654521160433 457.53633036560893 10.0 2.911784310328132 0.0028938346189701773
450.66369064728804 962.2699697606627 10.0 1.4678093809408859 2.674827428457077
426.93279074697864 703.0710603436253 10.0 0.9512192503581749 0.5316508023542921
286.89405049501454 822.2937801709232 10.0 0.7669115449617542 6.139984319999164
147.12562307622755 499.632193481062 10.0 0.9122236506388638 5.214373431042069
8.955033690709492 884.7727904463318 10.0 1.054627617316468 2.4839699837981066
481.14443825397314 697.1850604242534 10.0 2.5092273518337733 4.035781268989376
336.5377780587852 843.1783874374464 10.0 0.8374034176673277 5.685367732428362
333.47131950284006 221.64242570109815 10.0 3.080426237543114 4.850288550475219
358.2372811116521 742.4273010856888 10.0 0.021453198104065218 4.663959197778717
461.0033675178607 465.10895500728145 10.0 0.7342429721075661 2.7829288582163683
264.3295658866191 680.924132512197 10.0 2.8767737214677 3.2434215536964155
20.786620432219017 706.9484543312564 10.0 1.0854951916705784 0.733698862927773
284.1691164761443 139.12992693841431 10.0 1.1823169485023524 2.059373134834656
237.40914562879055 319.5800888338407 10.0 2.951674843775012 4.433544181115609
189.53490024940606 813.5626212373072 10.0 1.2800218579588218 3.7260179300553284
113.88191562470507 762.9099570363596 10.0 1.9969942730539767 5.03560076207652
350.2528709427142 85.13610861023425 10.0 2.471166316726623 4.764920372880206
234.83509864216356 621.3039823640299 10.0 1.8317711640672354 1.4952137828627527
453.4233329466673 500.74378744126335 10.0 1.4783128988216845 2.2020870602771803
335.85842452150933 187.00872856651307 10.0 0.868972273398419 3.4657156337940807
122.58113174809138 896.9930313501523 10.0 1.0921460783918224 0.32803460157589204
437.8132379633331 343.926183018723 10.0 2.5649525045759383 0.9900396692109644
298.1167416555695 44.99688708004568 10.0 1.907896256562752 4.686316621586232
469.9447544692909 755.6486897407192 10.0 0.0674499674759293 1.9363770604496924
365.2866292738233 945.1288635463987 10.0 0.823743841600985 4.493150749194754
430.6224178157679 611.6605157240264 10.0 0.17663253853337957 0.935838110010267
141.14069936014306 150.6477668836924 10.0 1.9094353444286036 2.8102523164403177
259.53655778039007 435.6121504468249 10.0 1.5139417727445097 2.76147698189592
456.6951829016762 749.0980201333539 10.0 2.056447612864951 4.567325789623905
220.17953380287187 709.5734868892279 10.0 2.8001033393702275 4.747342567265994
195.67901619064065 880.3923851565481 10.0 2.571026416102977 6.04835865346617
216.43932860691135 318.17242351534225 10.0 1.69014361366269 1.496656596910804
276.1817689877577 920.4828606913784 10.0 1.267453377280322 5.893912815844921
92.13390784978209 66.52487907113847 10.0 1.9473170603865213 1.300781540892874
186.53138289251953 709.5264431701632 10.0 2.085701109666036 2.693739152391888
87.31432845278519 775.8626032026326 10.0 0.3993596632022833 1.2791512708541988
311.7297221312301 453.4514869634263 10.0 1.5032185750334521 2.3635056740601383
250.16476639288797 710.7648417986321 10.0 1.304101629725224 1.7680166478004962
411.77413455149986 177.8314475238122 10.0 2.9021741396881686 3.521556701077085
228.32765149968003 341.9005753386756 10.0 2.8643173751006237 3.8265821908816324
238.19308091348756 862.9718707564372 10.0 0.8831389626379904 6.050640182174468
488.48186024584527 698.1869048626777 10.0 1.9480510212951494 4.4149434010898645
400.12410849766627 639.1169725046308 10.0 0.8237044069204964 1.635745343730221
138.0023738674086 812.2704156016197 10.0 1.0242021101965286 5.36903131938643
216.26202222844003 670.682230271122 10.0 1.5358496589614887 0.8877653471625753
147.52917771331093 13.237457964246913 10.0 2.108553280193572 3.6030824508629724
414.00571187261244 608.4190255898241 10.0 1.6081641495618473 2.4370496407025275
398.27387249050713 70.45978103833906 10.0 1.5751553517857424 0.6559913161789125
162.13146243500248 738.4176325083987 10.0 2.839834508658118 5.730453717855023
102.89182173291445 442.4814657520985 10.0 0.4733816171505088 2.1536559941506535
48.32104612272586 206.85491097171894 10.0 0.6666659182773265 1.1902820889938066
273.7482204787286 134.85386852570346 10.0 1.7940658387220323 4.462967594344643
237.87273219953076 949.3928441042228 10.0 2.5302893437249288 4.911214814634316
37.40598771553155 920.8243362940538 10.0 1.4710535325677014 5.083002417298417
174.92315174854895 204.13416642256433 10.0 2.8297682071525316 5.580167821884059
219.16377444545066 928.785366477858 10.0 2.6810462799550163 5.774731939564998
312.5084405122034 737.0414678457138 10.0 0.9598492967494618 0.750917372641515
246.47208306205155 850.3901143451162 10.0 2.108604059943694 4.134105493111375
482.79243664015 158.72580446708017 10.0 2.070645880302539 5.866406526636164
45.0557861659327 273.2407797791192 10.0 1.3011298035918397 2.3000819902999377
143.7903974921893 961.5112978133511 10.0 0.659199210668218 2.6738528536146817
226.5709548290279 892.0559174560483 10.0 2.776275894902431 0.2281292941931622
363.9161352616035 155.68174610404472 10.0 1.2958393480432908 2.5936930983243704
491.62428815987494 602.2230012826197 10.0 1.595095831789931 5.362363656376836
30.680718916181238 633.815840995178 10.0 2.7683631675439218 0.05033223043484148
296.9832367190813 729.6425776695036 10.0 2.74921610994423 4.145696765804509
394.8710184767054 642.1166929460794 10.0 1.517747201687815 0.7505104033782836
460.80492164744004 900.7700628194758 10.0 1.2479229897704402 5.74097912378991
186.53601188745634 987.6424002537827 10.0 1.909469907883571 3.5898141803004857
4.711886176571589 306.7616154635837 10.0 0.8065335523812465 6.013136572207919
164.1091193226371 860.3439087864114 10.0 2.8203628261425124 4.934213670023679
156.54306078131785 365.6302370818307 10.0 0.1679639538124109 4.136436375705185
82.99470497539957 398.81590653277385 10.0 3.062937661426054 1.346528733394688
62.60772159873329 36.31837457946641 10.0 2.5385120116977866 4.699881659599063
194.94664982021942 378.6676780024117 10.0 2.981088540689929 6.097628123530392
383.27092395573726 288.593289214099 10.0 0.7317114907707926 2.586384861436593
14.56751164961867 652.4195210322897 10.0 2.3276168493172937 2.125189375240607
70.69820925672438 482.67141459065164 10.0 1.355257300130284 6.020836092524268
214.2559784355982 219.83162868262772 10.0 1.6026087380856622 0.7178650651352567
252.58794413861708 662.4780345746029 10.0 1.3649512903058274 3.9565257596521386
133.93102328336053 57.571061129807035 10.0 2.2507222503535864 6.065568503732809
270.7193099367839 16.44830277485965 10.0 0.741018870839446 5.451671512384559
16.860798578520964 87.12353887549551 10.0 1.9008405050283665 1.546650165877772
48.144111379503805 9.776180315860362 10.0 0.7390626123757167 3.7984332401675203
207.92436094571337 909.8560025548895 10.0 0.46650048443468856 6.0784959159096426
83.85046353259318 942.0173657043225 10.0 0.7851679502932273 2.480942413299222
175.6344099061087 188.13633538709263 10.0 2.294979458047773 5.384647735103636
498.72657434064814 933.9523539259757 10.0 1.5868913155005167 2.8486219642233057
344.2490834229803 801.4164990243305 10.0 0.3383176565005179 4.425314481781848
181.6526929623914 597.6160636561443 10.0 0.8261087922701112 5.75831821977064
347.3010714539291 156.18526277618705 10.0 1.3615871245422042 2.7027795676909405
209.549303410835 893.4003559840365 10.0 0.0010286757435344122 5.611340650677004
438.8720348195491 278.69679931730116 10.0 1.1926662672692143 3.600090334271876
340.2098385867137 928.1352353340897 10.0 0.9293654483074286 0.7645951473459148
423.94054207837155 569.3814535145813 10.0 2.0155509382429364 0.836205845278875
1.7458638307409902 698.0557190859046 10.0 2.625996936905878 1.8834990077068523
94.1315526960621 347.84483082250495 10.0 1.1318152131436319 6.072095688043932
327.4729492037867 30.55986110231168 10.0 0.6290461595516358 2.525604379146783
280.1957374298063 567.361593838948 10.0 0.7807517570797884 1.0607085627470603
410.06537706091564 228.6646250944614 10.0 1.0585068627571241 3.478359764793248
257.5465710835981 327.7700613160476 10.0 1.429527347167462 0.8974162270433493
73.8077290397408 172.06596475140844 10.0 2.7866679636592924 1.732862208181418
366.1834624783369 65.67396096563805 10.0 1.4203460668327168 1.808106874042506
88.77154745780558 878.7088007347027 10.0 2.415955902787279 1.0595107175357574
331.32898717760696 550.8576017171201 10.0 1.5142713199543534 3.1731290201978384
375.7451562176406 780.7738251601644 10.0 2.146989010941504 2.19130124094358
396.1083201749819 67.82061560162478 10.0 1.0903839693043778 6.0295564844263145
375.7448175877588 218.98686092025554 10.0 1.405034530285348 1.306343382346387
2.5990942712103005 411.3386019755583 10.0 1.818686616539892 4.962380477032235
382.93523917771944 909.1573264896191 10.0 1.0023489684869409 1.9392261178570787
382.5797105666102 574.9559211149372 10.0 0.8530428393596436 4.43239916001862
264.78770805836086 384.85191354680495 10.0 2.2753884953335333 3.039367679143949
44.30421876360946 261.3168283325692 10.0 0.3581355736097503 4.194776715550757
118.30385516946396 670.1097076797882 10.0 0.1292398281462396 2.8634969423314667
266.63201349688705 593.241277605874 10.0 1.279566865898099 0.5640088758548476
36.13320403136433 686.1052692902372 10.0 1.1229451716667995 3.4115496429669134
336.84035635263444 654.4515635156586 10.0 0.3171008249200889 1.5863410792617376
281.41272669490377 145.66545047871205 10.0 1.125421113225606 1.6860503805151588
393.44783195865057 738.8560932307395 10.0 0.4216734993114201 5.486001837793052
295.1563262529508 939.5466065867885 10.0 2.370332082365318 5.891340107918361
360.3770346541423 437.2966585044015 10.0 1.9398921876451463 0.13656084844862493
85.02257688129811 268.3784177625429 10.0 2.868821316953808 3.1624612899450466
83.7843594276551 940.6650449321669 10.0 2.00540780741952 5.180404389450096
169.28877856790837 24.180167112103245 10.0 1.8801452010988882 1.7630573446385416
407.8852569619423 188.29592213157508 10.0 2.2876061828871577 4.060928291868678
374.85932594748004 175.35635390538073 10.0 3.093799041052704 2.0854726216822193
51.10292705703357 740.541501916156 10.0 0.8607216665324132 4.360336513069996
413.1367874017219 159.07730213416937 10.0 1.1037167786144515 3.6844428466659562
268.8685979287651 504.43478146442544 10.0 1.2905433849884984 1.4510132122507977
282.5834665995981 534.9515013296955 10.0 0.37237487743330394 0.06693655933010222
414.40163760022426 691.3473577449895 10.0 0.5646496701862909 5.313540061568976
171.80195812193415 403.89540699303296 10.0 0.42910327825447886 2.4960902045442257
133.79738783833955 635.5480565038769 10.0 3.1005081651540123 2.918699001238671
161.96250287225655 346.1075493041734 10.0 1.2128235985692968 3.6910937032570605
56.75113449113339 352.5689059675733 10.0 2.03702503395952 0.3185696999703523
152.40541277438746 882.0527594195531 10.0 1.5734246829103065 1.2207864850006855
469.2460562490933 966.2841695766497 10.0 1.747417501493499 1.1360972099639632
58.246672207181994 710.3628181314427 10.0 2.430495768651008 0.897596195218935
79.53349490566414 383.6092137726221 10.0 2.358642940633617 5.9079796427099085
453.8148776435098 226.5600142018379 10.0 1.7407940104183561 3.730654450916536
113.73355677838082 845.7253498360295 10.0 2.936496539601558 5.2091804270824875
460.74755216335404 76.50962657161031 10.0 0.6271478172249593 0.41727797514741544
102.38422072757925 234.73647957462606 10.0 2.2410762394588297 3.890022035637309
304.5750298357405 748.5076463942047 10.0 3.1077839288912927 5.205983693840449
344.2669959618192 264.66446617064287 10.0 1.8754491499959451 2.2302799158875715
88.62000996930719 457.9100436672877 10.0 2.0752430900258623 5.45537173445449
158.83742800153578 935.6888439191766 10.0 1.7277898701960064 5.898749939969123
459.0409054457091 828.2097528505968 10.0 1.5081128725061415 0.0937143683149895
163.5883134508287 880.5376764079484 10.0 0.3838088727640239 6.230672079618835
459.847141015025 122.46773439746428 10.0 0.02050113134165643 0.1619906376927932
437.67406723522805 481.9353184315259 10.0 1.4053147067930063 5.853076882039929
1.7144549868443604 29.00414502723203 10.0 3.0112386375196185 4.423982044760531
58.12407687831333 890.0136900245724 10.0 2.0234124979287107 2.8961025881896783
493.42840862497434 255.25621953518996 10.0 2.654900213754156 2.2969480042498374
119.97334218870276 318.5931084798607 10.0 1.2704985547405654 5.678758173061327
309.78419765764016 433.70863619693523 10.0 0.8506160253354503 1.378534432957115
476.6384845247397 249.23904086645697 10.0 2.5287568359520356 0.531956003662997
394.77085472711815 93.8031995317824 10.0 0.23359393622433258 3.01813514667262
61.86721166684656 422.00097937600225 10.0 1.9662236335926393 4.337552293580538
423.8680377735127 703.7335454268964 10.0 2.237009932353534 1.748174700717727
279.58943049829105 741.7397349572732 10.0 2.240775882789218 1.9241038277301716
74.2834820007463 36.03133730832941 10.0 1.7118371783454787 4.280165296578919
72.99805999672316 478.9491504012734 10.0 0.5316086063897812 3.5706367514644257
76.95920238605541 360.8505151774021 10.0 2.9551024810858397 2.509335528067923
409.1877106601945 393.9790871305814 10.0 1.2741303266542938 0.7679889609769078
349.174721821446 220.85510507371364 10.0 1.1010487239321705 6.188427073713215
40.67940580459967 663.5651131605009 10.0 1.0870475213526627 2.0819444842873964
131.57522930917747 791.6176499721205 10.0 2.4203772627777416 3.7410111493597835
30.159328317026223 738.5718731456097 10.0 0.9799539473204006 5.807539180712337
178.45303643198702 81.43395593948277 10.0 0.7785116901503698 3.9988103974623663
149.759861434209 511.8559777611849 10.0 1.1841780343271675 0.1525694280651301
175.11021044309004 474.4606706661364 10.0 1.076816576716926 5.342230060494415
391.2109779110931 425.1547004291052 10.0 0.7084829714907871 1.577722355563735
181.1307112184754 371.0818128809825 10.0 2.215322937194627 4.187880133237866
448.190093411798 393.90692213473875 10.0 2.515463661628189 5.261465117286512
23.390048252273033 929.4105536983138 10.0 0.5557647337976444 5.5412179494624985
157.1986061260503 678.9124856845443 10.0 0.867143022905155 5.971969619370501
187.6306322008096 161.83264407675523 10.0 0.2509054065468298 6.186425873701558
8.293018651250817 83.7359605666388 10.0 0.43029829491845334 4.154912773111837
382.4308930354844 890.4973200518571 10.0 1.883567156587722 4.337841397190642
461.99912863885345 106.76152365644597 10.0 1.2785181390625364 1.5813868355408556
74.3963355847917 315.66250460581404 10.0 1.3344366426377925 3.183458144083326
433.7370166071596 926.8048600721279 10.0 0.9523178213962379 5.037321644485487
418.40066785555507 200.80005587946104 10.0 0.16718967471078733 2.454557711674051
432.08524663868894 351.1884392446277 10.0 2.692185009969982 1.5579453956515228
131.7050797814442 928.3676198196985 10.0 1.330543701407205 5.142249443226102
462.2123324644863 105.18645048663522 10.0 0.8952700826818526 2.228503091559134
485.7837966129684 930.1532318482712 10.0 2.461355968970682 5.220645532414983
430.80342644281905 91.74561156427296 10.0 0.45483681717150093 1.8158324846298655
214.68410753159557 246.09884566543883 10.0 2.9998767143879514 5.488597648060775
413.8106452877837 500.38806750058853 10.0 1.7632775738862556 4.659089274180898
263.74893037225854 215.5092392482716 10.0 1.2729598714829702 3.1153845230876858
273.35492672534104 894.2027495768433 10.0 0.18382816952819941 4.924927889263404
427.529997552896 554.5523196949134 10.0 2.468727970792634 1.4270605088260866
235.10764094249294 653.831300001975 10.0 2.457621702514015 5.681983189515424
50.719921535676725 323.9572248204831 10.0 2.66292263132683 1.2268137337802867
162.48006334866722 407.3548353586749 10.0 0.46626845737369904 5.740663584939788
90.93113178629658 540.8164145193091 10.0 2.8071578704308306 1.9117109687501233
388.94882448160604 324.98798957258566 10.0 0.6351787460835759 4.155582513117208
467.14984842374 438.3980827439435 10.0 0.5605474967550724 0.23669800999832158
94.84549200559661 407.4861295334509 10.0 0.7031284888767609 4.743712621830301
242.69332667076455 627.8749266534585 10.0 2.8793520295017916 1.2802674950542015
339.93837455730824 147.17242998387826 10.0 1.1477108305696029 4.542145695944816
316.4982131972431 665.875819848306 10.0 2.533725392186907 1.1883317489001237
488.13469121120426 190.49060394700345 10.0 1.1116373820714593 1.965616336335548
421.56855766571977 781.7664187936675 10.0 0.736115438686133 3.3745993361085507
385.6312074956624 880.9899380558134 10.0 1.7168825397984864 5.446079635673295
354.4111976367321 768.5650183805724 10.0 1.7716392693468106 5.762847197163648
278.8415301605478 811.6485557152824 10.0 2.7399512294959436 6.057871277509824
484.2868552522887 291.399961398194 10.0 0.5539305797134035 5.04142129547728
83.42808339627366 765.4414755036988 10.0 1.3980953454811 4.866481540651725
216.10512206576433 117.41473160209071 10.0 0.5233189914256043 2.6392490956484598
240.76696988096657 673.0593802937501 10.0 2.7817046252751623 5.097397975448362
205.791234577634 21.027087305860558 10.0 2.7002263860243647 4.9866221097700425
23.17385483977058 466.6846719503279 10.0 1.9880112170279611 0.17278683269777562
251.95297703279175 368.4484471373659 10.0 1.7398431388225337 5.911621349425155
274.21890140426154 958.7307941408454 10.0 2.469204813238243 2.80095169483646
412.6758114792628 635.3698327329333 10.0 0.4868043304461006 3.425709066534431
195.4589364342007 124.45116714702809 10.0 0.8049677501706027 4.794672085178199
21.27411343334562 361.7204533508113 10.0 1.9069094990467852 4.191836171191403
415.9150725299843 417.3241418970682 10.0 0.8417304090168044 3.9095447906093175
399.82708626286234 297.40533403484324 10.0 0.8901791982418529 1.9551452781169911
205.62373070472856 996.1199371274901 10.0 1.545823142323151 3.08639586080301
194.32700539084564 742.9283181787961 10.0 2.3465344675029165 5.751732306685764
319.58924101557466 992.556019047682 10.0 1.0924730240581948 2.1499573215905965
380.26827974966267 338.8063618345609 10.0 1.6945947169905107 0.5029871919699634
83.46631207514965 198.44711838444107 10.0 0.8077297933081786 3.586803858920519
112.50522373177446 807.6817858907968 10.0 2.8595656790307453 0.6339813215479905
457.30025989541423 801.2561132114871 10.0 2.790583229552771 5.3308548775305065
218.20679982442343 403.0383513111687 10.0 2.026732113490475 0.7836018430146046
438.6532162043198 46.95197989187305 10.0 2.111115666778763 5.321029891166877
256.7364151642512 68.42772670119967 10.0 1.2709521869559215 6.236053011205224
291.44452333717936 959.0813311108911 10.0 0.3986744427901665 0.18413981341835878
195.2848571104966 561.1124592620539 10.0 0.7290196420707038 0.5484979117495693
211.83328624872462 492.95921433617985 10.0 2.4460014361615143 5.949194431894535
374.08455165561463 44.03150431020442 10.0 0.44856980381398837 4.73012605183146
167.47134462711 753.8861739703707 10.0 2.2229500152236756 4.606393839912968
60.03322604667366 899.9950875229774 10.0 2.9918943261549473 0.624421363461675
271.45471388693034 158.29724308239756 10.0 0.03634045862324562 4.638207896663069
12.555170612244982 772.014455900027 10.0 2.375248161673117 1.655210647304766
177.30158293386967 666.7493389915862 10.0 2.251713085123765 3.0968851329101548
110.52809548646397 83.67350766756864 10.0 2.258293214233181 2.7475668593436207
106.28516707249813 467.6532277795467 10.0 2.9020281817998663 2.7982734089842527
214.1038331043312 543.4478049613632 10.0 0.2695741775335203 1.4779578332096117
243.44929905886804 740.6565394545668 10.0 0.7008340291950002 1.0115938968865736
60.25100509451331 386.87783285540644 10.0 1.803024508505246 1.3354961418937061
363.6350827464573 378.5837827766919 10.0 2.090266145798853 5.8256804449499
115.84764739868147 360.5025375635401 10.0 1.7421948099030482 3.7947153002030403
173.84663016285302 796.8396999071581 10.0 2.580341392553285 5.996099597637748
437.1520649805485 701.4591207618491 10.0 2.1595893108947313 3.754284035300022
483.28403137708017 209.18240907926378 10.0 2.253264399728055 3.8607417636949095
209.47995838241684 616.6558753677004 10.0 2.877006837922974 4.466864268566909
437.3717158307071 998.7722358700911 10.0 2.1361174394974114 2.57077928805286
265.91604506362546 15.42383855761087 10.0 3.0891423407103753 0.5410752061171075
177.11025390979705 63.4028824358398 10.0 1.1873340284012792 3.817504328567084
8.888132097029544 499.5537418859972 10.0 2.7726233774921765 4.831032642271832
410.0797984090292 263.82073843263555 10.0 1.8613850876973264 4.691317597143013
283.43188178435366 864.6245483770554 10.0 2.812830133269284 1.8209796329905383
4.423270544412993 354.0390351396401 10.0 1.5855772393588905 2.729490079399757
375.9744763610016 616.5295721640837 10.0 0.4246539558394473 0.7098479855088456
342.1373895830825 22.552758265035223 10.0 1.675336335667886 0.9305601820569211
437.46506199800484 257.10680582462385 10.0 2.3614894535708597 4.829823289642252
292.9997066259474 923.3607005767399 10.0 0.026302004133868066 6.084026792712963
254.68033100859532 342.779324325866 10.0 0.6523349276363933 4.630306696676523
295.45967083117233 825.7009498180456 10.0 0.6804028899568542 2.768421663723283
418.53326775340565 570.1123385746239 10.0 0.9055387732071462 2.4984964018122184
155.8221009558088 261.405962082029 10.0 1.8918481568258592 0.03897968825686272
63.213175007913456 392.1928494427155 10.0 2.365973589998601 3.8603881952476296
302.05085581026157 298.783493753186 10.0 0.5025954769036153 4.352692291632036
474.985121770132 919.738482712637 10.0 2.4854149418098257 4.824565536288438
353.52102062356005 321.9296688500162 10.0 0.956767760255167 0.04399759959298687
494.4769627997765 110.84138875913696 10.0 2.1619278525802317 1.9187657037392687
493.04782387191955 944.38056663571 10.0 2.360929292133238 1.3856018483584438
261.28202243813445 503.2538395656435 10.0 1.155831745613918 0.774517974512879
252.5201210061151 436.0081816475755 10.0 0.6143803378138329 3.0786798678767253
474.70555947225637 993.1213994405733 10.0 2.2495478539917717 2.185948192382966
448.4668347187971 292.0674017826754 10.0 2.5783251065244346 3.162692493708526
469.4831614720508 414.0702200760862 10.0 2.6633256851039038 2.0883098889060543
128.88442288055884 823.3002365699247 10.0 2.9142748860463152 3.7288858745438667
30.299241243253228 920.5545672823123 10.0 2.289727065547072 5.87348119531009
17.653327926921204 896.0031738563144 10.0 0.6711528995854122 3.206482529332573
493.93360873620884 429.37080966465226 10.0 2.546474877394495 2.4818038897675745
67.87177312297842 200.96436642409253 10.0 1.5390747694096074 1.844559691339346
312.8644214386001 623.2441777428509 10.0 1.8486004144462365 2.3600593743387654
360.434885564902 680.1765640194702 10.0 2.7386580275800436 5.884291800248854
379.15554247141307 270.3945610323504 10.0 0.7694048031867925 6.185140509550223
209.18729155291854 990.2322464405222 10.0 2.2824101416626696 4.920659271154867
32.456419426468095 863.9875547290729 10.0 2.4708154431170377 5.301626175455683
458.97731693186165 131.30720844097908 10.0 2.8735113381481234 5.3376748630712285
300.942643549969 835.376941561755 10.0 1.052301528901019 3.2949255936079322
87.94099391326759 620.6385231063573 10.0 0.3422631178947565 3.21004427290943
49.025365640332 845.0449769151736 10.0 1.5183937238126046 5.710161640371116
350.3438467876322 839.4036783515069 10.0 0.712945801396093 1.5464581843265586
330.6575457255244 905.1467596459352 10.0 2.7529141549937477 1.8959803585708161
321.3086692166698 431.90668653615427 10.0 0.8234841156390506 2.391322716182439
372.06529856984923 337.5646618133969 10.0 1.3371297008376908 2.2223823486386607
329.7574778557382 885.9775520655868 10.0 0.15260992832516038 0.12031107961342899
232.73246481230976 821.3794350235166 10.0 2.5778064363038378 0.7137235480426263
390.8956352041436 673.4914408654388 10.0 2.338865738857614 3.8359136367700133
318.4663158839118 33.66401876226443 10.0 0.763801359128051 4.885798309358779
374.5664046645848 579.9137205308897 10.0 0.2187105086593989 5.242626154142748
45.372921112098396 637.5063480414295 10.0 1.410967962061768 5.969744049911226
270.8038673795163 101.77708837936494 10.0 1.8282396303901232 4.730957571557178
78.56985046638698 621.1673570968069 10.0 1.9609177586978546 3.037346828721542
38.91262401317225 40.997097768078696 10.0 1.6603912318722163 2.6251158888697805
194.46463331998459 242.28057331914442 10.0 2.1226185395755355 1.3343767871011993
151.4020583101286 674.9323222572522 10.0 0.17524280397819714 2.3501104344224957
440.4270899909973 80.99947580609602 10.0 2.7338720789243274 0.9471614367988702
69.10361167617707 131.0954009251236 10.0 2.55880848897017 4.729758417758107
390.6834460732375 955.9987519452376 10.0 3.0705946449443635 6.064766781957127
8.798931294065948 845.4211820638374 10.0 0.7677726411249596 5.613814981606449
422.260595914696 707.2359020878756 10.0 1.034038079283205 4.98854942285895
489.6871882829789 232.998305419879 10.0 0.23166430087833564 4.320050644553906
59.80848858361754 99.37928847080069 10.0 1.4314842499736744 4.5585265644668045
270.0196258546916 950.1703135482743 10.0 2.572926388044263 0.5319730234220528
63.12887974566678 349.8090262916532 10.0 0.6522357123774041 3.1748783094794444
410.22943653489307 376.9127889064091 10.0 1.0039930045090852 2.845981352304861
56.238404165671554 35.09679074330918 10.0 1.6491220045809023 1.7919941589531811
323.885181139513 198.39245079449586 10.0 1.8635925853941118 4.617503750630039
121.79427558736606 379.87082615424725 10.0 0.8238060838548563 3.036822842517464
302.79579269518746 214.61476092261066 10.0 1.7168855950644208 3.706978199857802
409.7106618368781 181.9726855257209 10.0 2.296906868078558 0.439567152923213
127.59525505912411 757.0661132723546 10.0 1.025897518832159 6.0672650835681505
433.79381466067406 877.8114874237938 10.0 2.7320190198220398 5.317853061635306
0.1352713736917921 341.25688136158294 10.0 1.093616073456618 4.9503515867065015
355.22413997944824 501.822255769969 10.0 0.6238496804129767 3.346671586871241
159.01379231886824 434.0716593505767 10.0 0.8855621863835452 4.480231937557675
176.7133141457012 543.9345541715635 10.0 3.064682541109707 4.594154384623122
164.56775282548213 464.8327242289394 10.0 1.6932622609553774 0.8300107722231408
396.1646207106226 958.95765996059 10.0 0.6471849727592136 0.5156604661689197
464.65797289406083 458.9834504023671 10.0 0.11511461432446304 5.458074953771963
293.6645052546063 831.7882586143028 10.0 1.3274921978177643 1.111015828995635
477.5744780499636 923.2971302238667 10.0 0.8810234200852981 1.6502312867505744
150.63361591926832 452.34749232203444 10.0 1.2296011090609904 0.29490310907519707
53.39023605780307 861.5184160763105 10.0 0.15116131181999115 3.6456608980299166
324.9653607229096 804.1529782930317 10.0 0.49376775833206143 1.8445357827590811
300.0915989534485 49.342770495675595 10.0 0.6603661314312395 5.9210267388352396
230.98017106619795 720.4324145030807 10.0 0.2694045790852842 1.0985069665757434
385.81339858783974 947.6407450610859 10.0 1.4845501975547666 1.335363735533924
398.02352113646157 211.68503667513906 10.0 2.561373696641449 1.3638698446880542
53.5069139603897 882.8330482357102 10.0 0.2386822780883398 3.364943933081379
406.5358963426599 718.5969853982239 10.0 0.8664516188709291 1.0460447839093252
209.36890813065372 373.3228280038632 10.0 2.3190007605421936 2.944925073891956
125.42282381935883 294.2168844326747 10.0 0.5876200622235617 2.1842789520895254
71.3596512375298 730.8912114447488 10.0 1.1715895575199289 5.633684759526363
299.5530426477763 969.2980094810039 10.0 2.185087821300956 4.681582185793417
489.13828760215165 315.9625941434171 10.0 1.1689960732187687 1.076828880841066
161.21298271158068 804.7132218125871 10.0 0.1888656355179117 2.354349712731657
171.7434746196082 75.64571412879717 10.0 1.5239291741727932 1.0620017333448857
364.34572296776537 384.84882995456695 10.0 1.7176322858242672 4.780856782526845
184.34758808571672 243.45690638182603 10.0 1.8261416173965337 1.2830785484241614
165.4024006098947 755.8837102994148 10.0 2.9605829786806717 3.684458353706979
200.4125073456612 329.63178867037277 10.0 2.6094068085143904 6.246458872303226
399.63434993746546 62.86003610603963 10.0 1.0944259607200808 5.220056441703638
120.57509982207742 780.9313947743719 10.0 0.27363794913263845 0.712376763297683
426.6540653432573 389.45161046876154 10.0 0.512569616321108 6.05896167247803
294.5905933980418 938.8493709363094 10.0 1.6053374578503223 3.9623536324508173
344.09302508854785 554.3363986001987 10.0 1.3032762770768058 0.08319184849055715
207.66201954247947 175.12628885338145 10.0 2.243553731071519 5.46270744261229
393.1846230149673 868.0789942320645 10.0 2.6812518163912977 3.54007793036077
117.48359900377397 333.4771620552466 10.0 3.029219047996861 3.0382461592942756
105.10020388467589 104.43001036069532 10.0 1.4554656476200376 0.11425344506865497
253.3264727512218 856.4388373818788 10.0 0.7310642626425246 1.8163197270103917
361.86651282757305 189.94788327214562 10.0 0.9589112830362488 4.2546052804933785
313.49482507875683 226.24302803047968 10.0 0.38244683603828156 3.418205237867226
170.6924316526428 365.8498044021891 10.0 2.669119431577195 2.841593074173674
122.48040294452811 598.6216524353744 10.0 3.0010461120154077 3.879227567555833
75.53333857917627 825.9979320677348 10.0 0.6575233582047564 1.8068479616864073
434.143690802301 758.4505360224936 10.0 1.7885973445238021 1.5002530330817512
254.72117648652122 84.92708353493916 10.0 2.932767384098996 3.7639040392335903
492.24981577878253 776.137536605337 10.0 1.8436738375221593 4.8376273206888625
478.4882123355233 579.8201414169034 10.0 0.85588907727348 1.8903059072689452
84.68732696883974 993.6619029726629 10.0 0.6661126070450477 1.1934897585673898
225.2128373559194 260.33757603191833 10.0 0.2278573189341231 1.4739081387881663
452.6979497797459 219.17041334473598 10.0 2.605558492523321 4.61883159250056
380.2153347734926 170.20698243901876 10.0 2.2406736281905313 0.4255732433372271
41.445470272293896 259.03709579779786 10.0 2.9619238574116165 2.419566030157799
65.93184918725015 274.47950316838387 10.0 2.3394250554759113 6.144529368054893
203.25177219881357 166.2925765224935 10.0 0.7530734801068539 4.000974350081916
277.29467436023987 36.35859577909384 10.0 0.42985097584358484 4.330629400386567
89.8284014780627 834.3291502107603 10.0 2.56106846467723 1.6160204550445472
121.14691844562203 497.5081131193255 10.0 0.9434200841924225 4.25366378159375
94.8314163114149 814.7881921316191 10.0 2.6448512959920376 6.012193435083144
83.51977144503047 865.7454310929796 10.0 0.9068698636481785 3.817337897197894
333.06802061489554 488.5357752223761 10.0 0.6908755569646796 1.099889568941358
373.6003854920657 864.0262565316948 10.0 2.6476692716645482 2.069658117618523
267.6828321037456 968.6330148981259 10.0 3.119652881632132 2.628140921273697
18.21861883498749 344.62700643843544 10.0 0.58766921618097 6.169895064047724
221.65205546135607 364.2072656763864 10.0 1.775479194769902 5.300443184598504
5.680672737899572 922.4313390475422 10.0 2.3183480833859815 0.2426439164491274
134.9136019190595 284.1304017471129 10.0 0.010222979662896732 0.17489628668936605
402.777756690495 631.2268993307868 10.0 0.4231933947497282 2.1999299548734363
53.461384700425995 709.4105812564037 10.0 3.0194173543077536 0.7194506723557899
493.79797133313855 856.9185390193546 10.0 0.7937197467592041 3.17428437387448
461.7317832277782 613.2035401696284 10.0 0.03003724222421053 4.897467605463094
115.36944390451576 51.56424513465075 10.0 0.3427204028375116 0.46673950594157243
194.61050181928135 957.3497335259071 10.0 1.2822629101908485 4.4419819262605715
485.9629167944956 982.1401786588827 10.0 2.5824924173428863 3.4756717791248235
290.38793125832166 944.3438542374099 10.0 1.8957743148475616 3.251397280464675
453.88190969111446 517.9409753819303 10.0 0.09994801356455946 0.45736019065102257
270.9910862266286 653.6423841437283 10.0 3.107118857053256 2.126958811889763
212.56846591452233 210.52141998281283 10.0 1.4007777846402443 1.2036396539164944
460.82027541162654 441.21592354163033 10.0 2.2386068176884955 2.890921553138385
157.05281576834574 170.08595085606737 10.0 1.3094492835102975 2.115848291314551
80.5187002140516 731.2526170021223 10.0 1.7746625113100327 4.8137241316806
180.37487436905158 992.2321886977358 10.0 2.242335211688195 4.468409472511129
477.00294142593435 78.91828175629534 10.0 0.7423658306400976 5.548380639712795
333.80581365150846 738.9547302944359 10.0 2.81951537419388 4.597879405392164
476.0826527395626 633.0802493658776 10.0 1.493351523439121 1.4915471281590285
399.6978309022961 227.81533347499183 10.0 3.0130826360518923 1.9877992919317287
468.99738692991303 377.900728125647 10.0 2.93778285981958 2.9110711760380372
50.7901709797346 133.18604014189873 10.0 0.4169600858109893 3.67544463199855
469.19889219761734 782.2060189107877 10.0 2.331993375965986 5.352404058810663
394.79965495734547 653.4710876706192 10.0 0.1325234201552187 4.977362293601695
0.7068529437254112 735.5378613029274 10.0 0.23245673280734977 4.920315046309458
328.1236270633938 748.2142673526943 10.0 1.859460414197861 3.499607127953946
304.36617031946207 899.7932501585146 10.0 0.8725500624459304 2.0898811777895023
247.48370303838357 198.9976770282118 10.0 0.8233291582896353 4.438417691616059
473.3340883730757 855.3587237817947 10.0 1.003972992658909 3.103374347369357
293.338250409608 998.0382509121366 10.0 2.257561857047977 1.8806137408836958
254.12513820239667 670.6457246363625 10.0 1.870789037279481 4.4477238717621725
423.8918161665627 818.3883192338468 10.0 2.8191708087828435 4.065197889509602
374.5420457477198 773.9328623941964 10.0 1.2296367052853665 4.02669645250778
243.52956272148464 569.6463646275456 10.0 3.058553391597229 2.492438936995021
384.82078797517636 256.42179201486346 10.0 1.654871962201466 2.531322052769525
134.50493881469484 293.08433965159986 10.0 2.7518545452278724 6.249000221241713
123.31782760121135 985.4125292032157 10.0 3.03776501839023 4.065189300873148
365.70862762255655 900.0977347262175 10.0 0.8047852091445067 0.5946821206208466
43.067811691167634 156.5047445749177 10.0 1.381345411075024 1.5192862518187913
477.3468832437283 507.8846342076462 10.0 0.23103934704633158 4.586416187195659
260.5396562491761 163.73116435192537 10.0 1.0699267820160603 2.8769009994980554
365.357443107844 376.25992753656055 10.0 0.6443005271956482 1.9620830237542106
312.91926115415924 916.5293581469402 10.0 1.4538479875159822 5.40344233330302
114.39113865817136 699.5112931584334 10.0 2.328925988564492 4.882787930655298
235.2470346041773 982.4581534176649 10.0 1.0567786995118134 2.1760263330582283
253.18726146721977 757.2026080634965 10.0 2.757502203458691 2.7650212773919174
193.7381920271533 184.56486029233554 10.0 0.6664775167165254 0.1643226096368695
231.170877917365 177.83161671092296 10.0 1.7663788646013316 2.394261437141153
36.61404214781783 532.309807117681 10.0 3.063256401467419 5.512205743169134
40.10021293539684 319.247668647029 10.0 0.9697631876103348 2.6576326484674113
248.77249711510203 614.9539755500108 10.0 1.6426161128844725 2.355596506758579
29.592120824412316 19.736142515291654 10.0 2.6279088779761737 0.13143655868875548
421.62567292782194 836.3165708167079 10.0 1.2393978926658875 3.3481515899227734
90.3539685729281 223.67549242784946 10.0 1.4039616255739815 3.9496502191774634
474.43292509630095 119.80826381476639 10.0 2.148859680223351 0.3098475014220785
3.9498789041189086 235.67327362595947 10.0 0.928533850563443 2.2511702442856656
488.45738321815986 962.6465755951989 10.0 1.6475975011629223 3.1258637523389723
382.92950570815225 607.0875527856597 10.0 3.0534771568787877 0.003566392415566526
140.2740649103098 968.1597891004665 10.0 2.129182828977054 4.735586104225089
250.14756106671894 908.8397246199802 10.0 0.1431286328937972 4.527678602352841
345.5577408087961 235.08528500904967 10.0 0.046824997528326 0.6488753607997297
431.10204672060246 894.4251326833715 10.0 1.5367047990003564 6.264187510588663
349.67863480381897 232.76896222579612 10.0 2.8973936726350193 4.501980196920318
58.11948742048223 807.0276277884043 10.0 0.4372092674150477 3.8940903495361088
126.4341572986108 41.171557915776425 10.0 2.8860155086656882 2.7362730819509125
110.21513018768425 834.644439588666 10.0 1.8959193604955473 5.115284397237705
71.24472958246403 84.58863937899208 10.0 0.058675558700196716 0.3988956285787661
37.456433002107936 967.1275915954559 10.0 0.8690576665969824 5.063298623408208
100.14181887549306 737.9898665968311 10.0 1.9712394818677945 3.7591188989602307
143.65773616352556 759.047899906077 10.0 1.1705827982262351 2.4836752017915993
390.8763650700044 434.88448401212867 10.0 0.005345029261947967 0.633320432624298
26.234421217031567 752.2881956932621 10.0 0.4260221819882527 2.236966469463282
127.4756851984452 155.6187223301162 10.0 1.7668218723534779 0.8822745191087797
497.0446257774833 562.271640370175 10.0 2.006150397625468 4.55358872529051
234.57698822403077 425.0116293178603 10.0 1.8673633477707656 0.05332081854760999
33.046562098678955 881.7316319194938 10.0 2.6073805400942582 1.8761288721733773
212.86562716221474 198.2355244795364 10.0 0.37024119378668274 0.8877399624572093
430.599742415403 905.9293873678561 10.0 2.3205052510455326 5.697495040742403
311.9462025026506 263.8474252217846 10.0 3.037063506603871 2.7897893096923023
462.2380434200862 933.2256328389465 10.0 3.1334149799377293 1.7103918834113367
401.97468491800174 42.877423319655165 10.0 1.1298288894547683 2.8715419869298544
459.7427974182113 144.9124489136032 10.0 0.2979286188931067 3.331368033649771
30.379600448733115 912.8806647711965 10.0 1.564557477170693 3.492983333375248
372.34419642678876 818.2116505761602 10.0 0.050606521619880135 4.525543643143406
275.0004945790155 435.8586957843548 10.0 3.068990122841017 3.938062387730618
473.8788577586178 476.345995344561 10.0 0.5734391153639864 5.13685772397596
129.97172211816553 118.95689503946305 10.0 0.13621116150810658 5.703671305286769
17.731826180785614 729.5892635873352 10.0 2.6710036278055136 0.7561315201925365
285.67976812688187 586.8440455436343 10.0 3.1036689673176228 5.900658110909215
263.39122999385904 811.2017057906475 10.0 1.187149196051096 0.3760419982463571
289.12212817624936 294.6800584151772 10.0 0.6406134834085394 5.102253630763892
423.4434824153221 62.1568784267702 10.0 0.07585795430716855 4.706009220225582
195.9959569040612 160.57855011486254 10.0 2.1990761035111004 0.997423716495037
204.83735364713112 868.566415341254 10.0 0.5785464385042106 5.254497771811107
450.8445913875275 746.4702631104162 10.0 0.3176131342244539 3.609306454924365
243.24498009958572 805.7086147491135 10.0 0.7100650580246726 3.025181032047062
356.59000556001894 866.2735024998456 10.0 1.3285122002194827 2.5955422442779383
354.3478493040339 992.5673515044019 10.0 1.058754643597871 3.261912058746151
119.77944747723429 750.2780330653907 10.0 0.4859985014680345 0.9304707567794115
150.87602442699495 910.7875300096189 10.0 0.1249452835787742 0.7969126296133919
82.87425233050527 144.64866143777056 10.0 1.3714543179490968 4.6452977506283375
199.2286655446714 191.95326705435733 10.0 0.9067942238474035 3.543310839320738
379.9090420344355 974.9545529617469 10.0 1.1462819841382879 4.3863932033410435
14.50391415004637 127.09502740021561 10.0 0.9622744815888633 5.0138818327268835
376.84943467174753 452.6308134164773 10.0 2.238515535452112 4.972230109714346
317.7664103930852 902.3320727647354 10.0 1.7933774446177047 0.5310120187617667
382.97630698446864 753.2783330276166 10.0 1.8789415750898355 3.620642856870021
104.38041639398033 814.5564544719706 10.0 1.9273588405515358 5.13362997868251
244.62484122775174 645.7084154740598 10.0 2.794074851667112 1.3012495722828792
197.236781602345 971.0646347509659 10.0 1.6871106731973637 1.3417146624154748
57.606448004233535 700.6380775675748 10.0 1.1841381466889784 1.291790361674815
83.70177942165036 227.04318301658833 10.0 1.3042478477258628 4.120388500946727
359.64158405367914 957.9426689680863 10.0 0.005780825607597012 0.8534115059081426
460.1160696982624 364.81477367502237 10.0 3.088231995712712 4.6997939370018385
289.13181366084837 181.3717646680897 10.0 2.1168895821910394 2.360277489618106
32.67177531617899 768.7506114134029 10.0 0.8759180399575752 2.583909811172758
321.59897991942745 79.63470393746985 10.0 1.4580954038120137 2.674650237416798
248.4958790680517 99.75562227460999 10.0 0.461569223953027 3.643435552516244
320.11981588851154 122.76203393600905 10.0 0.6557573892693928 2.8107829922128795
255.7680221758488 723.232707840051 10.0 2.3954460275011265 1.9887464778429869
261.0840444187072 832.6490603215072 10.0 2.535193045268044 6.1035442529002095
16.70089200529218 894.4321549522937 10.0 1.84659050234902 2.5888297310337833
121.6040321887275 676.6877854125373 10.0 2.3581391557147335 6.0844156923733985
122.2112617209744 955.0926249602489 10.0 1.32055993507115 4.942831764878153
39.904206917032056 943.3934436843429 10.0 2.100640747669596 4.537410084368233
482.1098060963526 45.27994157863313 10.0 1.392340907607177 1.6285351326361672
485.0183666193203 228.93199711328404 10.0 2.899516816733215 1.2472922269317663
189.63789406126736 84.32969156247883 10.0 1.3735137173196617 3.140581556468695
297.1229669418502 413.4547032907936 10.0 1.695989386313581 5.33742877113791
484.1793816183435 24.80029687267804 10.0 1.7774346823794578 1.4710893007024757
84.83444466087504 256.14597726121843 10.0 0.04090393295178278 0.28486950097487296
360.97559453505215 633.3424458734557 10.0 1.2315991309580967 0.08441079572502352
90.79889062087865 987.8910846875983 10.0 2.3954415044754547 3.616174284712272
1.6716250256282317 302.3914453802125 10.0 0.12130440364166552 0.7475301057873532
261.90200726732155 530.4695371224736 10.0 0.8961754095470676 5.716733946274393
324.5220088950415 646.5882544387604 10.0 2.042979879104415 2.6112143581168437
385.4275783649021 221.18071953719098 10.0 0.887393731186886 1.013729420038471
78.08403774437849 887.8362161398102 10.0 1.7893571163518698 1.392791596475754
277.4925313433665 171.80776244783002 10.0 0.9373352929282411 5.921219985533568
27.226634874089996 282.8988236666402 10.0 2.781127335611304 3.2149644458334903
135.08679378483978 640.826270747608 10.0 2.0616117124710893 3.488945721615181
405.2831202649782 97.44569334199416 10.0 0.8309801022206734 0.11082713330042596
288.04590901071174 47.76373531936851 10.0 2.2819647673744545 1.3114499347201527
431.1758342515718 880.4521628285277 10.0 0.7166149864169733 0.28931304295094207
212.28475756837227 508.6161128781428 10.0 2.5489453195383587 1.2674383659440187
315.340859586085 42.85939667620775 10.0 0.8778240408671848 0.48097745036835005
290.62028624589556 21.227809899321603 10.0 0.5770152011294174 1.672535065719594
303.2808822881253 994.4008569552384 10.0 1.718662557871808 2.883123805431866
432.5115355356112 679.5413549167505 10.0 0.19145475252905286 3.2029472669571333
430.5743900001536 342.50152197901787 10.0 2.67493608696711 4.864879569349248
289.0450199115656 545.6228087817713 10.0 1.7400031976142893 4.084715649637684
288.1692519691493 907.1563143527279 10.0 1.116520515240709 4.260971194717441
424.49354695084514 58.369443036682235 10.0 2.7394105694580246 3.029951616619713
221.78886819861538 555.6934582503893 10.0 0.6562435698217279 1.8218802550955222
430.77674200531044 107.80572854306037 10.0 1.0133660911188034 4.839515887606609
14.278972869568918 111.32962203675379 10.0 2.664937334661993 2.8084223988283443
96.15119681565115 153.8739186492558 10.0 2.7884444265673283 0.029650929388933232
224.72330565168275 839.4226331920933 10.0 2.7015555607887687 2.4400286089729475
364.4585795548251 18.625574511308862 10.0 1.3009969402462949 4.508207874839104
483.15609816748434 265.3283459847731 10.0 1.7862823998629314 4.308656081522359
446.2596656709851 230.72027959869678 10.0 2.2090562013170603 1.852681323897202
164.6996823630345 327.7675606083805 10.0 2.3892470176376346 3.0605350121008628
68.18250408237763 51.13751101954722 10.0 0.10112522620317238 3.0209930210486204
491.95529843315217 121.60973069048808 10.0 0.6335662247121355 2.448827225267324
471.81279357831517 559.0083840833073 10.0 2.8162713118373106 0.07378959603749881
239.4750924049324 733.9791120206605 10.0 2.704795006768309 3.200994513482701
398.45471005573927 426.4731408779543 10.0 0.013413968146839213 0.4648639611176002
339.14365297381676 927.5901713611747 10.0 3.1380791003437527 3.5296203760384612
421.09007690625094 261.47080870709425 10.0 2.5493577837083117 3.3014659345477817
310.2970292671875 675.2180795514129 10.0 1.669775369497231 0.13755734020108354
109.86428682118915 647.3671897366802 10.0 0.4087730641104746 0.45855378747686687
63.40744874458576 799.2108320979182 10.0 1.0372233204652586 4.271808034092961
142.4268338020215 258.32761514727287 10.0 1.873990850712316 5.3204228658002375
251.16182964642724 219.9490077255868 10.0 1.152377349831827 0.986754724601688
95.4548524677566 679.3403494700963 10.0 0.10701862188060693 0.3966102257013889
465.7622140680573 567.1596112244367 10.0 2.718816575339274 1.259627955730864
278.68748246844893 809.7973689754544 10.0 3.128105986353818 4.505848282924067
206.2762346974711 157.9901675296226 10.0 2.731120175910622 5.163085610094523
97.79943647005484 979.5383625388564 10.0 0.06680401566989823 3.120113053355938
164.86579717289507 595.7492525988143 10.0 2.7801060451918795 3.7466462795615008
57.441861465901134 156.2643733796142 10.0 1.2406439223197732 2.2527998882283224
5.722012867459103 493.2199036960897 10.0 1.607346374213668 4.336256895035597
140.77839876815824 873.2274292861582 10.0 1.3754339924874057 2.890145566817656
435.53460503534905 74.45186367846412 10.0 0.6864398121153537 2.7002173756293124
426.8448639854154 756.1021103362591 10.0 1.9515036148895422 2.41189294780322
489.32381940137816 658.9391987517506 10.0 2.1284358992326218 3.0296697278386344
432.06050076852296 777.945751903688 10.0 0.10935808478115049 5.354280467468241
80.46300624901342 282.0894752598746 10.0 0.985352812677421 6.040282029080551
287.21896513518993 621.1529860903435 10.0 3.130052801029524 2.3065000737806676
488.72006527627747 955.8904761807925 10.0 3.08546353492341 0.16988960938900616
486.2871394418215 775.3114609364101 10.0 2.627287739735973 2.96626303168347
85.14573028475742 323.68109737855235 10.0 2.930049784445614 4.984020837090733
68.34004084650458 249.86438839351212 10.0 0.45325394247447864 3.605799023164195
217.63698555397863 712.9325160433563 10.0 1.4799843175886171 3.843734097314463
218.9596811877565 30.48673806168467 10.0 0.034881005392927 3.248265183491637
306.0035723399241 839.9457721802634 10.0 3.0742297572498565 0.30166072678015626
402.4262884092656 658.0808543349967 10.0 0.16464519063091546 2.2129627525997364
320.3658438223447 670.3720120405843 10.0 0.6227809987097752 0.7231587294982215
261.02986193924033 559.2980978898119 10.0 0.781163338262026 6.223152011983532
441.7120647753803 189.46206334782812 10.0 2.984270010481694 3.660434304781049
142.83018530723945 7.49252012851731 10.0 2.7858613475604175 4.292382796895397
328.44317214227095 85.95085360477572 10.0 2.144221135549088 2.6800574188256765
244.1934360451663 843.0130299516782 10.0 0.43536692449419073 3.2733913447188048
37.73334983370563 603.4837213131483 10.0 1.6484183482109092 4.63191262647224
478.4336390898781 331.73996461389834 10.0 0.19219529540475128 2.462478981943319
275.53424394078326 63.490094139543984 10.0 2.336575659940516 4.086565134064216
306.8868317879011 790.7729040159562 10.0 0.17072783408351405 0.5682007628134974
274.0512052097478 813.4115913096912 10.0 2.428122847921536 0.7520848164993895
393.746309654284 860.175155900757 10.0 0.18936713969381141 3.2602833156018494
220.5195824098563 604.1899423083047 10.0 0.6822809571584315 3.7389024714555856
70.98698862414227 549.682056779474 10.0 0.12781446797382248 1.0854839448408056
286.1090995389635 650.9217866171741 10.0 1.5647763840212832 5.811181161561379
224.70693629925137 439.2786278141324 10.0 1.622480796112867 2.2052399731276577
428.7846571478574 880.5860222402536 10.0 0.14779208949673758 0.29857708226533103
339.2143351709491 662.5531567882981 10.0 0.6441084988874282 4.91881867709964
268.95145289218937 120.75016425135132 10.0 0.6533778028875675 1.8157235288447169
60.187889343511934 551.7330128019278 10.0 0.12778075748891898 3.8515939661350576
461.7126833619353 233.1620442148651 10.0 0.8138235147600349 2.09164434635459
263.23884460700936 73.30873583082376 10.0 0.3542660546937559 5.878347533802036
114.56798679284353 446.1329168343874 10.0 0.6716070768595244 1.1272101457348669
239.202786120701 433.15280464429253 10.0 0.9652643497329124 2.0063665204644514
424.38053480722766 389.61844624065753 10.0 0.9791437960938155 4.142139032768826
232.4892382696604 480.03920717783876 10.0 2.1566315827536755 0.09353332479391803
332.4412270864929 586.903571218463 10.0 1.1262611882278777 2.007544124217833
193.81730173620605 786.4702839097222 10.0 2.803833749794983 4.935919231204733
121.45778908933697 406.79759512409095 10.0 1.025536610136899 4.6963078095742965
233.66533372237132 535.7168416783345 10.0 0.34246775258717654 3.476188576567933
3.297126135173689 730.2460436853223 10.0 2.746253129059869 4.0756164170444045
387.76299949725194 593.9778520270337 10.0 1.1536734983608183 1.888549285966336
371.3089165059471 835.2649435315692 10.0 2.189944523579797 1.5473831678171068
430.9534888639149 396.56617109764727 10.0 0.7241808130765783 5.787146562788396
16.058733555948834 254.1042807129864 10.0 2.7266004080889585 5.135224103922913
100.75441570951371 527.0263492901227 10.0 0.45028069434626977 6.021599064938583
228.29856399880555 606.5466869369315 10.0 1.8145937140523596 2.7184173405186938
216.94516815626025 118.09066223573228 10.0 3.0767046620529737 2.6782432490556385
338.0031427464119 663.247688097507 10.0 2.943755008715996 1.365476842886486
308.50912689406255 453.3799900948535 10.0 1.8034225039816514 0.9454859023877479
363.2999677436845 143.02352557365938 10.0 2.353857802276514 4.379286740554449
484.2586644987979 398.75547556105914 10.0 0.86991771104316 2.037054128288093
68.12138909687965 997.9932052465311 10.0 1.2971446592388838 0.2984652812135066
408.47110117316186 542.2272374052476 10.0 2.5393395670446255 1.3713579743901791
352.4065428070945 190.48067295283312 10.0 1.1511388456521559 1.971312315107519
367.8639134189647 171.32661383393156 10.0 3.0044791146727663 1.4927916546640663
23.68165379185322 215.5834658511301 10.0 2.305241142253573 5.743490159357065
41.23700972465516 466.8479815274192 10.0 2.823803206767324 4.809299265513166
123.84649713284945 873.3142376067043 10.0 0.2556732184215038 6.265162074829768
208.1104778103625 541.8663191581991 10.0 0.5820659200238146 3.056809048322237
109.9954043970075 44.22115669460347 10.0 1.4030616746339024 2.9321838835895173
257.6857777017197 204.93716475229107 10.0 2.0872695872564826 0.8214928971146047
313.1006822000275 472.3936874852459 10.0 0.15094707278950786 4.6617756135707245
484.45858028379183 576.3846663072998 10.0 2.8029204612030765 5.207452252843596
223.386833584868 809.7597459616102 10.0 1.0605679878553147 3.5747858750224224
281.8112516834051 936.5844718874775 10.0 2.5308884704152392 3.2728257343757665
276.22349036252547 425.5807173806397 10.0 0.9566663531438204 2.8247943953419714
469.91333586810265 435.1473895775332 10.0 2.1898347505286027 0.6935897614322843
437.36530170124126 735.0504096842741 10.0 0.6024986661509351 3.1727173039752055
119.25791287544207 539.9102282393677 10.0 2.434607984110381 1.9063740352414251
11.366899453043144 50.90425860938663 10.0 0.10870620976255645 5.2728288182966905
356.1620993791854 354.64002512495273 10.0 2.656259760934079 2.047974270462406
222.00095081046305 211.94513397352165 10.0 2.1411356829956683 4.525493971631213
261.559818600545 184.35778071689145 10.0 2.829319765154619 6.031368008054484
238.50764602504637 492.39177251306563 10.0 0.6542085554789828 0.9050067980290744
99.41487157774776 977.1883017306506 10.0 2.033592980523083 3.704243916375043
446.5034566918505 545.9562836082956 10.0 2.7768752311022373 3.7594214089862303
236.0825820884036 521.6418777692276 10.0 0.8295075535712836 1.2528540700802717
387.3775533097409 388.55685012948646 10.0 0.3166956134448919 0.5836952188819923
236.94791685277895 528.2346384334052 10.0 2.8850723242407406 3.239680377811069
415.00387035858523 673.5720781890993 10.0 2.9117320017311816 4.8515164672603674
251.6685284011053 974.3533834335819 10.0 2.6131212816001175 4.597019449369781
243.59691330521943 763.5429168685591 10.0 0.6011087727928519 4.25227912479272
424.3504620455421 341.271188613945 10.0 2.9115886101460577 3.203905490259649
185.53960497838173 352.22869856218955 10.0 0.8306483660867185 2.95839596464822
189.9849780652129 622.2204074494234 10.0 1.0708061324836888 1.2622886070019463
3.0110608335220945 640.9233923701674 10.0 2.9520495384041627 1.2605581374884425
443.4744875899648 230.42878233031837 10.0 1.0777341061361259 2.9582955979530317
422.2425868223921 322.93836041274517 10.0 0.25414444606353126 2.52357778709928
192.57561743230605 186.02538205259768 10.0 1.37669092948967 4.898823980397266
484.2300166310315 880.1579106632767 10.0 2.9607970730069995 0.7561644055721214
431.0877413545883 210.72235550023387 10.0 2.179326030943551 2.5172606732946914
30.730410054864766 945.5737648089445 10.0 1.017179590848812 4.189748670929596
93.61498929559787 609.1786889463483 10.0 1.8037534871309744 5.796982356161934
249.37132985736164 735.7049210012383 10.0 3.0414542756514344 1.0358193904121726
78.22978519627044 65.95257535773192 10.0 2.5736461870839777 2.6834268552203775
326.70078221091 806.8087990370806 10.0 2.7193560068364486 1.3567021808510062
448.36620434546523 736.9482478533788 10.0 0.46959676430658326 4.905064657193374
383.0059672858396 638.7904086029747 10.0 1.164721736945963 1.528982797281688
50.271189709641895 264.2636845359251 10.0 2.6254898985187514 4.618313327986849
487.7289511632773 800.7153461666835 10.0 0.9261106306447648 2.0929132878633125
407.3416536717657 593.3456105413376 10.0 1.3090991298973385 4.871060300052272
179.30737211015895 701.833040773845 10.0 1.2023929778874567 4.006821209083284
377.67588089760466 721.357615929875 10.0 0.3159310802676833 5.706911776252709
38.26834827143383 182.01662802874395 10.0 2.6244348839463965 4.14411425442667
186.16691975332554 755.6681803421172 10.0 1.995178467278836 5.232274568860032
487.4036364878511 445.525432932388 10.0 2.4710705467360605 6.158088842182495
67.4665828835202 911.3643410866997 10.0 2.142118371087302 1.1409466112875957
117.85429497604127 91.99652281349269 10.0 2.8136565100108166 1.578691396782169
381.14777045060106 326.697668923675 10.0 3.0775784982840455 4.894433672286717
464.93279899644466 248.57161649933147 10.0 1.4618248769535989 3.2398821474571533
185.393434896182 825.3685042769787 10.0 2.613417064620303 0.6455928523714096
282.5108957734112 57.0652372673468 10.0 2.341897071360116 1.0787527917040522
380.54033658435014 4.554857369601151 10.0 2.211362208246754 2.475488258898895
489.80125582644325 20.08095451802394 10.0 1.043408119561956 0.9448622677405728
158.80562234009022 277.59224538990503 10.0 3.02973067873904 0.6593926027654934
89.36100208593945 959.9812962361194 10.0 2.585555499287073 0.7529776387838638
121.52435761631591 750.210564708888 10.0 0.17864892115142741 3.938893304823363
480.14534159047423 594.6181697301645 10.0 0.4354845751740604 4.927426489864416
50.226256644317736 59.23438301553996 10.0 1.9977603683760836 3.073555997652038
214.43931780903563 983.7296185864955 10.0 0.5337625737522775 3.72787723410404
442.87957366301725 552.6528909511231 10.0 1.424836717513551 2.9588456991862104
372.49594936345034 349.9095223597328 10.0 2.080193452640304 2.6967904144087473
51.6303586036449 439.9656820426885 10.0 0.09670401179170036 1.9908308928708318
353.70866516099886 28.056044584220285 10.0 1.556565811370721 0.5440237492638192
283.36525266677705 791.7106973742056 10.0 1.2553277417818276 6.274111262093134
8.146394844708249 547.2055622882133 10.0 2.4253212554643846 3.850427832506136
449.42584462912606 517.0805410485201 10.0 1.4146330114587655 4.4773864112650665
157.27930280242086 98.65796455171649 10.0 1.16215888831964 5.180246636960123
475.80280429521235 698.5333762186477 10.0 2.10425691843749 0.35788077107173927
177.7232824982568 894.2997478159563 10.0 2.7473989611708665 3.559383971271819
310.13781765660104 912.3048238084557 10.0 0.9599754946503761 0.48470968279274773
446.83144151143915 169.03117546499547 10.0 0.14580478609817443 3.334127579276363
386.86158115202693 413.7267980297564 10.0 0.7557614131875984 0.7753281057734248
73.96057856209947 831.20357921019 10.0 0.7448164557326351 4.393945510020345
136.79586096463825 316.2599615861892 10.0 0.35960427948999724 4.46362847257821
466.2408493814201 14.973211359026518 10.0 1.2941737120604222 4.595948047885341
152.54776671626513 143.14554840639738 10.0 1.4956603811318683 5.15808743059488
402.6767828932138 38.47789686239289 10.0 2.1708613864430477 5.383482145259705
246.0244801882303 380.58333365442377 10.0 0.007252156413842496 2.1660487289510333
415.40758751926643 521.7426036491782 10.0 1.7822636019234683 0.5957477591115724
259.39634628474 911.3414467057692 10.0 0.21567494507631696 3.733687989904321
401.9552033734771 668.2203813079307 10.0 0.6704047023021856 5.434346371813483
115.83670470411367 457.7048589910998 10.0 0.6489769030112207 0.5547459597243468
17.287850167316265 963.8746450634378 10.0 1.6832541184027499 1.911095261203413
221.36632855569616 412.66826474779305 10.0 0.7312450319612533 0.28606050390923243
19.527448360538823 797.7094115701503 10.0 2.7892524033266795 5.397872378512765
454.13079995893804 688.2799109098205 10.0 0.2685090208687109 1.7504266073584995
368.12898002935015 757.6533368104441 10.0 1.887757596949159 6.080711768704037
102.43891610519546 460.042667870867 10.0 2.051885362728378 2.706406221227347
498.3598726880268 605.7041253667386 10.0 2.337587400447591 5.646877612984324
237.8900721138344 936.278323656479 10.0 0.409649767552849 4.688619472582313
320.9075582178672 186.23943702694712 10.0 2.42804115593209 0.396508293493486
134.91899355996367 531.3615646034929 10.0 2.1571751259800136 5.125581276053334
120.44333111766736 771.4005992219586 10.0 3.0676704251751663 2.3022619629804515
473.08580598357423 71.72984114937397 10.0 1.515366041656512 6.212061572068788
151.97065450430736 597.4550798912705 10.0 2.778015478829199 2.615627274876861
183.4395646629593 913.5754402686874 10.0 0.999621202332755 2.4686978037189196
358.7859523959653 596.0445433655351 10.0 0.130409010621027 4.100852052671266
425.2834070508368 101.12571729017029 10.0 1.4207504430577393 4.740172066836004
260.88016709170535 574.2242277953002 10.0 2.5581950885557623 4.504005025677956
304.66944743075874 944.418263117042 10.0 1.1635990105843494 2.8744237018664096
187.60903449828186 347.2000271304517 10.0 0.4214076551446131 3.9310457243412738
70.95155011519694 645.4765945055758 10.0 1.7122342014077743 3.3740209992094883
153.46033759145084 577.6697686882816 10.0 1.0748329210912235 3.5654229137241
152.72401506121165 851.793314787919 10.0 1.4679812228883837 3.4214632989626272
300.7461392914077 325.6745105211395 10.0 1.705886244610575 2.4256284518266162
19.474517116060408 266.0264742552182 10.0 1.5327018714424339 3.0120153925238626
458.048318269577 562.8666103919162 10.0 0.40561852988796787 0.433931494864735
480.27909807536463 690.8155485958142 10.0 0.7912147161013762 1.4188472007291795
488.24524132830834 155.10020430380123 10.0 1.2083011347404964 5.0719445501207385
155.86767570077015 137.62332339810658 10.0 2.394451924619525 1.1842654665655339
224.94795920064058 67.25110716288229 10.0 1.0363657037181093 2.77035289001847
485.3879769131387 878.5099615518234 10.0 1.1232715887714497 0.4193285499167345
421.1739941049774 794.1715574531938 10.0 0.6799466160333542 2.2642036230269116
254.19604265853107 569.7454297985854 10.0 0.43805821812539586 6.030409444473007
259.08664024054804 271.68678124987736 10.0 1.0442634344222277 1.1053437616023825
254.0015581150169 826.1664644079524 10.0 1.9904914628663277 1.531107879094085
94.62823671397807 771.5391029238672 10.0 0.09055491662003033 4.554550425806772
311.695973198346 875.184483197841 10.0 2.2654492385279252 5.730635924314811
235.87524095058708 534.1861978841515 10.0 0.3984870997088115 1.4520185232926959
48.191633506905305 169.35072073304747 10.0 0.3904833923893856 2.01903452300661
178.94344659673823 143.3594605801848 10.0 0.3642467807253219 4.297600890484843
353.60002449973615 86.38453943535052 10.0 3.0861460109993537 3.3456478613222504
350.2712820002751 896.2891054622405 10.0 2.5241875950493045 4.732390328794497
190.07724101461736 95.57152871505237 10.0 0.9494754464075728 4.336876822773532
29.109484846597866 673.5017133519616 10.0 1.0226656581766977 5.060113678536353
458.66487060166685 19.43742681382099 10.0 1.0040884443581046 0.826637590472373
249.0451449167675 62.096997383089715 10.0 2.1342845250182028 5.274262042520183
291.454227690821 269.6041719948868 10.0 0.17379680130891603 1.033143009143953
102.38833976467487 736.409821339594 10.0 0.5892778177282695 2.5568686568156016
255.40240646541972 185.7343487384562 10.0 1.8919549261892623 4.45190780749676
496.2494335107606 349.9636112518333 10.0 1.7405647222675102 5.23697327462563
79.12786221754558 856.4702685231675 10.0 2.9149565507342277 1.5038982561304208
34.13511081241827 442.6216028599028 10.0 1.3256336108804794 1.9357544585964443
139.01396298031455 51.27382419158466 10.0 0.7158094206308053 4.566243789064535
321.8914583524383 116.84201365073632 10.0 1.8662132285061148 4.125299405057179
65.94858256592539 142.0736778555174 10.0 0.36248403587219835 3.203204754282258
121.82199081698009 486.94358952869464 10.0 1.0208315320061718 5.438618234004784
459.0276068352487 143.62566056884307 10.0 0.5711314328318841 1.8796723319757747
403.8088629239135 155.28760737563076 10.0 1.0880936815747626 4.232206952836623
317.5509346925349 251.4928021625892 10.0 2.2415144685572437 4.700557673456159
467.2654662215332 219.28250788868175 10.0 1.6793139028914192 4.9953983241722835
427.63860348715116 506.5513984611707 10.0 1.8859886370310464 1.7857889650184764
432.748328118229 563.1177391406766 10.0 1.1963890111984927 3.736132391356984
64.79557188715445 464.92900528332257 10.0 2.26380275418314 0.8950572990786612
27.05664224827742 438.13267977760415 10.0 2.120272606366184 1.742688012919438
498.7530096987372 2.2809378099722943 10.0 1.061258442184995 4.973986894476791
210.64746311833693 585.7271999462931 10.0 0.19284156130475325 5.727115904514939
411.9143855524829 631.3113956905934 10.0 0.9250743715550175 1.2270205746065792
321.19463709478003 406.71990023009687 10.0 1.192201792557443 5.342838913652872
467.73436211795257 961.4453677871895 10.0 0.11869610931068417 3.7603664398873526
32.11975972147724 931.0603110142556 10.0 2.9727242290049096 2.3210890043892003
390.3587487893449 179.55778710473913 10.0 2.3965097450518855 4.913586652493398
49.923108493585055 591.8014725383396 10.0 0.6070231999804407 3.678829448084109
41.85351032787982 680.6660525543466 10.0 0.6533113266736553 6.128474424626446
99.1427479446953 57.238932188283684 10.0 0.9958561853103863 6.118943906533737
108.35099572197315 227.49199321715707 10.0 2.789119667461589 5.464948750188095
368.7699834156073 625.1224973290336 10.0 2.6813951813034356 0.3142664180359501
131.4415906418167 267.800054856957 10.0 2.510405935883369 2.6568694869212877
218.949177822855 932.847011198311 10.0 1.0572752121425537 0.2050873169190489
246.1388124631101 288.41722555597084 10.0 2.777736298055959 2.4900611613020054
71.7902009275067 987.5284231072898 10.0 1.4144094112780183 3.479594904890759
111.74605496185053 334.8416962886128 10.0 2.4748826815830673 5.13881449594925
35.121432290114555 769.8712342041817 10.0 1.0558061863888384 4.605816134372118
146.95299792963434 75.34588506641427 10.0 2.1731178591429363 5.083861477744646
433.01167309400705 915.7338508168418 10.0 3.0299906760841653 1.142034890340932
305.48994469073267 38.480455390435985 10.0 0.8268085146504802 2.956054689537179
41.88894390215525 229.2978893774832 10.0 2.2959156127067812 4.738509238287594
253.6681511991679 902.8855015367691 10.0 0.00411270543985776 4.804856404830359
456.0843037376798 31.747599867172905 10.0 2.1565717527492825 0.6990589252111146
436.13416010260397 968.3150322225349 10.0 1.6260636118134741 3.7110921269064714
131.6288947959372 599.3660850825426 10.0 0.20338916696590162 2.603826124510208
141.16657970559686 186.78106673901763 10.0 1.680678273828686 3.0660739866146103
282.13220289193055 194.95395367116186 10.0 0.03784240566157031 4.490115279293752
301.84295241527894 382.72375077082245 10.0 2.0136884186638677 4.179917881778783
425.5698757867245 446.4772108978843 10.0 2.1495171404146163 5.366945593523736
394.40535749299016 541.1134409092449 10.0 0.2510326827809506 1.8331967385707377
5.80893675970745 76.85027095776809 10.0 0.3719223291662 5.949595644386585
420.15246347544473 292.3912023316453 10.0 0.3750580123115612 1.540942370376053
137.69879144973447 238.76055952175702 10.0 1.6979538044092446 4.734919648786363
82.18641059333632 973.1540635357876 10.0 2.438773804256211 4.753762635837891
149.5559659148334 958.4407467929165 10.0 0.057717982088506245 3.2594558136499927
393.3424732442577 891.4909883131958 10.0 2.94453254183297 4.03942254777067
221.87080629544297 442.2952064192792 10.0 1.9512340000106827 0.5372182311860998
76.62981206732339 675.8760355103577 10.0 0.4997961666945223 0.44310236858762114
46.064208416026375 250.28644996845284 10.0 1.5520005185970958 2.2271555017894213
244.5112172475968 836.5249424333142 10.0 2.1480452781396338 0.24667759040803597
52.12251457777156 589.9883036733974 10.0 1.6031485340023395 2.5360181747764017
468.35018612532326 918.1212671683325 10.0 1.4255466002288897 0.18364291399339036
378.9387166577374 235.21165911091168 10.0 1.2841119235221068 5.247324418406225
474.353307518586 872.8184672352347 10.0 0.5110558901007227 3.1530254140145737
386.18809904186696 823.1094080600441 10.0 1.816443151534497 1.0414589379697852
327.3361728998069 532.4240274943411 10.0 1.9660773852980844 1.2322790489418938
131.56643443019382 533.66643045487 10.0 2.8229849912299345 2.0551173475187086
88.64085761522433 308.6720966799814 10.0 0.021256771920194026 2.5900252202414418
362.218772909407 405.4812084259473 10.0 0.9391174034681437 3.7212373246596275
59.53314385899605 500.49063372282654 10.0 2.1498822687540597 4.541110711213523
194.18715712322677 791.7452855221807 10.0 2.960198434042905 3.111964649269208
346.40765897622066 837.1694263764482 10.0 2.4991250795864715 5.052811586679628
278.70518100117675 710.3264214010903 10.0 0.621268989135714 3.5160570440956933
109.12890336613901 136.3354377957723 10.0 2.322642154140901 2.068546013422292
379.1675870404652 91.86239868669166 10.0 2.5453458810287977 5.667972078051329
478.83650919787215 205.64121028348436 10.0 0.5559690941084937 0.7012907880297745
407.6030915477511 179.77095230337235 10.0 2.9121308814579887 0.18304673995543796
256.5426185282816 367.0731618316625 10.0 0.9836410673768 5.937399865572748
94.47847264802517 586.082815237878 10.0 2.803811416521923 2.4567163973302506
128.84969595727557 232.78564623572905 10.0 1.5509687753260861 5.195056735509615
90.66207693977036 757.0033584883705 10.0 3.0496907063423144 3.2105151283521964
262.1168245976296 611.3672026260615 10.0 1.2738340084068565 3.2010597893446504
425.3749099887903 852.1099756148658 10.0 1.274116563147856 4.748099959605114
261.4025434496153 673.4450812611925 10.0 1.2950061458393887 3.574429884859691
368.9573659570331 291.0904884843355 10.0 1.504836646304986 0.39608049177847027
105.51255435427743 755.5345384831653 10.0 2.553621061295885 2.7221313900862034
374.27979508641283 471.9296426683965 10.0 1.5020084359019277 1.219449831117173
294.48012937294544 431.038846117941 10.0 0.1782682476023911 0.39114070682974594
395.6249084545991 414.4494235722876 10.0 2.2933073567252973 2.043916608799618
70.80763244849581 727.3066199801353 10.0 0.6322734371054222 1.3759643089540972
8.870356558520198 333.1097923664774 10.0 0.36297099966971214 0.2997147288092627
200.7970942293706 617.6523308085938 10.0 0.46056552826588937 3.3010631302951174
381.79938801029203 392.975669657154 10.0 2.2678351794029172 0.5598908631262215
427.2980341197407 167.2466395449852 10.0 1.3614003129061847 4.667546551445135
268.36783176906084 152.75699693493817 10.0 1.7078471758928655 2.048721943865512
330.2006435254631 961.7823979301814 10.0 2.003126913888663 6.09244298118813
325.755514084438 448.82753237471576 10.0 1.2356121837276275 5.665818694810104
456.002438677544 697.8230084846679 10.0 2.0393622174532178 4.372392169046516
178.03022318985523 724.1289949590929 10.0 1.3536996817649538 3.2440482156643196
202.77657523385307 63.738962496009634 10.0 1.154257997072433 5.7071403726653065
275.25235154797 55.86680209424044 10.0 3.055949271085497 1.294795069864821
71.86983245796364 290.1391085185876 10.0 1.8876891831461378 4.307609763055953
221.84830260941567 385.90342609476124 10.0 1.5393748572152584 1.1179893457940513
22.658515055216487 998.7028350870779 10.0 0.6428461045038091 6.1309966639839155
373.0808552169636 707.7557562673774 10.0 3.00573929189672 3.2383848315027466
291.6902990913356 228.31925076231195 10.0 2.3295936452735986 3.126966307682331
123.44458379226143 214.10290175200674 10.0 3.0094905784155346 5.169404219045284
162.5402290954999 767.439880487117 10.0 0.6345815432597111 6.011733381311438
435.81441940379585 658.7102183529955 10.0 0.6826322749374772 0.7757768223177647
297.7089188502299 171.55092411787075 10.0 1.7829689180551154 0.11339000483731972
285.1755429855024 436.67632979520243 10.0 1.4303862112366748 3.6433576990327134
368.89109964006013 94.67136514137408 10.0 0.7960242284916689 4.561902243142293
315.7626622770572 136.90903839641322 10.0 2.3176076037635296 5.3379826633979235
346.94274354999897 813.7832958177374 10.0 2.246631227162563 1.9777650467040928
135.4368898323055 570.7364709076835 10.0 2.275201054268879 0.9174925942443412
437.87467089245916 75.10054559321122 10.0 2.3709427859193837 3.755737106619361
296.1282475898302 530.5597940973454 10.0 1.501367892997013 2.0035558813097483
276.20099973882003 641.0819566719141 10.0 0.9762692178295175 2.38968351432085
134.1720041762432 782.4536595657622 10.0 2.3418024637670483 3.273015566047764
111.97038016191668 167.09553515141883 10.0 2.414943535484813 3.678315976997938
269.3668965132365 46.62064531133914 10.0 2.727205344061858 1.7461687931780683
352.80830038510453 286.6398141605715 10.0 0.23682246705999332 0.21360102701896322
186.58346052542635 969.6059503924238 10.0 2.3062136442793983 0.17418711019411198
447.2983813671592 34.02844133766425 10.0 0.6087420492275287 0.4518109005813693
448.7504815418338 342.1785729526997 10.0 1.356541272467239 2.796897106605743
221.0310625026602 983.4445133518541 10.0 2.1445668628511 3.0433200486083365
215.04776311100372 66.78532481225652 10.0 1.6168545764037772 0.7465768258531418
401.64749438428174 733.2707219600111 10.0 1.3713176184174203 2.4467886813836692
363.1333030537014 628.4837564297457 10.0 0.11775243285302824 2.492878134970581
194.20703013076678 614.6017225431787 10.0 2.7360740490572866 0.3268381909349204
139.2330568467374 73.26033798722509 10.0 2.4331333797113546 2.931969218216325
393.2062765133294 752.8447374607678 10.0 0.2773761317202578 5.088301956499698
384.9213510848278 747.6402758769078 10.0 0.8772270925093407 6.205271870717183
142.57789894387656 861.3149914311801 10.0 2.5428036177791404 3.4709339165341144
14.42010103700797 303.494855855999 10.0 2.1880364476712484 5.275663799764895
79.99724959121262 395.73173050666287 10.0 0.33221519254846554 2.7965875785016197
41.24492857212064 721.9530274249644 10.0 1.5277807581862353 5.072186867944867
226.82507601855184 948.5216826214089 10.0 0.6846060058180452 5.2706338449520675
78.02634564576627 360.32308344251294 10.0 1.478254465362242 1.6559090251833932
110.01421942102118 11.83576343477155 10.0 3.126119780302129 3.50485231954651
358.3341331508493 275.9309036634745 10.0 2.706820840865224 1.0763898487723438
227.30862318641238 488.1852819515794 10.0 2.3272661404529056 0.03523336813111121
454.3330169941745 330.7809365878229 10.0 0.5783068714917948 6.07935916156494
92.06269869360689 577.6042766558636 10.0 1.5718260812335612 4.913442570862237
489.09768551954807 830.9461871413481 10.0 0.7823155204159697 0.9279829278011785
219.00917908212787 920.2437821545698 10.0 0.23417907949929098 4.720606739276638
267.4155071848701 704.5934963349372 10.0 1.8574247105665465 3.869997883033035
37.30354143485487 123.30456021001856 10.0 0.9285910210419668 4.737026963574845
373.9047355686414 472.5502686642592 10.0 0.0932892749172751 0.7431942678172884
342.1732063384522 51.21447513729627 10.0 1.0979933579089853 2.5279939937174847
412.2767282514354 515.3189408473934 10.0 0.8204313676095721 2.039122805123495
21.49960643941745 507.9566823668911 10.0 0.5686255172377284 4.104090269826215
184.56985861433833 390.4455339267117 10.0 2.033344321400233 2.359989799894124
418.66119512456 190.4549666109494 10.0 0.8336451467469895 0.6064134342408518
234.18370297926467 204.14842587036074 10.0 1.90093789544816 6.048796275449144
317.96560242781453 41.922539994498024 10.0 0.8885408264603798 0.9671429813493564
301.54120075960134 291.1135600397875 10.0 0.8223387622837972 1.6002444193570144
163.99905027039424 384.080360918526 10.0 1.509767137425487 3.9383648922270846
366.2072396609265 706.3625321324546 10.0 0.8873880239268193 1.5085785263251692
251.22104414638264 457.15133617033433 10.0 2.379085007023997 1.7979834906790755
74.29164299703118 283.09955489935334 10.0 0.1033873253558255 1.8855465983006938
245.132643350573 246.5367427195303 10.0 2.3742298415406373 2.7981942937729163
474.9646647089891 260.4437506970434 10.0 1.5261947861926186 0.4958028117337979
21.346308234204415 725.0810007470769 10.0 1.5655586409215148 4.444119653774498
114.91322619753558 734.9529574383376 10.0 1.6704994327053124 6.082748623788384
433.8854440461783 889.8309629824198 10.0 1.1021307055613685 2.057454302565479
164.5658552701782 439.8452521322059 10.0 1.89932027632298 4.8445398228832826
249.04187453869264 222.19627657919517 10.0 1.0976694334385266 5.553427794322761
374.91463954439655 605.8244744345611 10.0 2.4551700446683546 2.287224184839917
106.11925686145962 450.41663242725406 10.0 0.5538425047125823 1.2310744130967546
288.7621881359669 907.4160065545657 10.0 2.4125765501067686 2.642176615940694
491.3906224946703 743.242644396022 10.0 1.0021026638369137 4.292714565215073
255.2217612368658 748.7191142898656 10.0 1.342718833162007 3.234094709495905
