1000 1000 20 10.0
150
203.51303572815505 848.4615390854892  10.0
579.8718985192869 754.4909854374692  10.0
927.9119534714107 939.5779521248867  10.0
281.9339083982189 596.9402105622697  10.0
960.7555210932643 97.42610657742934  10.0
287.271608813807 60.50757766037407  10.0
337.4929984019992 580.0338280980775  10.0
470.6894380285592 186.16892601361445  10.0
633.0496058265331 823.6397537137096  10.0
472.8066785574331 479.97158751389946  10.0
515.4148106328254 442.697684315945  10.0
899.0739618972377 979.1401060245797  10.0
105.29221666045763 384.4304237356082  10.0
393.4699984963481 341.7656805238243  10.0
185.54290630550685 782.8858277333567  10.0
885.0052777064229 466.45692086977675  10.0
758.2554671182245 238.11101714268767  10.0
774.8852209265203 969.6195662106489  10.0
182.62765663089087 957.9757866502484  10.0
83.16214443525149 700.5713186779734  10.0
143.4456449988769 443.33942410262097  10.0
605.932115008567 358.4871242221461  10.0
997.7994397145596 171.6698273521401  10.0
947.6089292057336 190.20940282274103  10.0
626.7732975164782 39.887388595932215  10.0
887.5344466855253 694.2465640063112  10.0
779.2027320597905 164.12059177669013  10.0
916.160794466681 233.82269861396642  10.0
36.19052747989271 2.2241616857432422  10.0
933.2666204560518 470.62948321386745  10.0
947.9258137907786 664.3244503805731  10.0
39.14601478811453 570.9716010251209  10.0
598.4521242645736 707.3213967662218  10.0
69.43559220176677 207.28505137263718  10.0
839.3819159980368 671.1895092107632  10.0
25.221390435126946 480.54712010253695  10.0
700.1559649601463 108.0855943571103  10.0
832.2940295509418 22.886025938542165  10.0
30.298506600520692 879.6838877062493  10.0
926.8972203537854 704.7372530444866  10.0
258.21992784336356 53.82402030680922  10.0
10.041027811570459 567.1821492627093  10.0
261.47056547813673 818.4710348709114  10.0
938.4279432990805 827.644345465471  10.0
734.9508504177688 449.1507849510039  10.0
127.26675283679567 65.90776023931488  10.0
116.43432920234409 515.4380207185482  10.0
28.72482778112262 987.4594653597139  10.0
82.86202166100631 192.73892513292256  10.0
219.49723689934243 482.449653461382  10.0
866.2176913946331 757.5231310465316  10.0
381.9467227020414 51.10015972984394  10.0
154.3956124390411 87.32518408279365  10.0
995.4953338594828 50.181431053299306  10.0
140.32358257840116 261.2490079128822  10.0
868.4254952289505 630.2179973743729  10.0
361.7059153300397 162.37307029227188  10.0
734.9743949793087 679.3704619636602  10.0
334.1023292894916 320.3677607307891  10.0
18.582056016724803 567.4817239075716  10.0
621.660133093302 100.80135976797744  10.0
519.3808132288706 992.5640738668003  10.0
912.6696217847225 747.023895474596  10.0
222.48932265446808 772.0427826826352  10.0
871.2124156626388 711.1833471284339  10.0
643.40167706199 992.3609061921209  10.0
21.526067761929113 172.841792385083  10.0
127.73856534180517 533.0891543516133  10.0
688.3079519548143 636.82385346636  10.0
304.85361445208173 615.4736694499618  10.0
64.03456655007301 26.34358711864504  10.0
458.26506098577903 690.3936503348039  10.0
803.4728685265098 743.1197211236927  10.0
920.609373639597 676.9897683643363  10.0
155.9120846799732 753.1039845625197  10.0
726.789566779715 290.76341014521324  10.0
537.2466147105573 874.6103637170418  10.0
666.218318238969 958.735966926066  10.0
616.8914041925377 95.04806142634482  10.0
563.5317406205071 609.2962386518798  10.0
448.6127725294179 923.1244368370815  10.0
86.87682436313038 445.6531728970158  10.0
909.7101473013674 495.29840056767983  10.0
633.8517288530462 664.3504363701148  10.0
729.5845463335545 398.4290412973841  10.0
877.4050926896097 964.0878253527737  10.0
686.5820750719074 944.9778441297716  10.0
367.4763690732097 605.1343176560054  10.0
131.10160807015703 942.7875169056239  10.0
178.88674310588647 725.9059851462165  10.0
853.3080605915625 838.3739476788779  10.0
971.9659379054904 600.8214663962015  10.0
455.393800621227 480.8322460832351  10.0
989.626982151695 532.3365001205968  10.0
811.1821142725663 652.87168318975  10.0
453.0780181465537 110.09825934646223  10.0
899.9688445030581 946.1585923616767  10.0
538.0860014685986 641.4493077016901  10.0
286.84928806731034 520.0601973951042  10.0
614.6844971471872 660.049669457078  10.0
788.3793492004442 776.046355828487  10.0
715.4437476518126 553.1753733575065  10.0
410.2713354268249 4.420478821491214  10.0
260.898084559418 513.289752678773  10.0
472.92631168055175 615.7148481995381  10.0
915.4522523280222 215.77426049988102  10.0
950.9567377152815 655.9995090593916  10.0
73.06454758577385 852.243001950562  10.0
444.4545002173398 923.5179770412518  10.0
879.2317746128793 407.65583776702954  10.0
872.610862152498 153.47761002891502  10.0
884.2768655929532 359.48278559864656  10.0
934.3967347081075 418.48538966512626  10.0
392.66714593760355 298.46209690963855  10.0
616.3630482618319 104.03527059409245  10.0
324.0676735902295 323.0332997169875  10.0
544.2226031740847 561.6162822851709  10.0
934.0603235292095 443.31557976899774  10.0
772.7263655437005 816.4252329645586  10.0
55.936218786599376 645.5409164825103  10.0
687.4485585714215 512.331649289115  10.0
619.6956691936567 714.1404695261309  10.0
52.44680209921238 613.6566214265165  10.0
80.36587935203299 386.22167835054654  10.0
879.3649579562313 251.49166017037706  10.0
44.97398203818659 921.9628372598511  10.0
716.3975747700825 501.6970652051366  10.0
825.9887750706412 714.4907232259202  10.0
159.6369806794653 812.384184840818  10.0
868.7716900234327 134.0959574316668  10.0
874.6752981675743 260.5991584160251  10.0
1.5536605721494512 404.18012978496023  10.0
182.93503980933656 811.0906556823654  10.0
238.68140034492347 940.1172354895268  10.0
315.05400863044486 274.45738027126754  10.0
431.35308693710886 247.25152683739526  10.0
762.7513626867491 717.635771345272  10.0
404.78990806075876 170.5428772751697  10.0
770.953325999223 666.6020345645209  10.0
346.76650664997356 15.909367307541778  10.0
903.5588838026739 559.3270443865797  10.0
119.65025784585004 822.1065826567434  10.0
789.0770249182756 556.4361006326602  10.0
856.5751959367652 852.0214714940645  10.0
606.4686416151897 997.690585997843  10.0
672.1037720249925 193.54837071972085  10.0
606.8783060035718 504.3213834551019  10.0
568.7054980981021 212.75294135339573  10.0
983.5418597480299 970.4092714767153  10.0
652.6084833029659 485.82010951041786  10.0
