1000 1000 1 10.0
50
637.1041161283663 263.8707305237986  10.0
59.83540494589901 286.25848137740815  10.0
202.1291012025115 864.9985146838948  10.0
674.1621542609337 927.4199345670473  10.0
963.7686072033445 554.5203681735195  10.0
774.0985422098822 410.5662737817298  10.0
586.5671482554181 164.49333787992683  10.0
713.8265103650981 915.483199555806  10.0
327.52822313461473 29.8429754768611  10.0
950.8976182532227 795.1264215481909  10.0
744.4628528116843 424.7288689336799  10.0
148.14797289821612 866.9987224505561  10.0
403.4541751594862 642.9007965834805  10.0
510.3405716528553 251.7311850861923  10.0
885.0287824493249 132.2322788867084  10.0
503.26960758859826 474.23069226218985  10.0
530.2279875599454 461.7819576802019  10.0
260.28982566939317 551.5460107506842  10.0
790.6226734407353 799.1482866672645  10.0
919.7091021495937 831.6422666302716  10.0
750.4179002266322 6.545983310448533  10.0
856.2096817485766 418.5644142842785  10.0
374.1442753046943 425.9475348441465  10.0
270.4399520315228 122.00786891976534  10.0
300.0352138135078 916.796804497754  10.0
883.1451412356444 3.1044004754093857  10.0
547.040246330771 734.2157297119437  10.0
543.6818945239114 753.2703075653042  10.0
332.5266871445439 391.2894805590541  10.0
407.4883143240574 339.25265302543863  10.0
308.073010434436 735.9293745752518  10.0
963.0573406879613 575.0487076493838  10.0
912.3591151602158 90.97666650365166  10.0
596.1886385899323 540.1627621452068  10.0
213.01021958336497 455.62479309207015  10.0
567.7695003420454 53.70345704240176  10.0
563.3525323412542 446.9015321912955  10.0
251.0632672992884 735.113671719864  10.0
635.3906949003259 871.8663684015029  10.0
225.45895703074214 534.8646860821466  10.0
906.9181177433742 564.3429788807509  10.0
355.8636784761162 2.2345614084189336  10.0
478.52342362791865 394.42024041056  10.0
300.3945893658724 972.3303266584677  10.0
175.35723912985378 164.61952406617496  10.0
983.7550660840442 800.8026211883187  10.0
248.87565642390953 443.54007986917577  10.0
449.65524549276745 752.2400089104088  10.0
635.3777197862653 255.95824412505863  10.0
162.86434824277453 657.0198219527917  10.0
