1000 1000 100 10.0
2000
317.94598735201583 39.13619376333855  10.0
127.33121420669835 786.2636946783791  10.0
874.202591775583 31.030066879890406  10.0
581.785092452021 650.8993988397405  10.0
883.1310975456086 401.0672902178146  10.0
729.1796102238385 804.6759612552823  10.0
583.6206372800438 472.0432968694771  10.0
783.4548898758958 591.9994880622488  10.0
910.0368163167967 454.9143077993091  10.0
459.6674966467775 869.779256592827  10.0
513.9404597629556 16.820027107960268  10.0
942.1399340312527 813.2208670479127  10.0
390.7725991606843 83.93246855240966  10.0
664.1344522782872 434.1221353701091  10.0
325.6473658577048 567.1497947163609  10.0
469.15021926580016 125.1784269547187  10.0
654.6213524102948 832.4426818284894  10.0
271.79408128802 568.218717279206  10.0
901.2844379790466 902.7005380746735  10.0
165.27711911751086 899.9575204194241  10.0
693.2433467254909 574.2132787398797  10.0
32.940432349818025 115.76206734194217  10.0
989.046452169323 858.4638606455786  10.0
112.8153738064096 310.0979381533331  10.0
53.32399232167051 418.69565768362037  10.0
637.074851986859 501.73063531784123  10.0
806.3955113494434 960.7576893396151  10.0
622.3339192704573 472.42437455008843  10.0
144.32162750908284 859.0203058956805  10.0
122.10960716603125 259.79397795160384  10.0
576.355121102829 650.6921460448347  10.0
769.3512315478961 688.129004419441  10.0
58.971758960964294 415.6591888846727  10.0
234.80421357687132 595.4240809407194  10.0
219.13861928193558 474.0050358145413  10.0
306.0718773126736 220.51300368030513  10.0
254.2038233249525 279.6609801565344  10.0
652.5911250114182 551.1184224151668  10.0
671.7683065859461 866.1734036354918  10.0
983.3401902344659 301.7929266997054  10.0
690.1267819361061 709.3652497390688  10.0
226.94668302741582 590.1412959754832  10.0
558.3416438846682 411.7069895754516  10.0
567.9677565193405 310.3782292185403  10.0
274.7399535221169 184.50201686259305  10.0
658.4637960467052 665.1891252992273  10.0
183.60064737038607 706.5302204969989  10.0
90.59029402645191 310.0263040361828  10.0
712.0249868771092 571.5825692387505  10.0
263.7825525450377 88.38669814404653  10.0
72.46069085051032 202.3586947963415  10.0
109.21097339525832 392.28117683381356  10.0
101.07563916493368 804.4883044710223  10.0
744.5349320113504 769.0199698009901  10.0
528.1550772307763 661.9767312988108  10.0
23.585713424588928 513.6021473521198  10.0
883.9211500696402 834.1634289837685  10.0
118.45997479492654 635.4120434513106  10.0
931.6516108535739 104.32188661573815  10.0
725.6071489607629 768.5885754573195  10.0
989.7000786197159 851.3179049248857  10.0
222.84555216673806 307.3484319658112  10.0
754.9973613778044 368.28287053334327  10.0
120.84342193427833 290.7072537733364  10.0
272.84001292416013 36.04697961781267  10.0
450.4531349662999 335.45790312617885  10.0
511.2478732165937 674.1172182237564  10.0
306.38784560176026 221.92821623679794  10.0
592.9003996265934 338.2733527418402  10.0
628.0816649074279 573.9551096649078  10.0
113.63707827447888 811.3946198575828  10.0
440.1761067227473 442.67581913345333  10.0
133.73380645792622 42.91854678445972  10.0
197.92684495784152 503.1513433561561  10.0
366.6444118695574 832.3726910912258  10.0
586.9267055507182 3.5007428070065183  10.0
809.6223953072031 123.70923047090055  10.0
111.89203482239473 568.1395624000747  10.0
561.6147264805446 379.71070502876415  10.0
75.8614250278089 449.8794600263194  10.0
856.045969723016 639.5253661883926  10.0
99.00720950590336 850.0599493765677  10.0
399.5881067012571 27.42841930888906  10.0
155.3617153271327 481.5476462164257  10.0
952.737204523949 677.195893857406  10.0
216.11190621503263 636.3523799790191  10.0
713.9951427895627 264.01539225682933  10.0
979.7173753502267 637.7731909202197  10.0
476.68111433443806 594.6485167935951  10.0
841.9586846304395 706.4019033417537  10.0
715.8742223009314 996.5976609814436  10.0
213.1238271054663 949.9756209723876  10.0
732.7144506809003 568.3196670911522  10.0
524.8931971719863 398.98354711654105  10.0
734.2671646034329 705.0676596451511  10.0
786.084029298843 753.0979151274108  10.0
259.38130215355415 698.7310745102623  10.0
344.26726762835006 777.9126151671371  10.0
674.4491691684431 625.0839006095913  10.0
589.3716911414014 97.13697673082599  10.0
557.7016378006431 178.13899404762722  10.0
695.7409481139736 462.30696240052515  10.0
666.6495737972614 588.8464680480358  10.0
140.71145272511532 450.2390645505351  10.0
840.5083753564943 274.16250872216716  10.0
660.6301091868777 937.8672283393339  10.0
627.9195948435778 402.5545412536401  10.0
509.33283453253273 634.7664707090952  10.0
650.0097219207048 133.29704471125325  10.0
369.45579386059757 415.5813574919066  10.0
709.8032103158628 889.4524815222968  10.0
33.55388320228991 187.7414850634581  10.0
441.2328231753 658.2194185120352  10.0
19.851152736286792 554.2597681041044  10.0
854.4676335911043 977.3704688711789  10.0
616.5508467292459 587.0742553480544  10.0
479.0049546670983 962.7905607137949  10.0
458.98297329921303 613.3072812824831  10.0
931.9493821617684 459.6658871956088  10.0
635.4701862009505 34.98048557014721  10.0
646.1286563205762 158.66239251808477  10.0
490.6431810214341 852.1381646223463  10.0
181.17245620263478 308.47212212817556  10.0
749.039041182357 739.995261598382  10.0
10.406931949757393 477.3947835257427  10.0
317.16739237010506 242.6404842866986  10.0
927.3945643241605 669.1604412115134  10.0
138.83058251036405 888.9894158200365  10.0
248.17471376874434 981.9891935874135  10.0
776.3360687265556 811.0959036027675  10.0
798.738023057729 914.921747308534  10.0
969.3402578513894 750.5945931480267  10.0
271.99304894554353 371.74487508260466  10.0
283.41503094062625 175.9615021017248  10.0
914.461230186537 390.37397171907475  10.0
102.0294904434298 601.4431545816911  10.0
660.1620517366096 634.3442756768087  10.0
638.4912784061722 97.91952210027921  10.0
767.6271671041204 723.1018159703666  10.0
348.4928438263892 416.62938607621294  10.0
735.7089813892113 549.0734508664945  10.0
109.26053710609717 108.60146028758022  10.0
774.8251208869165 832.0348099159621  10.0
797.904847903682 515.7980520671547  10.0
392.5076756135618 295.08428282369414  10.0
449.42263697501795 534.3927168899062  10.0
715.6018353937052 11.569821415820304  10.0
3.9030877347604465 606.2667539543866  10.0
16.18557315194269 668.6042626959203  10.0
762.8411206761809 481.72415282135285  10.0
534.2585279474831 720.3447824443117  10.0
66.06340022428337 914.5880956389775  10.0
97.47457759850842 663.000178387727  10.0
373.6232958994412 600.2565215238359  10.0
226.66963073532776 953.5692081052978  10.0
891.1236832500286 347.9581387690711  10.0
385.6620034475812 415.60238140106173  10.0
112.2767383961506 690.3644313784279  10.0
784.7800436590927 327.8183255551105  10.0
169.11249767139458 876.8772764481897  10.0
679.7978937770239 775.195237153241  10.0
678.0990166513135 471.32570853379485  10.0
421.4366162114596 257.1966798852304  10.0
849.5386314844628 580.4697323905035  10.0
605.3149728962453 994.0804547014412  10.0
987.9563399350507 76.62268937388373  10.0
548.2104588456727 849.7777582940065  10.0
152.79802263230846 45.868194256117874  10.0
973.7173818043923 298.6195484930484  10.0
671.6076696657324 92.7615136363017  10.0
228.8662857012227 403.22562625908563  10.0
401.9542171871083 63.06931876434096  10.0
572.9944970411865 342.16124145166583  10.0
123.73058442268625 208.01576113902254  10.0
81.13486016257943 628.504990380027  10.0
210.04852844473564 806.6670569022384  10.0
486.41616704047675 794.2607400209595  10.0
772.8049393519428 787.5006446878946  10.0
849.4449760812415 980.5858678672819  10.0
808.0963791221963 945.8692760561153  10.0
287.3655697114139 570.0963999034972  10.0
477.01075186395656 940.9840052650358  10.0
121.2711280945894 725.0492549952726  10.0
548.9257463294343 374.2047242407817  10.0
707.8657049823556 453.9907801719848  10.0
207.29640652082637 899.8404040269776  10.0
909.753236816582 619.4996690219489  10.0
872.014303264574 500.32579090249993  10.0
628.456344430598 120.94155233599268  10.0
427.773752572987 769.5545646632247  10.0
75.24450037739894 338.6913805756463  10.0
264.4812294581853 291.3141169210498  10.0
487.07698234646244 810.0692694921562  10.0
833.5957623598014 974.1802296760918  10.0
808.4437306364869 22.273980043629127  10.0
3.3901270534509864 509.8944710339061  10.0
454.6125432996096 153.8876037019744  10.0
356.4736295078288 959.1610343097748  10.0
647.7685361187565 574.0640577102373  10.0
714.5192608169825 836.9639229562251  10.0
974.7579940531374 917.3028108560314  10.0
597.9892359115197 968.9193201284841  10.0
753.625255512971 591.748857245858  10.0
32.75513468406621 820.8420209922772  10.0
515.8579070881785 650.248262136763  10.0
100.8591139214734 965.6192461024395  10.0
412.2323092558767 55.92843642548273  10.0
899.2661217219878 844.6484307173137  10.0
632.3775035641655 507.86067467872164  10.0
118.30651072784192 5.510603489293109  10.0
991.652940096344 157.40227663445629  10.0
280.6119442483813 553.2143013190525  10.0
683.6611559222506 742.1038581867234  10.0
791.6974950995016 639.2593123901664  10.0
822.6937046892632 891.6070166012076  10.0
344.94550492141065 430.93362991325637  10.0
807.6349301111153 618.7467069683753  10.0
896.5975570043853 152.6710286196138  10.0
727.3248733779786 299.1110805512195  10.0
380.4631859136965 471.96064455342525  10.0
997.1090358839484 763.6013211965919  10.0
567.4047818326246 714.2140846378564  10.0
167.27919707255367 481.07280916679883  10.0
991.2601542397011 134.15975192056118  10.0
376.33668318943757 191.92760687899147  10.0
660.7159826926728 745.7479324142769  10.0
235.48489290884478 768.5682137241918  10.0
355.74629115958055 18.214241776382202  10.0
25.485652689812177 524.9106481317107  10.0
667.5820587665712 82.86354293851883  10.0
962.9896875752901 674.6945967141603  10.0
582.7798723250872 963.299750273556  10.0
950.6785196352347 147.11719378394918  10.0
334.80855341259587 741.2417141813444  10.0
664.0315092220657 508.3562412739457  10.0
450.6744601283386 500.7290690871041  10.0
47.258144601384664 308.8372464369794  10.0
405.4581493880284 355.43580927681705  10.0
291.91267429009895 778.6385990012546  10.0
64.23571023594022 856.9742801088072  10.0
153.93434796779127 427.2172226637998  10.0
138.7108290111243 606.48492888203  10.0
28.33330173562365 768.6770220159988  10.0
214.98412746398566 947.472750514694  10.0
545.4684188966585 90.0908736388455  10.0
519.2384142832826 204.7641065411705  10.0
578.8406594267316 907.926371982876  10.0
479.72028671190617 52.62281148525505  10.0
461.55114472174296 516.4142188170987  10.0
316.2492967468773 244.47735964678785  10.0
897.0503763532845 821.7377829285242  10.0
342.58838274733995 117.37596086226698  10.0
519.5313318819952 477.2106596002664  10.0
402.36000504452716 996.200147572152  10.0
310.29586034819124 187.1488286099463  10.0
875.7946618128951 865.8310926469027  10.0
108.65022863803853 930.9326969727264  10.0
992.4495466151366 453.8774942506645  10.0
269.36223494102416 773.7932744103924  10.0
764.1368894196211 172.23786929449736  10.0
113.43899206955254 877.146338088519  10.0
712.6530597337741 202.68370837802007  10.0
194.96100838210884 298.83670177229993  10.0
708.501101824257 379.8146577542546  10.0
563.9346468445393 182.44453383570013  10.0
659.6507644847842 424.1503384926889  10.0
143.60169160051396 974.844296902185  10.0
493.4818924126202 508.7879142412691  10.0
60.37137278473204 382.4958739203671  10.0
860.4085328083659 104.96840786912942  10.0
265.516615386979 879.4870247018632  10.0
254.28242833213878 545.0588335699198  10.0
70.00299340122018 714.1347250344743  10.0
792.5265504977464 765.8712014008507  10.0
277.2952753239146 525.9924126056662  10.0
728.0505752557617 250.9038276610417  10.0
443.7131671484238 881.3992398154315  10.0
875.3519219006103 277.0038803757331  10.0
421.884342994805 263.24617272861195  10.0
524.8073181696709 189.1148502176111  10.0
750.0693249338445 309.42325079824764  10.0
92.01186156526641 576.1860706608566  10.0
638.6096645445662 384.45099876390634  10.0
703.1235952967047 901.9859012133506  10.0
274.47683327998396 890.0884547164671  10.0
152.52345024507895 356.4739907718887  10.0
915.8765862888646 73.24878838647354  10.0
185.70208322520875 436.55216777324534  10.0
781.0893894229531 473.343221727632  10.0
858.1363089290062 39.427915166991845  10.0
49.204533563182 566.2123817317342  10.0
800.019878991869 657.4875464945081  10.0
385.1320159854581 608.0938761259696  10.0
577.0644588844139 600.4915466908853  10.0
277.2525475880753 160.61326787200602  10.0
979.1885650341763 39.0673092607915  10.0
133.2930861917757 286.57535681274504  10.0
991.7635947201375 62.8894883897918  10.0
518.4915798815503 946.3713871126458  10.0
408.1877443221128 877.6019481708264  10.0
139.84109906189335 696.1067688108524  10.0
527.9100012030581 726.4490086432918  10.0
181.18022664325628 391.09332456811785  10.0
150.6283453201903 115.74846244538494  10.0
376.1232092471349 232.13868194001918  10.0
125.23733338558385 447.7522674820768  10.0
769.2997547954827 157.10507499417136  10.0
41.20213426672259 220.10520489013564  10.0
461.10101487760716 276.4980977211303  10.0
260.3877217453009 538.0256227207177  10.0
757.1049456434747 779.3858456996637  10.0
378.9732054302377 803.4968860544126  10.0
50.58042181927447 494.7373967336629  10.0
381.93304191457645 95.17165478321643  10.0
454.9468537092053 83.30872733692651  10.0
206.66831151300536 933.3555481896649  10.0
672.7914378882847 656.4935674743499  10.0
167.72304166937502 836.3507896207767  10.0
839.023909843577 471.09504957149784  10.0
711.1217527075231 317.60417420283227  10.0
107.97445465003253 232.76399168815877  10.0
264.71630631610196 747.5183746664026  10.0
567.7172948078344 455.88805026444254  10.0
530.0314854102596 809.4488405659603  10.0
659.6290268127761 274.0049307575112  10.0
421.45041986960985 116.32355823453744  10.0
657.1672135948371 72.35275712446953  10.0
0.18238516533586324 922.4859229151097  10.0
915.0815652822624 322.9588763621225  10.0
173.30741491988843 764.7762817957646  10.0
538.7461084396837 42.707688111326306  10.0
632.2930640721211 297.5303899597437  10.0
843.0280954482065 366.1175134924137  10.0
490.7310995485741 548.0885343691117  10.0
471.084956502597 827.0951130854885  10.0
347.64254230787526 312.57162738042  10.0
325.70831050456707 77.72581082836338  10.0
50.55203381783369 436.09623061604066  10.0
529.3092787694299 937.1959523721998  10.0
261.6328685256093 277.26290929236086  10.0
473.36740665059097 860.2340685231384  10.0
40.57691555611154 743.6678842304084  10.0
644.1406261730892 141.99537673204833  10.0
49.44407073468027 903.3507875893723  10.0
318.66147548915046 435.103982295755  10.0
657.5982001173592 326.5063115486094  10.0
413.52022163530233 444.60580280432293  10.0
178.93767398532623 992.4508073183299  10.0
738.6632906466346 987.8747864623083  10.0
708.9804679690766 808.7497381398618  10.0
659.4107550000239 959.0530430415304  10.0
545.9649354966595 532.5753937156089  10.0
702.1242713815003 121.39613830704832  10.0
977.9796404572681 158.7783570363337  10.0
952.4326146771322 65.93214773912625  10.0
297.236130406868 644.8207437387675  10.0
189.64903552264988 121.13356055368097  10.0
262.95143094376914 179.63277841829472  10.0
576.990888243843 475.83919736773896  10.0
875.9071654450166 71.61844106499416  10.0
384.4388981994451 286.4530074806271  10.0
250.60515401579008 730.4505311727019  10.0
659.5493934707467 79.4851730300078  10.0
575.039697241004 147.95836661930517  10.0
981.2603785272395 331.7906024086139  10.0
633.4592278090696 745.3269294805306  10.0
432.7077367437704 713.3981706998943  10.0
134.09102512248694 446.9889588801296  10.0
711.2951675677836 111.61397054330035  10.0
131.6545293973863 366.0063977960381  10.0
857.7380552297415 220.12027333110274  10.0
163.59006177519785 541.4012991677216  10.0
430.527478167355 173.08120745073242  10.0
329.2819308392402 754.8106344284934  10.0
78.2374472074352 431.80533904189014  10.0
433.1554951532739 572.0030240089731  10.0
369.32549076229037 890.3039891047144  10.0
485.3803620989674 404.210042365688  10.0
427.5522030194021 956.123877901867  10.0
308.01266108286205 564.8884727288387  10.0
390.87283810650865 184.12082653098972  10.0
729.7613186511688 9.44406994228375  10.0
962.6304743658029 893.3812829786534  10.0
869.1649195706527 688.6112437253028  10.0
356.10620971135677 81.28681452512565  10.0
303.8164952618402 220.59756799514474  10.0
746.9592932298757 863.7558042368266  10.0
502.37646404253775 892.7655601275202  10.0
942.8158757691331 616.9863021520882  10.0
756.4643519963768 840.5386943500018  10.0
355.2423322871008 973.5621807697363  10.0
991.121976544436 619.3823873260573  10.0
516.5648760744931 834.5743204143414  10.0
255.39234610190508 285.1248538834067  10.0
322.4746831661376 599.4476403315928  10.0
398.66012518570835 528.5468595370636  10.0
901.0833384389666 886.4534853690998  10.0
423.750658165855 372.0831959315435  10.0
510.0708134456018 119.42624870562469  10.0
274.3868011449436 429.64320375845665  10.0
145.7941414993681 489.9922493344718  10.0
362.4537960209378 754.9713749788916  10.0
611.7019564030127 969.6576100705587  10.0
969.6242198006051 859.633189288728  10.0
638.1262001508142 242.3910322006082  10.0
768.2465380977932 568.6254614767587  10.0
271.49937007146406 655.8768322237919  10.0
98.00253581496376 999.7746711460652  10.0
158.27161085687203 548.4021576396564  10.0
307.69010050657255 102.50052246016051  10.0
537.2793694430582 598.3813927450565  10.0
425.5898210623232 872.1862183054928  10.0
724.0428233088451 164.81037209979488  10.0
657.2250715051056 568.3109748799051  10.0
621.4468142438172 939.4813803746976  10.0
725.9269434712523 7.664313135343215  10.0
323.4861874454258 615.5795062987004  10.0
869.4671988005963 278.3760152515206  10.0
192.23275495343495 692.3195151001619  10.0
385.12335213402605 26.159030994370337  10.0
882.908168964594 981.5721241569468  10.0
975.8924019791405 801.0773551977536  10.0
667.9231802649044 859.9668326289512  10.0
792.1703440058922 821.3148726353347  10.0
67.9703662721538 818.7481435697805  10.0
986.0671327629121 909.8346037391817  10.0
236.73441219519066 403.70074221544394  10.0
799.6276163816868 290.482740332759  10.0
765.5095698447217 208.7485661526187  10.0
693.5804777410565 392.00523533702193  10.0
574.9919057774713 189.37121685996738  10.0
789.8398220334502 801.6092162906193  10.0
343.739168314914 195.7709634603838  10.0
948.8339847131024 34.11504333622539  10.0
486.26849873501334 290.7618471992671  10.0
131.83908765875674 838.4096930412193  10.0
38.48837322454368 113.64244703409044  10.0
308.84588296241486 349.8253100077824  10.0
934.138264570178 278.85157026081873  10.0
64.08971333451008 515.2314175334627  10.0
63.13494835538591 556.996851731186  10.0
224.22559664211505 867.0432857423225  10.0
191.2025136575266 375.88363303677664  10.0
288.23157241946564 903.0126335433217  10.0
289.88823595828796 0.46203105641029474  10.0
173.47493101834277 40.58164980039203  10.0
77.04392441116204 603.1479671284518  10.0
808.9781986322278 357.7442491831675  10.0
600.0786202755985 319.76380768516464  10.0
404.772106424774 106.77391024993999  10.0
507.76511814728156 301.38306503053735  10.0
805.3259083846327 292.8402066921786  10.0
251.10931915744118 718.652455544413  10.0
195.3951165308141 446.4512888365254  10.0
829.7680247905254 652.7039142855847  10.0
568.2302803733934 86.82270561301154  10.0
857.7272774661566 815.5584280064578  10.0
788.940280303574 272.6878919545861  10.0
660.4301369782571 82.96187891227191  10.0
789.9060946407538 67.72876201075474  10.0
835.2689860142129 893.8831713077121  10.0
420.49263562940655 709.7200785437287  10.0
208.3341561735561 673.4430470850634  10.0
739.9070605576115 765.6440089701898  10.0
402.53773895958886 569.831521680972  10.0
89.90426004194607 579.4464908022555  10.0
295.70686757073537 960.8112250414474  10.0
113.14162220437107 874.7703923907337  10.0
491.9685184823779 381.69184568827706  10.0
993.3364140137872 461.9147852017554  10.0
555.7239038663567 754.2017907205467  10.0
584.9810141407942 616.4336598645075  10.0
164.73662478584507 54.4701316702203  10.0
773.2226576917727 846.2015222443966  10.0
527.3365103510404 848.3726839668329  10.0
358.61593799649603 444.4371550958732  10.0
378.46641160904124 443.7843631621473  10.0
996.8080691232241 438.09134930429474  10.0
620.276412601496 761.8187095498413  10.0
239.81784660883721 284.16789760426974  10.0
205.19652096568652 412.9255386552995  10.0
523.42176700715 940.9617189277558  10.0
172.89517489955298 878.7555713946449  10.0
24.261422206700356 746.861586828561  10.0
847.2575228110102 146.99112466095832  10.0
670.6384099101488 876.2795079017696  10.0
75.49435182329512 623.8797025152767  10.0
232.56428752096437 10.432309209050583  10.0
48.718509813454716 657.9978503480289  10.0
339.4850628677539 260.1155633987109  10.0
681.8026497737212 548.8103164964407  10.0
478.20027554984244 308.2735650136338  10.0
750.0587689997656 484.8795785580539  10.0
508.8499601277112 202.08365326533618  10.0
981.256080507073 459.11966305931094  10.0
3.4424086186088942 217.4367138592086  10.0
83.72080477889354 842.2766473780357  10.0
759.2489067554208 743.1100777320318  10.0
254.7378971309583 960.8582041294056  10.0
168.49197951710448 187.59315022100998  10.0
58.200961773101746 722.0230801767334  10.0
736.1059894190649 498.4398757180163  10.0
686.4339891606048 55.480342765045876  10.0
928.949937508609 2.186330232731626  10.0
528.3338549064772 701.2377826133272  10.0
712.7046296472995 922.2862331857414  10.0
654.4604451369862 662.0774735184507  10.0
586.7867708277962 113.18005792764896  10.0
299.4269073333051 460.92586375379676  10.0
662.9654338101918 260.5292576881927  10.0
672.9192201734764 195.82445597455512  10.0
349.9670810107783 40.8091894765068  10.0
462.9013750198586 268.99669899280656  10.0
504.20676135757327 507.870197571114  10.0
208.03829655781158 581.5454679263185  10.0
485.88546535804966 279.7390369125191  10.0
311.0957189778062 931.6044323321903  10.0
420.0445028183928 935.847560546496  10.0
841.0525653486526 331.30606263792725  10.0
103.7693440797911 403.03968205330676  10.0
428.8880094365958 966.7177964841471  10.0
423.5874435806568 8.121217549936667  10.0
500.4818096429524 564.9370960820168  10.0
851.2055793923439 305.38163857231217  10.0
809.7934241186922 3.8250005043054536  10.0
571.0840567550287 749.4309540487951  10.0
736.4616225726484 102.39716233779971  10.0
59.94676898447504 776.8585886417806  10.0
94.19293630916047 663.6801238385139  10.0
486.1773470108327 884.6354280538733  10.0
259.784110093458 6.8796426204834615  10.0
126.15359173566387 848.8442952015181  10.0
277.3498285781778 421.99736998554107  10.0
104.92373024856983 314.23812366141976  10.0
218.30412966791724 207.57058144576845  10.0
160.22943828232027 603.2890809993886  10.0
484.86986707764555 210.9992386799352  10.0
801.7325188436218 742.8061625206416  10.0
933.367579629308 80.96372636780713  10.0
191.40353295081135 386.8625954781523  10.0
663.2616158082916 762.724977247806  10.0
306.3818706653827 526.6886291087434  10.0
68.9177809012601 119.63898204732193  10.0
462.219010621205 621.3492068783406  10.0
283.2532398684949 948.0054966996473  10.0
72.26773435359391 57.44035416506688  10.0
455.9366074207046 67.41047352722718  10.0
598.0817750609957 651.7017497045526  10.0
403.5216735841968 615.0111206635464  10.0
6.042014134566065 247.35747689022347  10.0
44.875982255870305 149.75040241722982  10.0
687.0268332607219 323.16053861957374  10.0
692.4908080049313 681.2783154699954  10.0
718.7959427666848 933.531244351852  10.0
708.7366863396433 278.3951367339134  10.0
554.8581036740917 228.84337146311896  10.0
255.85468542405167 483.1215981282934  10.0
708.9454446914255 266.82592911864253  10.0
869.4501042605613 359.0396808448763  10.0
770.8180129149163 819.2130077765112  10.0
367.48216914366805 636.3370312760803  10.0
136.97405329618095 402.18740552064236  10.0
170.21965286608832 81.02670549310842  10.0
168.94307997914558 814.8284788294444  10.0
451.358994185988 912.1034645890869  10.0
102.19020161803205 56.68857103128988  10.0
666.4778374954045 817.9364706146932  10.0
920.2618845006898 613.7860822307931  10.0
912.2238981395742 881.987700764639  10.0
581.6549048801776 751.7178029919058  10.0
258.1152420121048 517.9839624870485  10.0
440.9915063506138 635.256812000389  10.0
662.5546856881436 335.96006594097304  10.0
441.43602089080633 805.7166893281493  10.0
335.637881741776 713.1292426446668  10.0
671.8887362308398 790.5261442389508  10.0
443.5607099435903 727.3263018955753  10.0
180.34553137922026 393.8733948425253  10.0
862.9088306040782 25.807665375697898  10.0
513.9123606387832 522.9423704795462  10.0
287.83794450581536 148.48235674215016  10.0
316.3158738367988 241.1778197760607  10.0
369.13081231461865 802.1857153671705  10.0
455.3526941941856 108.18013646524682  10.0
721.3428984030536 591.3981479316255  10.0
575.5717147835494 765.2447706622065  10.0
572.7255104840516 750.8491297627791  10.0
675.5847446609575 156.22502825907114  10.0
552.3416297916644 496.7364793960247  10.0
294.75345479815593 735.3115758375657  10.0
609.7663098414359 715.8294063783212  10.0
160.6009526872968 506.4855132535857  10.0
344.99011801965617 845.5136113237089  10.0
696.1486103631092 763.8161048621809  10.0
89.62039477263461 962.8748482486482  10.0
615.4802864776648 957.4387410879328  10.0
925.2021530753652 297.20747814030636  10.0
946.1872362029616 196.96176577501635  10.0
450.4565225200191 607.8725517250192  10.0
208.94920873679368 522.2162363681746  10.0
516.4612925982018 128.2199861286044  10.0
157.35792804806158 220.67540218446234  10.0
337.2750305336122 66.3275553519499  10.0
435.19164627659677 151.53569762607643  10.0
353.2325611851459 974.5994384157851  10.0
743.7004130396184 248.36465666891706  10.0
975.1157024159367 652.8052214663153  10.0
628.0633231639584 115.38532929299328  10.0
869.6308817541578 632.9296901246357  10.0
790.0310069381304 906.8808491471443  10.0
760.1003872268312 709.2434179250864  10.0
912.8674015357643 484.86686896991483  10.0
811.001846642965 423.2917610421479  10.0
345.0573551329604 187.09360141733555  10.0
540.9661828550145 891.0405495527219  10.0
630.8473050492081 405.6034312965314  10.0
866.0713637189709 868.2047246689742  10.0
798.5384311412888 575.4836663065067  10.0
313.7456684407265 489.8255820314964  10.0
521.5530357943844 104.11877028463101  10.0
667.3205823908712 691.4516680583819  10.0
752.646276649451 233.1598871553534  10.0
302.25040633816167 921.8165772123658  10.0
198.23743333191211 818.593716340239  10.0
257.2418971902455 390.69725073552877  10.0
47.685717555212 538.7069621470343  10.0
647.0137590177674 760.673845316749  10.0
701.4382619994999 95.40653140084277  10.0
368.1327988921586 887.8030072829891  10.0
852.3280706774055 561.2697678416508  10.0
175.34954687092542 943.7539275330208  10.0
165.9027763158779 142.86300546733955  10.0
113.08333359013557 10.746601508389574  10.0
978.5153959664602 280.28095367779525  10.0
975.1826593723172 30.670685841448943  10.0
886.0106431754259 183.5230305064669  10.0
935.8139620462878 811.0514077480792  10.0
831.1913759374602 618.2377778697755  10.0
745.3079294956525 643.0699147370482  10.0
314.851833409018 996.5292291341962  10.0
917.0194381709216 970.6324558593434  10.0
653.0151610924283 602.9344568776312  10.0
144.73333168399728 464.5234313091159  10.0
782.1153688549947 91.34460502384611  10.0
784.8754766006662 801.9654060277263  10.0
974.2141363936108 225.55640866048142  10.0
613.7641187441861 429.4490657975043  10.0
965.945470460558 204.3049638127502  10.0
227.36431251719014 595.4841801600397  10.0
427.7324467433472 811.0425501316132  10.0
389.4837120973954 979.9628443605211  10.0
403.92128413014416 59.39261696581977  10.0
354.07515626574224 318.1141320564601  10.0
339.83096086082554 967.1218427613323  10.0
688.2879831071024 519.5695552065133  10.0
578.3161710475226 584.6374228436406  10.0
405.13620470913105 916.8465991991296  10.0
756.2951464328573 428.43055221979296  10.0
278.1289410821849 442.59781846067494  10.0
360.79331288288364 25.551625279379266  10.0
54.934115018830276 731.2610999524728  10.0
814.407243734127 362.11611053202074  10.0
913.1241154990978 368.2861861952574  10.0
851.6933876436647 647.0045513627192  10.0
908.2774165743101 768.9018162247677  10.0
620.8386518005073 951.3342329018633  10.0
353.1879982181675 458.42632593949975  10.0
899.0708952170236 964.9435765810398  10.0
36.65990823331289 847.4141112961246  10.0
45.61917512121572 323.0452894357898  10.0
941.3415575664625 947.4694490190076  10.0
832.6352534411577 699.3674413677959  10.0
652.2805389959148 857.3475365978921  10.0
92.33905238398398 136.5162337459862  10.0
961.3564061291139 264.0026703402486  10.0
197.752863773767 889.9583346588964  10.0
267.4757522698664 649.5317700526444  10.0
754.7401544686951 398.93427492818313  10.0
248.3895968686429 372.5008872751896  10.0
524.6665877698264 865.7789104634234  10.0
937.2208588152803 300.93133626273726  10.0
519.8526532032691 324.53881096049844  10.0
775.2653090392059 214.26105052625311  10.0
418.0885428643213 10.440466784975122  10.0
432.3562621139645 762.885841729229  10.0
927.8333618127392 303.6774449402858  10.0
187.06000201233886 376.4246902981049  10.0
502.3229939482388 514.1485199552026  10.0
441.19524280250175 145.64141892696637  10.0
848.6617729038161 298.1927884697829  10.0
506.6467247864057 367.995160874517  10.0
7.074973561986164 554.0322346838171  10.0
147.16922277192214 143.0801943740141  10.0
385.8506729187162 229.5458512558095  10.0
483.8554200666579 131.7556084878473  10.0
29.10138484278768 594.1635927093544  10.0
780.1669399015858 351.5535415764536  10.0
567.3266808977185 176.08272868489038  10.0
310.9050820514584 670.9942820415731  10.0
754.8605404251973 746.6728870148416  10.0
989.2236998992832 486.7257328210555  10.0
233.63785125454496 445.85043859311867  10.0
676.7640331168723 919.9430202100675  10.0
179.31658595747257 385.3666554606502  10.0
134.2168903460106 752.3341157752994  10.0
783.6438746685455 841.3684327276162  10.0
383.0949906484661 236.83551212431342  10.0
106.05481358701252 453.2541863132652  10.0
844.2243630016825 864.7718104690556  10.0
687.8457709286229 682.7617607787795  10.0
994.4404516050348 148.49132162993527  10.0
463.8643811328308 155.38910440302678  10.0
440.201191467405 487.3997306202379  10.0
929.5106152834571 405.66258384352096  10.0
245.30537153690324 225.33216056753668  10.0
224.94452425465195 978.4321033343482  10.0
69.6320882634065 78.49363430609779  10.0
783.7482144847095 800.2856948237278  10.0
176.79288171036146 215.7364681169477  10.0
459.89056126976504 228.34105680998195  10.0
650.8147425490889 406.73277697447077  10.0
594.6955944527289 208.08479477421315  10.0
225.44958147662243 818.6386102920163  10.0
314.61596419173844 527.5949097689701  10.0
974.43090805888 238.13622197393357  10.0
460.9656122544141 242.39556268399141  10.0
736.9765146153118 723.278972694387  10.0
944.3665199706475 963.3575004434589  10.0
560.0613443959579 948.3533592454417  10.0
989.5160386104923 849.4717238127691  10.0
627.4620762182359 795.0112084588338  10.0
689.9834441047853 827.9874681648564  10.0
115.30089736514392 64.21436697943828  10.0
528.095267159674 776.3204744414502  10.0
164.7932345149178 536.0728772456899  10.0
31.57080750183605 143.30074820180184  10.0
695.1298140364551 988.4475021571335  10.0
536.420914740562 761.7435650160924  10.0
92.90112794113392 200.22556584958807  10.0
104.72429522167349 409.9916370970699  10.0
909.1977197816427 411.4689026258791  10.0
6.247655183285072 16.98994505869922  10.0
571.4974740060061 190.17116586430527  10.0
814.4771571676632 273.61895213762165  10.0
774.676509437403 164.15152585701688  10.0
90.48039440954336 812.4267710131837  10.0
653.9578875117819 616.6499742898374  10.0
832.1197062569595 48.56317156737755  10.0
62.33812535216599 515.4793168180597  10.0
351.4891218824564 236.63455374001651  10.0
276.0084180219905 148.12743408252481  10.0
10.048633918607997 291.3611611333105  10.0
233.513988560214 168.99279052332662  10.0
288.7816579636074 444.3329711564165  10.0
977.8716351001048 529.9752326884183  10.0
999.802222778461 864.8246194435932  10.0
315.59178016855225 461.93254637798697  10.0
56.19068437274155 959.5432940989456  10.0
832.5283551475579 402.0536277147744  10.0
108.43807655700721 184.34830383601698  10.0
313.7061082322822 520.9865795046674  10.0
528.730912229061 850.3942116756896  10.0
302.7513756161516 293.60053151535084  10.0
678.4092011699626 587.8146535231509  10.0
6.279405404415961 378.548003025125  10.0
129.28322935499094 841.9766689087596  10.0
999.5673923800863 924.3342759984566  10.0
526.0948409908844 20.500685447947586  10.0
222.0690636446574 303.3892327506574  10.0
75.26153976032846 683.6544060767473  10.0
564.8035181967185 190.67580550026585  10.0
224.14262697197674 476.3936231540704  10.0
946.3771438225086 849.6588682741389  10.0
955.4188464150053 337.2363564502517  10.0
150.3743321721156 465.9968092504143  10.0
262.77764337022234 887.3215736889014  10.0
854.0790464788369 378.107642292321  10.0
796.9487447137919 802.4169883330856  10.0
216.9660495238629 93.80008516477479  10.0
375.23529014997683 401.3052285557702  10.0
117.12711650281283 53.449634898385945  10.0
33.03848286040378 645.891083378402  10.0
624.7738384147466 202.73813240236683  10.0
562.4738383818033 241.53716450368069  10.0
584.1857989563538 571.7649086065496  10.0
31.03016635626843 550.5489700371239  10.0
238.9486868852486 222.3763910811666  10.0
602.3229671128148 587.3946531158515  10.0
680.0542219454325 121.84996201438125  10.0
91.34580833599858 451.1586370526971  10.0
522.4098541090594 728.6074767670631  10.0
78.22478252533239 168.89260713941212  10.0
622.5327120116785 334.42221001870075  10.0
77.33300410050737 72.9409917287035  10.0
838.6794505605761 497.622507755758  10.0
212.72306396674168 515.9826693751165  10.0
804.3893489116329 223.084657522721  10.0
86.18729666825664 939.4442333979395  10.0
437.395203670331 897.3456566950197  10.0
40.85760274580652 54.104543078195235  10.0
438.0829683995291 370.95705650668407  10.0
821.1071995822931 166.12397189794825  10.0
345.1575437753901 995.238493953666  10.0
708.6193708277399 487.3963520001706  10.0
810.8986379245821 866.8799741699789  10.0
574.8387112033627 606.0350838333516  10.0
634.367625734207 11.380217031782935  10.0
931.6230649483267 160.96962983385475  10.0
748.1520660127186 745.0976522350558  10.0
984.7649216483095 164.0416756596469  10.0
792.712204946136 995.7299087354609  10.0
899.1531730613301 343.65570483961403  10.0
132.11909690359812 932.3262862868025  10.0
969.6975987581131 345.95125812752667  10.0
165.95178197941496 858.4772238843573  10.0
158.73983296799565 622.6294444935696  10.0
574.3465053437048 956.113642490601  10.0
508.52637660651226 358.97965758457786  10.0
696.6681506146565 132.38772923175824  10.0
266.4206076911412 851.316701252722  10.0
589.0004442720299 918.3966778156297  10.0
170.8822913725394 329.95265691470786  10.0
431.6277709582402 96.04903559512368  10.0
237.84481252109714 341.9916999491529  10.0
864.9087230462246 488.1629097432793  10.0
559.9717425733282 457.65058613835384  10.0
520.4170204762594 136.9242076471091  10.0
85.37609361289111 244.47062595190494  10.0
483.95318698935563 917.1221792355051  10.0
77.73694647768481 165.70247385200722  10.0
678.0057520539916 483.1184041005383  10.0
976.3499601171665 302.3076024546283  10.0
183.4684131580473 332.2948733179476  10.0
672.4995035891686 572.4355697481792  10.0
333.8952193821306 682.7652262867329  10.0
797.6422751980332 427.8994873909495  10.0
10.303045266205068 809.4229455788417  10.0
479.24296075465975 844.0867227344712  10.0
940.5068360276514 459.93889922403133  10.0
161.7051024465369 787.9054473676515  10.0
964.1999156098802 981.1098679937696  10.0
512.6908929296088 247.78195388409375  10.0
163.46786574344662 825.9986812195161  10.0
139.22600990049082 340.38786577749147  10.0
478.1514184885022 183.595889630185  10.0
823.3365863216235 970.6900754371516  10.0
926.4502794066111 575.2714845397493  10.0
253.56722072877758 15.080579734647603  10.0
833.3859774942313 396.0747877958224  10.0
776.5806318767517 21.757224076257465  10.0
533.219166712153 543.9792894580493  10.0
522.1407500437676 978.1908912359138  10.0
856.642376638467 476.4584052285349  10.0
365.1328014027555 782.4278989254733  10.0
339.5468560556235 261.3173565658535  10.0
579.8758498447352 673.141473850502  10.0
497.38771573087416 447.4950620341294  10.0
714.8340459071615 22.759245836271646  10.0
697.6488997634444 871.5895290830555  10.0
169.93502821579088 578.6585085828634  10.0
132.63563332009343 837.148471245864  10.0
194.05547273211943 449.3346328949298  10.0
145.79853258984167 456.3070696391138  10.0
536.8347487143717 875.6122074642902  10.0
697.0207736783368 327.14280712792555  10.0
786.8300889097891 101.38268502034653  10.0
65.77523164794286 135.15691347789183  10.0
507.1273219429696 464.0160361659681  10.0
985.7859250721956 213.58092017499942  10.0
639.8736830325506 161.50833667675334  10.0
280.8043954758788 574.7459539213785  10.0
292.7998940744626 21.590995354917485  10.0
728.3379175605717 433.54122127037976  10.0
943.6511173494964 997.4417352941834  10.0
316.64367354789914 784.0274283097639  10.0
302.54714118127566 45.30090700704304  10.0
280.0287001114773 161.560027789057  10.0
557.6443949329189 501.21159167407393  10.0
298.47276276566646 325.31565517456886  10.0
496.07361139164107 67.2652218609241  10.0
29.81767782803646 229.90530389016172  10.0
39.97845325128513 42.14907074318541  10.0
706.2424928123827 319.7953622256586  10.0
66.58225666795926 486.4556444038518  10.0
871.4717812294949 876.5482376079158  10.0
991.5613097627373 600.1284836570859  10.0
461.1396816287844 876.4320272721935  10.0
486.605044076463 707.5824433732344  10.0
335.95929622350695 574.7387434476608  10.0
874.8944438103822 895.4510310785784  10.0
65.82409698372183 823.1891661845394  10.0
202.33234480538343 528.5771837491317  10.0
232.69368084635067 948.0912958432128  10.0
717.7100031805029 581.777970391026  10.0
771.0934317036539 869.4592060840315  10.0
511.5968343386238 968.0778301774266  10.0
897.2840009043626 25.08715983037113  10.0
361.59074195670473 818.5191362969886  10.0
991.6329340075763 578.6137661089031  10.0
410.6687585043335 974.3224139070113  10.0
393.44772630550807 336.8994764468938  10.0
165.7292854817033 789.0835079370922  10.0
443.5056079622981 779.580036097337  10.0
445.01811254087477 706.8578762821693  10.0
266.7424531591528 612.4473958736392  10.0
325.982725917315 981.3976998254786  10.0
726.0394988447113 296.3490531842129  10.0
849.2006400536366 332.469871091597  10.0
697.7728224241732 74.58520173712347  10.0
219.3788536417184 297.0987940652747  10.0
320.7681348881612 124.32263370772756  10.0
511.02356408363926 526.7402058704727  10.0
152.52852218063683 591.333327393351  10.0
434.2303632506694 305.8078307246862  10.0
230.0805433420191 432.40460396027436  10.0
545.1471897515804 122.63780131456414  10.0
877.5102329010575 186.0567531277517  10.0
396.0131680383876 210.889964055221  10.0
728.2368005628487 19.743258543110542  10.0
511.27901340458624 597.5497371440728  10.0
837.299112223815 660.4977223439823  10.0
749.1651393730536 343.10772809251597  10.0
947.4057352319495 106.03065260629386  10.0
562.1162169589974 340.1584051372386  10.0
942.2266413518375 334.5684072374616  10.0
904.9615315025046 248.5737694985628  10.0
271.38079657173154 584.2654555677448  10.0
56.192996101935954 888.5711216045645  10.0
663.8005413378501 156.81039497116856  10.0
415.6232964463611 687.4089323922598  10.0
759.630326676092 114.88533767136222  10.0
420.78899592575857 581.1083913870394  10.0
385.54358882986304 689.4266621024739  10.0
84.81454205958939 109.51231379740722  10.0
74.3387033126679 690.1753264054059  10.0
300.0548183703998 311.15727250676696  10.0
86.90095758182059 721.7927220140247  10.0
974.6854049789583 423.8492117079772  10.0
633.0942570360056 547.8582009986227  10.0
273.51132953312873 327.4957131784111  10.0
207.8729823583081 516.3528887689316  10.0
719.6166436914599 127.66374086196497  10.0
959.8806450363605 562.7732949601036  10.0
680.0785896596924 271.4944369697385  10.0
792.0289938899783 940.808185681084  10.0
806.8220371716375 112.02146452894979  10.0
457.0274141998129 495.5499462437021  10.0
332.79084330372376 892.6025979969555  10.0
255.5589799475677 990.5019537795541  10.0
733.965065690243 710.0894358008607  10.0
70.77663697009051 727.1817936396471  10.0
159.35383205264486 133.5231784460904  10.0
380.01886275218897 454.9093978852733  10.0
203.94583258129973 804.5588700312045  10.0
573.1211513221066 358.40831543637495  10.0
53.700561833136426 526.4847898903765  10.0
376.42609563571125 732.137460755065  10.0
767.0149196368272 60.61729801986937  10.0
432.5713256905065 802.8095183825684  10.0
473.70200326124467 92.01579854082065  10.0
118.36143622413842 45.341225758316114  10.0
570.369740035533 600.8763976148174  10.0
496.5060813289106 252.52046356507128  10.0
570.1887005880019 181.62713042610778  10.0
891.733487299086 564.9629628698896  10.0
125.3905508613069 688.6613325982396  10.0
957.764832172822 645.4716489913766  10.0
882.4396112434385 955.8100566186386  10.0
258.86185515968896 190.70024941255892  10.0
252.67144324866265 236.0685043336428  10.0
328.1361566382759 13.061391599971216  10.0
885.2947252245716 438.7552325464631  10.0
884.5356432999101 997.1094516959197  10.0
615.0032561441238 203.19741838157123  10.0
391.39995828674546 337.1666531703316  10.0
923.0472275367008 341.1990158364245  10.0
421.70315357532274 596.7504103891921  10.0
498.4642309095991 204.96311707501636  10.0
358.578862733157 295.39862421920384  10.0
315.2717752853389 92.80359749859868  10.0
804.4491773982111 924.7792788765436  10.0
751.7750323817812 891.8955135615689  10.0
698.0555406723029 523.5089664625823  10.0
669.7450624100417 775.4771273595344  10.0
545.916248323962 198.89494765041172  10.0
44.0739163607069 921.3317430272388  10.0
363.2118161592137 273.8533036015012  10.0
687.6150275906253 899.0398395631593  10.0
888.8258883903029 58.546100849004915  10.0
851.2688107025466 585.4078591584166  10.0
390.2461531612318 598.8181664848562  10.0
995.9746026455553 210.64276882878707  10.0
906.2562121217794 137.30452425797523  10.0
831.1221272426642 412.25605861212875  10.0
88.82555088069932 438.11734910802204  10.0
792.996722031444 979.3451303403182  10.0
900.3321813313487 572.3112563970252  10.0
497.22478115137056 306.81367959467207  10.0
298.2280459852345 238.86436578822068  10.0
340.78652801634377 447.2566931857491  10.0
696.4846436634828 204.70174590382618  10.0
352.015749038474 47.650462792584335  10.0
431.63248554385547 987.3269287225032  10.0
591.1070823538397 388.65112336353104  10.0
680.934589571689 474.9162566587225  10.0
889.0030389120218 206.2198960729439  10.0
281.2111802100624 781.2698009931734  10.0
479.13494371372246 968.4570956614759  10.0
679.0585297068454 266.8017509178233  10.0
124.3428130892701 804.9411982521793  10.0
806.6822877146507 321.79227950264243  10.0
670.4016758270877 341.5328151486202  10.0
22.291703080738245 204.41160365666622  10.0
567.9324552088885 280.51826253928215  10.0
379.9777671773624 953.5666554519635  10.0
796.0777722615106 684.1306805305186  10.0
401.22504033294007 155.40919212753957  10.0
794.1743000906959 568.9014071474465  10.0
208.6833594193811 132.3836162723908  10.0
461.7549808277549 598.9579312740576  10.0
352.5521826834871 944.9818702948397  10.0
22.565780339029228 378.29872306660826  10.0
910.9068584688684 448.9112569991778  10.0
564.8835060830872 85.24001820283856  10.0
477.5229204837457 534.1713497998089  10.0
368.2725966773351 966.6426951275514  10.0
464.2306600549698 587.5734489301225  10.0
706.020214493685 515.1923532047058  10.0
739.5591805845731 166.52691516264284  10.0
672.8410458896955 989.9189534052806  10.0
1.4052918667448733 849.4543602179452  10.0
729.044104654372 308.30727461001896  10.0
438.68984447777905 236.9875917308608  10.0
75.20582278423183 237.76277893826415  10.0
175.43968040445003 118.13494329423013  10.0
675.495368293846 244.86195093746787  10.0
710.4608319037939 886.8995674220598  10.0
733.1492437895879 322.7301835583423  10.0
66.74480704556474 397.36780379440637  10.0
688.1941778037634 610.0540223131284  10.0
646.9762028903285 579.0750836274907  10.0
355.36870778833315 639.6494038747431  10.0
854.9867540221484 299.49676507040226  10.0
649.2955334704246 610.1705755996858  10.0
387.72722700499617 156.79926768793229  10.0
454.30806612700525 161.4592939308729  10.0
728.3054874581162 113.52731199244614  10.0
587.9364328072943 752.1974388060405  10.0
777.8650163244839 140.69065292172377  10.0
479.9095311421182 887.940687545324  10.0
752.5555942298569 331.75405676329564  10.0
142.63149400142748 128.27432375899593  10.0
441.57342503408626 267.3222534972042  10.0
244.44219002262767 13.747162701700066  10.0
673.2253868540059 763.8517010190131  10.0
613.5734076307419 796.4026908485351  10.0
368.19820704096287 523.5089475799982  10.0
298.5634180720528 132.14140565857446  10.0
872.6901237792213 617.3355847855031  10.0
389.99446042391685 698.8120659940621  10.0
358.7888141399629 180.16774547475444  10.0
168.7695189610652 40.84324206573064  10.0
955.4564521897682 173.2981401027367  10.0
787.7453189553441 809.3915271809212  10.0
930.7090272810564 579.6569569620971  10.0
616.3917295715535 966.3958531329664  10.0
684.0533960146687 936.3273771387848  10.0
582.2472797940101 451.5921726709592  10.0
527.9727066196677 680.5006035823964  10.0
328.2938946712336 273.45632609399826  10.0
238.22676528222186 387.51386216661257  10.0
771.9743602632456 978.2072211812142  10.0
134.96083054720887 613.4045445525389  10.0
699.4280011738736 975.4166472298136  10.0
20.092987516484918 719.4522928740171  10.0
357.6215480889355 254.4356231897249  10.0
641.1762211418159 752.4700436691093  10.0
617.4039591805927 612.7617113771022  10.0
477.9087530277852 182.14394411514746  10.0
172.11505510190162 635.6357368049962  10.0
554.6920144778792 55.51155135797248  10.0
409.2297674032397 315.570091107665  10.0
671.1124673432688 918.7061566292101  10.0
46.621362658624264 381.1751634249493  10.0
911.9503104872734 677.3847048951475  10.0
360.3782788019534 116.56448968171861  10.0
549.2940590917487 419.7954324074459  10.0
847.7109561000864 695.7830358515743  10.0
481.5672023719075 110.23079196774121  10.0
466.3369350059122 831.1174793999647  10.0
167.74921854524905 975.6498845508871  10.0
170.8330367240024 839.810936043499  10.0
609.800180676246 354.5439860736377  10.0
326.79666299763153 70.61915888469716  10.0
312.27430965769867 754.6577468610103  10.0
725.2576524825982 999.8088171290782  10.0
305.33477512109744 874.9675765769676  10.0
342.63617596994675 205.61288970836145  10.0
255.85841078278338 387.35799647959914  10.0
695.6412155062415 860.8221143127975  10.0
411.04582581029024 344.72553917095894  10.0
625.857894187783 345.10536592022953  10.0
619.9283469318011 184.77926582871075  10.0
615.3718998191509 71.81630753888824  10.0
960.3905821876591 432.5954087948707  10.0
282.63182462139537 648.4571545378626  10.0
562.8033997215241 370.0234175420253  10.0
536.8511034143215 45.63505348972174  10.0
66.08892449841485 136.32912113157792  10.0
979.6035481279567 536.2601170162161  10.0
768.015580224658 952.000144902986  10.0
533.867073173124 784.8984999601654  10.0
938.7478688794178 416.42777728192823  10.0
953.6227200034025 616.6079764209315  10.0
955.1520838176733 120.21839778630594  10.0
821.2171226658728 675.2474904035397  10.0
883.0858668992659 134.17661776282762  10.0
875.0480911203778 393.1660007344139  10.0
885.8757153810545 289.54154051063006  10.0
26.73480208914336 437.3404728560325  10.0
369.4135614838159 547.8465106024639  10.0
224.785567232903 71.44647680316962  10.0
87.77989649615958 173.81176592744663  10.0
400.87772766981533 679.009022200885  10.0
528.0271880508839 870.9683067348523  10.0
95.21533601535015 29.69580379397707  10.0
768.7345719849566 517.2508137150706  10.0
999.0330630909721 738.9781268775356  10.0
664.1706941938763 646.5860321909826  10.0
575.1644378553096 770.799843414457  10.0
644.3786663119371 362.54240544408134  10.0
121.69635281905312 763.557976011479  10.0
641.2231020142252 941.3954714544294  10.0
129.0809962324566 421.613378117359  10.0
651.4163087147213 984.5033028220064  10.0
547.6801708961681 207.71295848577375  10.0
229.76710448599147 613.6741636327697  10.0
630.566431548934 96.12032199471221  10.0
769.3719932949176 868.2489753783407  10.0
345.50884387051195 201.91437896195663  10.0
770.195352897285 158.9091795481532  10.0
960.4215985718762 688.8306324387034  10.0
423.4618556828481 360.7600761925359  10.0
298.1554059549874 476.1832505718078  10.0
746.5104938070905 887.0289621686911  10.0
329.3637450482989 914.8203661097544  10.0
191.23674659776458 874.7560173998529  10.0
226.27705253755414 782.7291551976659  10.0
118.97536040808288 435.14529301020457  10.0
735.5695983536275 662.8209688496938  10.0
785.653501606203 773.782075045711  10.0
745.1055407060533 8.591523612155537  10.0
513.2695480973773 869.7119426014809  10.0
217.20193221950566 977.7641909264299  10.0
537.23082500758 317.416009549624  10.0
240.1484825360627 419.68975107811855  10.0
613.8084885731528 882.005836674578  10.0
810.0747639399641 239.1887992044085  10.0
847.9457922689097 295.5004897883222  10.0
96.85791274930433 727.6880908976821  10.0
358.8814832270906 830.8374675366823  10.0
370.61440744172126 351.91536586855096  10.0
339.5272920801934 230.30794035850377  10.0
469.42251607541607 921.0818681711231  10.0
785.2646983918628 636.3964493402835  10.0
674.2718082891779 15.395372351182267  10.0
668.802792431973 275.54336242133513  10.0
123.83950104383668 51.911023309687224  10.0
619.9656949723172 779.1384773215939  10.0
449.54315504187946 388.14085593558247  10.0
232.75452081860314 191.09212766875316  10.0
140.42263219848672 419.5074307054747  10.0
966.7553683597243 907.6202826279729  10.0
257.7542600902319 713.6408600374091  10.0
235.9413908146659 22.418437374720934  10.0
510.90245961605797 842.6822032682271  10.0
685.1438190036686 809.1883585165441  10.0
378.76574164014863 724.1711317044648  10.0
842.9428470844716 363.5210511907176  10.0
915.27507145608 961.75894394439  10.0
309.4563797182398 747.428027193024  10.0
112.7545670276412 888.9027238390281  10.0
388.48101322613337 332.3522533200982  10.0
213.55575860086384 761.859832931117  10.0
605.6658805128482 420.27909245952776  10.0
158.2286090544186 822.7167279941831  10.0
867.8772623560944 637.6066383788586  10.0
437.5935222327195 758.8499380058865  10.0
113.63756328883623 42.72411844914814  10.0
976.4304982318268 422.1302662571454  10.0
180.4995128792103 365.785572818736  10.0
318.1031188803529 539.3469570593618  10.0
272.4428091485972 307.95578078175004  10.0
302.28655090626376 544.7409308181171  10.0
848.8565109112943 367.44387696727534  10.0
632.0702981103559 596.2017280981014  10.0
976.3980832077908 230.9294421774849  10.0
212.05779376087952 298.5954330370165  10.0
185.9953347440052 371.5249337380796  10.0
905.6872030671766 650.8564550344291  10.0
659.4850733928557 128.20724240027494  10.0
407.84845488476594 257.8886894817209  10.0
133.85833066491938 206.69034438278277  10.0
257.97353688342184 903.9865135212941  10.0
255.80852497195005 237.99998122764188  10.0
629.1289791573458 171.39994866577578  10.0
245.2559017871826 758.5505236024753  10.0
420.2401149865881 905.8321518500784  10.0
633.747814356752 734.3129427580986  10.0
351.4292734152957 980.0717761772723  10.0
532.1110090242968 541.7023469395423  10.0
216.55092041413437 987.6265397650499  10.0
351.4588011761507 139.1019919065437  10.0
182.35859094919715 210.13858388323825  10.0
152.63229015217095 15.480294921707994  10.0
40.339991590353286 445.52614493629227  10.0
831.3818605982283 386.3462031575835  10.0
615.1083791954435 58.210394241369535  10.0
160.07117180625917 22.327110021698736  10.0
112.3393267321745 918.4497483837773  10.0
301.4126125498232 41.94319596503193  10.0
49.594388411886015 734.718815976093  10.0
785.7201560273926 977.690358750254  10.0
554.9740225786506 651.2325628821495  10.0
100.39140627226683 433.3335486262209  10.0
241.3939703219744 882.1307507874349  10.0
978.8077828639987 690.3512055185405  10.0
568.3810178757755 584.5014154616017  10.0
195.56802470852043 692.7603979641453  10.0
588.6351997920042 134.33660618400634  10.0
175.94689185077394 942.0915000150569  10.0
243.2075773549942 462.6773611768646  10.0
9.697585203915505 968.0705146896898  10.0
916.9938602849334 133.61903329748304  10.0
522.7924661824592 205.60543257901875  10.0
795.3458642853183 401.5122033497466  10.0
905.4242127744375 304.96325234960307  10.0
672.9545908792551 571.6084655809896  10.0
20.564974597633736 129.5621796902765  10.0
257.7597149856609 606.5645349486094  10.0
924.6084549741719 954.59341386331  10.0
685.492466564386 70.63169331560304  10.0
320.0960088812348 669.7256375955656  10.0
914.5600006302062 184.02246921421172  10.0
630.2547389443712 110.4343664990004  10.0
906.3311382377044 971.859816882611  10.0
136.05172221878547 995.0375246301086  10.0
12.484801492142372 235.2784134249839  10.0
148.69530906234152 328.30765045775814  10.0
788.934064885019 346.6617615716751  10.0
503.991156883684 547.5700769142381  10.0
534.9405330894076 676.6627782396836  10.0
759.6867148046066 133.4854938725616  10.0
216.38471850044127 797.5695851238265  10.0
352.9150782492435 885.2547148416106  10.0
73.76046544461757 475.74244589707484  10.0
632.0750860768712 568.7720398066604  10.0
138.31233148034562 865.2617384277027  10.0
115.96168090051783 186.29280818112892  10.0
83.83669296643926 245.59062894025817  10.0
552.6865412967277 687.4701674447358  10.0
327.01919370726165 107.970965053366  10.0
351.9058790729512 544.1546862411466  10.0
55.78189930702748 388.43397999819763  10.0
746.0990325368487 245.13952679683848  10.0
912.966016904318 169.7223518416061  10.0
600.1175860679906 432.0734903046516  10.0
391.7771311649857 230.08351723684683  10.0
132.95163773848407 94.05249774515445  10.0
609.7712617173726 403.8085813115113  10.0
941.6362238639183 965.9398285194832  10.0
19.762066949497004 836.555427178096  10.0
624.4478054686848 34.25413233784946  10.0
788.8810270618346 867.9079204559549  10.0
989.0167260110161 844.5034057691885  10.0
31.123450382702032 454.2881381355891  10.0
300.70862928629094 125.1322174653362  10.0
814.065553653508 757.2517806209454  10.0
277.60413346828375 95.78828161256814  10.0
877.0386294413893 765.361673811567  10.0
570.6325901348853 711.404060715598  10.0
295.8986059843329 592.247688512288  10.0
280.89250095624175 8.62754883790573  10.0
908.630027177264 399.1259559752706  10.0
660.9176575632359 667.4258757735931  10.0
176.37606033383813 726.9641826505436  10.0
522.6244609744004 878.2241080716724  10.0
296.08676211054495 391.64374539209126  10.0
31.90258307219651 613.7311987980185  10.0
803.8298960219537 994.8836317799235  10.0
508.2879602700475 444.64329373479916  10.0
611.9101015529242 534.3550016827144  10.0
567.882956013625 109.70457721890759  10.0
408.29377593296766 558.3295566073315  10.0
448.66601671803954 153.14409384153416  10.0
613.4383620576082 803.3686418540838  10.0
639.5588031862258 76.29674632250416  10.0
637.476659385436 277.9743545196455  10.0
998.0960784534708 615.2549797042959  10.0
9.808096814671652 310.78784488208356  10.0
386.2697272369679 952.687602122109  10.0
63.500491816794735 168.83391179790019  10.0
480.0950343825843 899.5004547401908  10.0
248.5074598609225 469.47551538711707  10.0
815.6739105275697 340.80311882611915  10.0
820.5582727964559 759.1553084502684  10.0
323.006256748121 530.6849717419577  10.0
606.6781324370914 312.6658079133171  10.0
568.5272105426986 141.59257155602134  10.0
783.6489566180683 418.6037500052161  10.0
678.3247770285361 326.64000743403943  10.0
122.32200683535244 159.82807898340923  10.0
446.21856174067165 436.9722051749746  10.0
948.5450324993064 972.1552368605295  10.0
444.3571025071487 451.34092132480396  10.0
150.56891621243795 70.18960802421725  10.0
48.718051484333394 621.3417173303285  10.0
923.1493503985804 166.10074045114476  10.0
167.87149911917197 313.2995590389691  10.0
580.1616876677407 775.3232084656727  10.0
120.59378809534837 536.5796891201295  10.0
690.3975386659266 802.5688960203742  10.0
546.395523584172 188.13917498718868  10.0
995.3146953029589 32.206017954253376  10.0
452.7538914166863 614.4243538387033  10.0
52.86175252302871 608.9724820685626  10.0
503.81653357435397 694.2574929958221  10.0
318.10218311209593 588.1558348528723  10.0
437.56980588291816 280.1457850573028  10.0
419.2126136796901 158.78598683640942  10.0
61.94193657448388 500.48459151255486  10.0
716.5327057817229 199.05095469201595  10.0
625.0372292302026 121.41582743968304  10.0
842.6951322357681 410.0596138533773  10.0
480.6747795239722 894.6416033742474  10.0
813.4656666776746 392.2401494156339  10.0
877.6308940984817 576.282157022398  10.0
471.77515080092957 678.076438312556  10.0
389.4618198765395 91.9064622672594  10.0
481.5266512753741 915.5486909325163  10.0
971.5094435037018 144.1524292812306  10.0
823.1124074550395 108.55910193310348  10.0
882.6693001883793 411.8932297590134  10.0
759.1773192431183 63.78693515678924  10.0
741.7266746854818 373.69507307690543  10.0
537.0164669089004 967.8317373420947  10.0
801.5435743208196 703.3507954467905  10.0
673.0965161826182 324.16743510349164  10.0
119.10526564817381 131.56274095555864  10.0
525.5418921596373 316.34391941882933  10.0
675.4122469526524 645.3876405647113  10.0
2.028465093674381 32.03721098157142  10.0
656.4295643745439 905.8448472372453  10.0
673.3787495382506 881.9627146130408  10.0
44.78241569458885 804.1287481675406  10.0
267.2546762155368 978.3310042892334  10.0
391.61324955621234 148.15522671970106  10.0
501.6948566965372 199.43879866561164  10.0
138.9920425794584 573.710642427112  10.0
484.8455917740241 160.15216620571925  10.0
145.49849497414579 908.2614869916663  10.0
455.0858142768368 332.4534811530402  10.0
131.07079835144896 380.52142247097174  10.0
464.84816470269806 115.88698493270955  10.0
601.9426773413397 265.16194562196324  10.0
721.789417076319 744.6522720081333  10.0
442.4667416041352 779.59137841827  10.0
692.5659168583866 536.2592587416207  10.0
767.848894662534 308.51665816340636  10.0
747.3201650743023 136.0716570748207  10.0
820.2948409144633 322.0408538768188  10.0
77.08729581974217 92.7308225224387  10.0
660.7966701992256 674.3386741068933  10.0
851.6807309046426 311.3651127303341  10.0
159.76375417650402 322.49150134989145  10.0
102.21901735016358 674.6546334246877  10.0
321.92889302798613 888.8518255590874  10.0
610.3061711969051 396.23478076348795  10.0
294.4371638547868 905.3471403312678  10.0
164.9803839771168 476.5865182669464  10.0
501.75149694021746 24.421193229613557  10.0
908.897283882943 968.4748558940483  10.0
226.98568748025315 958.8505060981279  10.0
136.81481228376768 627.1617785235758  10.0
616.5018020114819 421.4626960622119  10.0
832.2995619942704 920.0330698690204  10.0
523.085907977803 875.8221064308814  10.0
432.67495424573787 300.9432398528122  10.0
822.742191951895 480.2378075347407  10.0
797.5835574509831 116.49658529116547  10.0
841.1225356978919 209.98740721431042  10.0
123.13766756063282 504.6463682801837  10.0
307.83483549888047 776.4398524130522  10.0
591.4833065332937 170.408303135965  10.0
820.3500455754754 626.7988398205944  10.0
874.7048850270294 979.148449783333  10.0
143.95437083293473 4.478117951632887  10.0
222.34889130675285 894.8200833768592  10.0
800.1700918614036 777.6584861501436  10.0
753.4468986908932 908.6874330404669  10.0
303.2940899143455 502.3657639394503  10.0
746.7694385149383 253.4890689394922  10.0
93.18085758504513 976.4478820767489  10.0
177.14410136553104 378.6571415158708  10.0
682.1224150616434 362.118190266998  10.0
481.0226525624219 874.123157919373  10.0
784.6546039403416 807.2714582746459  10.0
551.0834851762124 773.404789920835  10.0
231.34571875979248 379.5678389623962  10.0
257.5074299709579 441.08226876910373  10.0
281.09977791974916 42.319276863037935  10.0
372.66631971517506 555.4373100577552  10.0
541.2336606207073 347.5017242940896  10.0
636.3155252718323 533.9411677181006  10.0
80.56368261794533 498.7558734183213  10.0
839.9829443797003 117.44259244910715  10.0
477.9634724637134 446.02797336180777  10.0
232.09867415628514 728.3206893954743  10.0
487.33234420123995 713.5411831645195  10.0
249.51119433651968 648.5317985817718  10.0
719.6391791740264 734.0776484215854  10.0
566.3872705068165 25.392918753318728  10.0
243.68343840353867 565.0897126916611  10.0
718.0945660485934 206.10931955498623  10.0
289.44237257137786 995.9481110147668  10.0
105.5171893957999 926.4671578104936  10.0
301.34863487331506 220.67455441079775  10.0
14.356500246489933 434.77626029091556  10.0
433.5704439904775 446.7939830799549  10.0
394.3204726946069 719.0626848984087  10.0
205.3419151364334 38.48215922623266  10.0
534.706821225183 623.6738984362511  10.0
441.61867673860536 50.972285492793645  10.0
445.7366705453424 790.87449662954  10.0
812.8095891999305 303.224159159857  10.0
709.0968221072034 43.67343669808499  10.0
257.06254371627557 457.14775705848086  10.0
796.5007118005849 38.03853945908608  10.0
319.5587379249512 924.2128036086751  10.0
371.6790722058635 755.8180283558894  10.0
975.4961717820104 804.0646736315804  10.0
889.0637018024605 684.1022261797274  10.0
816.9199775572974 474.8057868803514  10.0
881.5283094696259 332.4236703643313  10.0
578.2835342140058 900.8914162571875  10.0
689.9029750918625 76.107034792536  10.0
851.6010425757911 202.1270381384449  10.0
28.579546295394167 182.24489163468837  10.0
499.27851911423926 536.0440856562776  10.0
704.3773320325657 274.18906705038535  10.0
711.187314214906 885.9697207887401  10.0
9.939759142378325 421.1117042497259  10.0
872.2699508200643 918.3953299929044  10.0
798.2842414264652 501.1038947303327  10.0
407.9455747550321 675.7875281506002  10.0
11.729401993024634 479.4440357724441  10.0
556.8081070496137 504.7746608943352  10.0
486.27469223552987 768.0820254167372  10.0
583.5872266955387 284.68055969765504  10.0
181.60988312466142 888.0496857204605  10.0
290.06872688966826 717.6666109263051  10.0
597.2823945303106 243.42118919171773  10.0
807.6471898487702 169.28219998787918  10.0
27.153327194736843 933.6124937530161  10.0
562.4109107912832 307.01273182299593  10.0
477.1231841439499 180.22157684903684  10.0
992.1349166358222 574.4530834016927  10.0
525.2109483678169 125.27639756392028  10.0
64.28521315563174 360.02410704888666  10.0
138.42130879979152 469.67061100762606  10.0
895.113433148423 571.6883209389806  10.0
477.4361255192203 663.73217978613  10.0
802.1478145853 212.9100427159546  10.0
18.01850234559732 136.28304546471136  10.0
935.8630027199624 470.14457138256785  10.0
897.1185573975224 354.21279796811876  10.0
231.03761827587178 768.4297966978896  10.0
252.0222491909927 341.5030859234617  10.0
794.2854611310252 229.19281270407467  10.0
462.4857154406754 654.8035977388298  10.0
1.4719862596869193 973.1731515258307  10.0
628.6493914503051 712.0744093915096  10.0
517.2054849163413 751.403299162144  10.0
321.62771135765524 801.4738322125894  10.0
168.31757999700181 458.47625132303295  10.0
629.0215032391565 59.584604021909456  10.0
104.2252069769638 184.8689101462555  10.0
784.202206952317 201.23560148626208  10.0
959.2926543257829 598.8790820576799  10.0
216.0681622752374 807.5901823643662  10.0
795.7881354907785 613.7731750504378  10.0
685.0750884205963 534.8363894108643  10.0
450.75691908807755 492.030486380027  10.0
281.6942526589763 692.7282949175286  10.0
536.1088573803818 766.109023767904  10.0
455.0535251471569 260.3916616672043  10.0
748.4450864761926 613.9473232910901  10.0
912.367868568789 556.2216620286275  10.0
333.62487721220566 617.4548674658869  10.0
183.86766422384738 459.3635905690564  10.0
520.8008368148146 153.5339246793842  10.0
883.2846919763001 292.182709470224  10.0
491.62639478308836 19.71382826370016  10.0
210.55694741671317 216.2921992600858  10.0
982.5667620287583 280.2679150805443  10.0
41.26545136912374 269.12334378395974  10.0
931.7207373466191 733.7229087378179  10.0
26.41753277192771 973.6852962018337  10.0
676.2872355793131 848.9588521701376  10.0
486.5424165429846 791.0764942821073  10.0
82.78754030810309 494.63762930435286  10.0
525.6670683577087 553.4732467498204  10.0
649.3798947787465 295.48595551017445  10.0
713.5913203839259 414.7357013346182  10.0
58.08075904111865 988.9992596788562  10.0
888.9828905506496 786.4349303633353  10.0
874.4323489898045 727.4208371672445  10.0
121.16501287967552 189.01915350394938  10.0
93.13400053528709 872.3900011004635  10.0
635.0700657268886 941.0013102255803  10.0
10.380134895896953 463.4421499232971  10.0
551.6849924117568 133.46405827459506  10.0
467.1253245834538 206.58305925579313  10.0
625.4154297229295 392.84240502619105  10.0
852.2224503924211 525.4475526069309  10.0
770.1470227098666 521.8581140180539  10.0
380.35771264525533 945.0935680866547  10.0
57.38403647595691 226.644544168221  10.0
66.93150202039577 837.2699306179535  10.0
42.69725619159181 787.5138263791255  10.0
510.51167447023727 346.03653700716796  10.0
730.8139094381394 711.4834502824497  10.0
63.2121241527287 133.9038448677835  10.0
225.03497521143478 116.59217595394588  10.0
220.32572123092208 441.1982361997681  10.0
123.26579774740598 841.2001569709719  10.0
92.76766131648418 835.1484096009739  10.0
20.79826018351294 45.88196904152486  10.0
639.361748943695 940.2272893732451  10.0
59.0838680020932 381.18514920073864  10.0
930.7284812888298 387.5730268058485  10.0
320.0888078606141 631.4408940514535  10.0
92.51082995991 198.85149377152155  10.0
7.423713246981767 112.97799503932404  10.0
732.8993711203473 828.7119765138522  10.0
778.2921565799026 4.504697305933503  10.0
597.8961359301182 130.02682308083337  10.0
294.4038111837962 218.0876400867535  10.0
917.4818782495865 577.394432256639  10.0
45.34951940622023 381.07061257750354  10.0
406.8289743115593 186.92493849781732  10.0
764.5369547747189 992.440506635797  10.0
168.92819903983192 704.1158786287573  10.0
305.63771295127617 841.5614357488745  10.0
808.4744159526587 796.6651495161145  10.0
676.5974668770241 332.8621426092689  10.0
911.5825800444146 185.357239454633  10.0
38.61297301773392 446.97637148566724  10.0
671.8825181764125 873.6973359585056  10.0
869.0809232430622 686.9988396004201  10.0
850.7665139565731 895.7581479931305  10.0
160.37542051797382 507.9349762532379  10.0
448.04165814930764 291.7419441755391  10.0
480.41230728240726 408.08534504457407  10.0
428.9640904309678 342.05040690806743  10.0
956.310080575247 73.02036182129123  10.0
604.6099437047528 443.1935167836092  10.0
759.0589409407861 705.9652145079629  10.0
294.76365707298214 392.65785337112726  10.0
464.9607637715838 952.8280357415268  10.0
715.9812238582523 264.8936378954404  10.0
748.7044801710543 635.7696981539169  10.0
132.21224764046158 506.86914641212456  10.0
223.2931967379118 846.1264758867964  10.0
681.3417481396813 359.17990967813205  10.0
883.6401926909666 815.6616254159768  10.0
448.238493169772 217.48943111274355  10.0
533.5035545885512 384.5358676910795  10.0
793.3738107153827 89.1169837527499  10.0
779.5297543489394 815.0504427084023  10.0
165.80106166669174 870.8773148023203  10.0
661.528655735675 162.13109372817635  10.0
630.2626295911186 776.8160174014566  10.0
754.7038935512669 404.68472664261725  10.0
120.4180515013773 878.2733855232699  10.0
627.4139194318382 66.37526270739313  10.0
993.6627149122091 383.7487643606872  10.0
867.1409189063102 110.0284244376094  10.0
807.7343468950149 982.3263428462819  10.0
497.6957563580936 476.7901729979218  10.0
365.2798797943464 301.96240939603547  10.0
502.28972030943896 759.3269130248285  10.0
979.7825170995885 292.72326187552557  10.0
339.9540977250287 147.76970718755055  10.0
604.7253339659294 135.10176621929438  10.0
796.8912562725085 967.769404207084  10.0
937.5939919868964 94.83012757921416  10.0
249.69181516062778 841.9426496449493  10.0
861.2979764025052 598.1447020741551  10.0
433.95461853274855 749.1537203167577  10.0
617.8165054301771 685.2487505038414  10.0
109.69684861100149 30.490931041750045  10.0
922.3510515626798 914.7571030772021  10.0
594.0444690558094 696.4597069625142  10.0
820.994174116031 738.1965213823984  10.0
992.043593362213 226.82990356237653  10.0
470.899650484534 341.17401105051226  10.0
98.03553068590954 422.73761278362764  10.0
179.16644903915534 956.6151529477906  10.0
362.88978809233663 770.0564942956474  10.0
975.1251393955196 695.5125679296606  10.0
26.490680688671663 203.7177698563336  10.0
710.4420465472585 11.914709999572558  10.0
500.22486646611173 124.57169897507747  10.0
182.43285553384237 21.423554945632972  10.0
350.8188127273275 13.547628999842631  10.0
58.20438676131623 26.259053683473255  10.0
784.7263494574522 12.28382235544656  10.0
440.719160284886 764.9874532370915  10.0
361.36874084639805 395.06238676887585  10.0
762.6045344798246 101.29912769170313  10.0
773.8803526708859 943.7982195874038  10.0
319.50434579287503 93.7614331118819  10.0
927.6154525645615 855.9957575692595  10.0
161.99792452305383 647.2602197940977  10.0
219.52256978034634 965.0004142642526  10.0
253.58740319494643 236.8835040880346  10.0
875.5947983862992 732.5367775061511  10.0
771.9813956171805 516.2894550447302  10.0
438.95581380697024 685.4383549532683  10.0
181.87917098956996 975.1398827558604  10.0
17.742991889257432 711.6391561485309  10.0
239.68639009120662 193.9698105362454  10.0
699.8005295083901 904.9102612025948  10.0
404.0697450266142 659.9022054721628  10.0
620.2971641591081 453.48923418288445  10.0
220.98471682667454 552.9069005959645  10.0
528.73445545872 404.66433492613794  10.0
127.78676548854784 389.84048646597626  10.0
343.4132498712994 5.538951381001911  10.0
778.2633978347595 922.2947254384649  10.0
104.27769262953346 719.6165273871794  10.0
428.9006337134277 224.31823230001524  10.0
939.157292329286 949.5098754042388  10.0
146.42431789791254 477.366788630878  10.0
143.7794996120625 957.992570627902  10.0
597.6329389530342 562.3759038398869  10.0
242.52666082546548 472.77494173832366  10.0
964.7655031244417 202.6384411094828  10.0
944.7627956194337 984.8006200277454  10.0
93.12437888480574 66.20912922467048  10.0
240.65715587570602 805.5235902026084  10.0
322.3997106003008 932.8473413915763  10.0
490.7831160922663 535.5406795848775  10.0
579.1183720145452 758.0476429240803  10.0
255.37262235355794 715.1169706795871  10.0
214.8671773382158 225.49770345668196  10.0
781.9577412761242 76.55720875776683  10.0
763.4166979426151 169.34142143103915  10.0
524.2328002058754 999.0393728951597  10.0
259.59818835667556 68.9147674556655  10.0
800.3215712307974 478.44085149314174  10.0
13.763281674207706 671.1602365440408  10.0
715.236248842781 167.85208350888493  10.0
767.8821109232412 679.7159023292925  10.0
770.1659221253168 818.8859023441586  10.0
972.8125101004703 364.7127615120005  10.0
160.33412703775963 759.555817894121  10.0
520.9991284894072 893.6044551198356  10.0
623.5165118048759 881.4094577556458  10.0
644.8382787874584 160.89157765584116  10.0
842.9113142535286 976.7683247480702  10.0
848.1705688428278 903.3924058799773  10.0
830.9067126260167 166.33877056269986  10.0
676.8399411328619 927.7504179051922  10.0
424.39102030791963 588.1229160308516  10.0
853.9846187976867 348.15863586660913  10.0
7.602674822376088 480.4727781312377  10.0
806.7015740943112 834.8195552801924  10.0
845.1193320425165 285.29461723116833  10.0
892.9531485856699 7.448264426746731  10.0
955.4361823305168 421.82437434085017  10.0
701.060635691662 273.16603783522334  10.0
284.68558313796166 937.0599810303369  10.0
638.8563116084484 604.4201230334838  10.0
50.4017176782664 325.8492244752057  10.0
655.5423465306807 980.1047898532737  10.0
516.8351671020325 431.79680487682657  10.0
346.530814077488 471.84805284720034  10.0
136.1740970539912 489.5679688918292  10.0
880.0162207278132 247.46666240957126  10.0
944.1307764319446 49.83005631339865  10.0
153.75846804802373 84.88238645479163  10.0
333.70241455174653 739.9875325801213  10.0
341.5304451841138 342.3299969855671  10.0
847.5185464159533 557.0302093160915  10.0
520.9110192305667 714.4781569789051  10.0
427.0372602077588 663.2279915986704  10.0
387.5812105908455 519.1218970106156  10.0
635.9551536309382 461.0703178388801  10.0
156.00742350252673 705.3958066140799  10.0
735.5468986691197 60.76145110820108  10.0
622.3722684317382 251.9951079107654  10.0
131.25214643536088 121.74806707616214  10.0
22.84024150615016 132.68115384861756  10.0
632.6788888224064 449.16869308721687  10.0
758.7219291231257 566.3874083471592  10.0
173.29399709853965 656.7788976688998  10.0
279.8269750780697 840.5303094726903  10.0
121.42343472013594 669.8204731297739  10.0
418.27288731565193 598.6689736392003  10.0
80.78572818253771 834.4666296310824  10.0
247.24270942286165 117.44645709370648  10.0
126.6344787461926 924.8891275548968  10.0
102.6618436296135 762.7847109125375  10.0
752.6866549716692 394.6578525856946  10.0
750.4904584706115 511.59406159957257  10.0
414.36520733774574 806.0970349509456  10.0
808.3045547167854 152.79725793501865  10.0
445.48650634785605 489.3861589095695  10.0
437.06533146172575 540.2572946309992  10.0
298.3737194344741 132.6083607942472  10.0
7.45310955744416 60.23714599176655  10.0
511.4799518167773 184.6125385303693  10.0
914.8687021321525 297.308590680779  10.0
543.9555056208759 664.4697426462076  10.0
968.1812650511107 735.1664818642038  10.0
633.1959684463968 214.4683770535274  10.0
809.5289083241806 212.59381740737837  10.0
129.25880850744343 8.006933164088291  10.0
635.9543184347618 769.8620457671469  10.0
339.1382020826836 429.40698108162246  10.0
88.38438772449997 467.1400557371601  10.0
774.2390578310661 279.5829913744359  10.0
549.4396997643224 734.0244359802809  10.0
835.992719351205 629.6701096569182  10.0
248.78569559830433 818.092555298963  10.0
397.40886060237443 344.1245849589305  10.0
513.2145310251856 940.419283688005  10.0
442.45913344605435 725.4757411633474  10.0
218.37269020073137 837.286823512453  10.0
910.5396131205158 694.8227614114471  10.0
0.02641706396133703 469.85678878434976  10.0
159.8616715781479 415.3331746390609  10.0
64.98301135945306 817.362168004813  10.0
11.470835203468255 290.4141175167423  10.0
505.2636180496538 834.4160099388895  10.0
164.69621923841572 823.8919109026596  10.0
863.8481304591335 849.3232094707308  10.0
885.1839565560534 916.4488069659459  10.0
326.29115922910876 907.8199138111894  10.0
258.2695887729558 790.7304944006138  10.0
319.7332835860807 825.4551854613504  10.0
973.2963203476276 886.951725341207  10.0
489.3087073099681 1.8676241602926247  10.0
558.5873678006418 751.491425902865  10.0
991.6775586132279 371.4995845688901  10.0
222.13191785477693 152.88287270041423  10.0
796.386687279585 217.83001729781927  10.0
969.6466322231573 402.7685728232709  10.0
217.99020211461416 961.9963561756866  10.0
469.5249694182826 133.80334475305122  10.0
215.33702778668118 451.71497797131053  10.0
213.28952918065846 592.1534182598878  10.0
89.15964785749463 722.6986764408213  10.0
880.5127836132948 839.1532583319113  10.0
85.07447990297933 682.3085142804543  10.0
458.77436488032583 124.8460018370472  10.0
66.33128060718863 673.9669999808301  10.0
592.073883222112 95.54744375354052  10.0
859.124949545653 420.8979637564403  10.0
835.2199567818468 428.2372287203455  10.0
93.01039973989322 419.0480724438451  10.0
977.0679267660535 946.4957834668445  10.0
359.93704914815163 451.58364566927213  10.0
362.0800117269617 265.8685116452132  10.0
297.6464783549542 531.1456855877374  10.0
187.5334216363982 540.95388802169  10.0
766.6531971015319 241.08510973689877  10.0
82.80338635466155 942.175221164506  10.0
634.7550408207934 143.18902142495938  10.0
887.4996905256565 77.11072798662066  10.0
808.9962842893377 646.9482692457672  10.0
436.83676042117105 689.4199760110112  10.0
62.233276797726056 494.20513607666015  10.0
335.469184056695 617.819248123643  10.0
889.928482107322 803.0596656142053  10.0
155.12569112501484 178.22215192276224  10.0
102.52603504683067 436.2015565586409  10.0
226.72648955226882 844.0762620742362  10.0
109.73811443350223 311.3740704518525  10.0
214.2705567045595 343.0898866962151  10.0
885.2978009780459 155.4654442841763  10.0
955.6302704035178 62.95812325112027  10.0
414.2111753904254 118.76181370757688  10.0
634.4935883763264 964.3606692425359  10.0
19.26754711581613 612.1856486835579  10.0
208.04425501197875 36.41795609987442  10.0
339.543407914553 707.8818725957422  10.0
156.57298479140712 697.9569766765686  10.0
890.8623361069414 452.30347142603335  10.0
44.06377053399157 447.3510402824873  10.0
76.64944301825416 480.9871620473297  10.0
82.90082216833805 494.36302486199145  10.0
237.3459619519267 395.49894893173763  10.0
881.1939329514738 69.33463113583204  10.0
827.5251755296413 465.5682327391298  10.0
817.8205233117676 598.2290740904864  10.0
92.07905297686881 353.21852581335276  10.0
38.13554911368166 956.4481905589582  10.0
676.3194962161224 720.7414821713832  10.0
892.4004720154016 570.0092286585627  10.0
449.5667061603378 780.6504426473552  10.0
749.3354904744472 219.58048304554657  10.0
447.77193605651735 73.28836051856669  10.0
508.79988623584916 21.03934338321245  10.0
247.94996457358297 16.55426950813066  10.0
810.4571992887377 205.62978668690113  10.0
275.6720668961293 62.251654371964115  10.0
889.3833353701781 3.461132282229218  10.0
516.5974236153598 614.8505286852052  10.0
264.92797523431676 146.00332368453584  10.0
853.9973409094885 220.99512893303987  10.0
965.7398138581258 246.39854856798692  10.0
786.4531660409949 921.8769348744216  10.0
791.719291818221 590.8224358692147  10.0
593.3852354569019 75.6329172500585  10.0
192.7630172120971 679.7930899740543  10.0
110.7972742140837 403.21733782434  10.0
704.5159486182247 195.2392893905337  10.0
155.59619949501112 488.734571978523  10.0
522.9489338615685 937.3038079907968  10.0
294.07527604263373 474.0096945630138  10.0
722.4309867218401 674.2719246465491  10.0
88.6235437989733 227.21245883051367  10.0
826.066780516843 779.6786973810856  10.0
176.45254206004557 836.639282846295  10.0
922.4220020496725 992.5634728704422  10.0
535.1065401884688 883.2973699405998  10.0
289.3599979358019 630.0034010144572  10.0
71.75017637725966 579.7234009964299  10.0
533.5655976611624 105.47206487108241  10.0
236.70308808199036 527.5089543570197  10.0
583.4329697201498 662.2337350274877  10.0
706.4184264170452 542.2938179261603  10.0
483.3457661917259 817.8972607950595  10.0
307.07801240593744 722.5267917317358  10.0
828.9803076846687 134.41799170047142  10.0
257.2039827934016 697.083404781615  10.0
856.1128168594578 577.2500106947851  10.0
496.1632692265868 776.8687734732873  10.0
649.5144930858464 908.0155474099049  10.0
335.1672762034365 556.8225936010093  10.0
673.8689436642101 266.97146068017287  10.0
918.3465925180391 367.2827738982367  10.0
845.2483968784315 344.71793421254404  10.0
13.70626935456265 857.4528618322406  10.0
659.5367288422455 317.00765169140186  10.0
467.24438904763565 908.7579999736548  10.0
473.2887439577613 22.178462836282996  10.0
248.24275393682805 22.162582632596518  10.0
892.8667303533456 697.6459248591713  10.0
389.7154967483326 301.06226295675856  10.0
369.29697750118896 960.0569803167109  10.0
285.2275240033513 160.15207471520986  10.0
519.1405145187947 613.11932798131  10.0
741.7718296263608 930.711135841052  10.0
395.77356601471524 297.7856190866007  10.0
908.1205922308703 604.0337951625089  10.0
920.8254092469896 961.3854554803419  10.0
699.0422936056639 57.27588811559947  10.0
952.1221421429266 615.4621580100894  10.0
618.0028725774407 239.77415879400698  10.0
12.337078194779917 876.4857705017063  10.0
944.4462124242782 962.935647656716  10.0
531.6496425082121 339.27697882867045  10.0
96.47532444593598 133.08297966274486  10.0
568.0663030599922 919.891804264335  10.0
605.7323574115037 494.18076321509454  10.0
360.65878548330056 922.879933036957  10.0
548.502063826776 206.1570257183104  10.0
743.8261414084716 737.2443334773479  10.0
465.5400512290291 874.5730482856517  10.0
404.78900400902387 746.0935273384296  10.0
772.8534588802736 968.6837194636528  10.0
201.8757950770297 246.89202779211726  10.0
416.63847665776154 917.4696041516285  10.0
277.7622672188952 922.3784968299653  10.0
57.80566327796532 557.0114681930326  10.0
499.6773640062102 676.6354520366232  10.0
385.0004295455277 17.61613385822891  10.0
837.6898558283464 456.45792819620533  10.0
249.7527463243455 585.3926640889094  10.0
652.5417832913623 15.083101465867998  10.0
193.36681836074888 550.5161543346873  10.0
506.09642819266264 443.50657575726217  10.0
592.3875826057254 563.2056962040739  10.0
30.32002144838275 694.0253175223688  10.0
87.95811221435446 558.4824282019799  10.0
594.8176729594599 251.3111377700511  10.0
184.10789115563853 882.0622008713412  10.0
998.2962474645494 568.2326803841063  10.0
900.9890323444558 852.2766872089485  10.0
175.9276989552252 876.8081730796533  10.0
151.3036837410584 626.7059149188577  10.0
962.4385901453926 509.0848524538232  10.0
71.64275598127034 907.2439911857876  10.0
279.8524954846712 918.4055223785389  10.0
885.1822514885306 713.6091421664952  10.0
729.1642196797669 178.43625300021105  10.0
998.1607115199793 182.8479807221831  10.0
456.8256062318433 855.4938024113504  10.0
939.7869271027419 111.17330934009783  10.0
339.7748592218102 799.1249031833278  10.0
443.70452449165487 744.5133153049861  10.0
986.8424766015997 576.5540832522364  10.0
438.8660871727582 145.4397932424085  10.0
789.7188082114387 988.5304416951744  10.0
968.6460218965849 316.68135395703536  10.0
273.2694016235684 347.2678923093375  10.0
89.24840085045338 145.21717494247378  10.0
292.8361291244508 971.5877471053235  10.0
611.9418171372259 145.98561598117377  10.0
205.26370562055095 660.0360202618675  10.0
148.3807521434567 930.5312890868685  10.0
0.7426397896309611 739.6625024186505  10.0
294.2485991819542 303.4530266970018  10.0
524.1610286094173 656.3122800349705  10.0
943.6849091623694 898.3043507544105  10.0
337.5097280423769 971.6946685484851  10.0
665.4353278218771 304.63729950990626  10.0
478.9862984823947 63.15841834631652  10.0
791.3894346198012 709.1691479780968  10.0
359.79544458772716 784.0163139709446  10.0
369.14871942219474 176.59077957486758  10.0
306.2443458931814 835.4263383801937  10.0
412.49269485414055 829.3249325332172  10.0
802.5837939847615 625.2500876387282  10.0
947.0882473821191 350.58075021729684  10.0
319.14670364288656 944.9743323119626  10.0
193.5138714575424 431.3409896647973  10.0
720.6879850990605 882.6943726382042  10.0
855.6467362310334 9.456803044890938  10.0
641.4305251384843 8.322923445086673  10.0
889.6873484933086 407.8141691760403  10.0
886.1742256590645 16.601638636065786  10.0
317.57297474057464 768.5752207586881  10.0
870.926215872849 694.1570539365027  10.0
618.257580547821 501.78670872820607  10.0
351.8621128356659 288.75606785229223  10.0
981.3126728494849 819.1867724316397  10.0
208.02970504847508 102.08083627073982  10.0
239.53006047135983 807.8305796195317  10.0
841.0579437105529 401.75666713188605  10.0
610.6837034931731 913.1941310332007  10.0
834.2358395352459 554.0305986301682  10.0
473.3350673698774 147.70461883840946  10.0
873.6772136194729 615.4123506340535  10.0
277.5422149051536 818.1852161107042  10.0
575.8890284500254 489.75346305132797  10.0
348.56010427470073 74.49050629507038  10.0
788.9124548725856 156.65491513865925  10.0
780.0955917352069 121.64857454848077  10.0
138.30738958044086 407.75649361072243  10.0
833.4075346888781 509.11420120427766  10.0
74.60281049793971 989.3765191484906  10.0
259.5187685950432 513.2771991730283  10.0
445.4367569086295 43.13375038757761  10.0
744.033528602821 263.1586655552817  10.0
663.4615029608245 260.5975356330985  10.0
237.52994143153816 924.2669949827456  10.0
870.1906886986069 223.6767558335271  10.0
279.2246260122818 951.8746600048912  10.0
106.31739133935636 989.371352339848  10.0
547.581979172645 152.51607670369916  10.0
390.63273854548453 95.67513560201691  10.0
778.7681402900239 51.29514955727188  10.0
782.5271270863371 814.8322055847818  10.0
882.3258567175368 852.6312192086395  10.0
957.1572555100604 660.8132161388751  10.0
553.1726423890017 103.3602310261964  10.0
557.7136473723289 869.7923308762864  10.0
930.0022850562108 19.647681753646506  10.0
605.8250725945628 815.5691995258077  10.0
882.3947854813097 322.9585294252885  10.0
548.9879408230767 96.2946578451972  10.0
322.4178819418496 345.36866051438864  10.0
103.0100591104247 334.52301825323025  10.0
531.2287929671052 110.7912525756698  10.0
907.809742689836 569.5273551860735  10.0
867.1619024389826 76.23065743160528  10.0
156.51309735954456 488.9790955334268  10.0
379.01469809440925 225.96536516661115  10.0
780.6436248791593 646.5063562257295  10.0
786.7201633433816 251.60084848444242  10.0
478.29957093862265 242.3103447984427  10.0
11.321769882698728 622.2218703929217  10.0
857.5669648951462 5.932431594076637  10.0
937.1419796310583 451.4130597762134  10.0
234.01654510841675 213.42955203731805  10.0
