500 1000 10.0 50
200
198.8159759988225 819.1092933923658 10.0 1.1699609782917078 1.0558293584444667
349.55099657277924 846.497686085998 10.0 1.476215205431478 2.050578861237121
47.394105895788016 805.3683848984417 10.0 2.275991677745337 6.273927252828008
267.7366831191491 41.13378014885738 10.0 1.1697981303664386 2.7915172132747013
272.43577469514895 142.193431002421 10.0 0.6303392658199436 6.045751121021246
240.3772685899069 529.04913044677 10.0 2.283042753898917 4.848224965704442
484.5339855311976 61.35782233279918 10.0 0.5704082988125646 1.214402771554709
368.9372432745942 183.9486217776304 10.0 2.6165589808863596 2.221908497847971
258.21880781714384 672.8699436088659 10.0 1.2186162123989048 3.5673521200210154
442.24332578387856 613.8211618595942 10.0 2.203891018590015 0.11571030284163977
478.8397073877989 847.8628845039718 10.0 2.455118308703226 2.1446643254263704
288.7531268895246 753.0884921712077 10.0 0.41025990192881706 1.582178741634271
118.67762538180382 895.9789201366145 10.0 2.496781589978114 2.531348484847792
160.59264213896867 782.451761084237 10.0 0.3025656183874586 1.586385824245259
178.6149123824693 666.1546468675906 10.0 2.9008174093344294 5.247984285616345
448.1906769695951 130.34199269925406 10.0 1.9442406906502203 6.180691828417793
156.69125600126378 949.7134525683016 10.0 3.039361660507923 4.552880932075293
149.33833226220185 559.8809610483537 10.0 1.611460460483459 1.8101804538376716
29.87374940120907 314.6712293902034 10.0 1.4342089209311533 2.5752236837551243
141.5016056299811 595.258387008219 10.0 2.14624652957481 2.40050512098756
360.3691085590593 750.161807034807 10.0 0.13515595377768758 3.8535321262167184
431.21537421824326 791.4320942477817 10.0 2.748282634057036 1.8577965875623372
262.8063683027485 749.8882008187386 10.0 2.8276239660878364 0.9068522903569755
179.38670627779095 601.0569744984701 10.0 0.1245165660241065 0.47308087369311586
93.61796434014296 713.5059960710753 10.0 1.2822180230540035 0.7360053454829857
426.3358529688488 842.5493314160634 10.0 2.28509133476128 5.117483411559053
348.9474903373918 794.8451345208128 10.0 2.0929503457431107 5.492943890999927
65.40274472387591 23.19274389478865 10.0 0.5108797794694182 5.216261468632394
382.41216019749106 575.8763869587837 10.0 1.9229872866342559 0.3571318341824955
238.94742185726176 21.191533814943654 10.0 2.882928167987977 3.458721967940708
179.0481267616137 195.32856176504364 10.0 2.474555933422495 3.228666839201009
455.5723839377169 880.5783888666108 10.0 1.0716550955829123 5.842691918572354
46.76682491956158 810.862875147075 10.0 0.10540626317209889 6.2239840067043755
352.39485175239406 722.8822179801651 10.0 0.4796493121710411 2.8867116315783052
211.65036741731302 523.7109275605968 10.0 2.0385575870720234 4.95552969561892
151.19738458925607 29.46242492769635 10.0 2.714671146236423 0.5466560410477419
428.4142619308591 144.68194474852837 10.0 2.5169296066894207 5.271502177189054
482.28466412750385 798.4159830998473 10.0 2.9424608103180705 3.864656397783208
342.36537711146394 430.4461227506713 10.0 0.6947142924943117 5.516713525124346
374.87476472799943 329.9635789785775 10.0 2.6224966863414623 2.4622495541432103
464.18350440264 669.0002047062285 10.0 1.471073793055539 4.211894437264809
337.85296355736705 644.2209167377131 10.0 1.2161370002267755 2.2772964722053883
243.85446196042332 743.2210186652198 10.0 0.9474061636397093 2.938159561077974
79.71620544674185 785.2615334481737 10.0 0.35701344488164544 5.001742127404195
355.08292728975806 51.4141845651005 10.0 2.957118134904753 0.9168838865102371
41.53636905110491 515.3774631889011 10.0 1.351867813000024 1.610907529871934
426.51323922650806 913.763280004383 10.0 0.8049046348325694 4.478780689303775
41.770497638949465 153.44379406657472 10.0 2.7981629475486614 3.963499853332681
81.08601687648859 343.5863078911221 10.0 0.5096051724894071 0.7885423930285068
456.74602559421726 561.2935235003632 10.0 2.748604605266849 1.7922482198112006
269.85903358142093 312.3055528101877 10.0 2.4088767572875 3.8418352159036115
485.6491974878623 532.0089122369909 10.0 1.2133306683294265 4.152838277237094
11.620264303718708 887.0370358878321 10.0 0.14099328242550155 5.862083175318034
173.84480393323892 84.03564559481947 10.0 2.7175156234009727 5.527160458743307
274.62128000439833 869.7057816573492 10.0 0.2558099795748111 1.8040913767425766
493.3553155986724 415.0258608411939 10.0 0.5679796382302925 1.0910272288394876
361.75919425337423 816.5934270792961 10.0 0.518885640062243 4.914944730159727
404.327580569601 519.3166397743942 10.0 0.6660144102711 1.2981179703562673
285.5351233048849 567.2239019323365 10.0 0.8466349088988242 4.289340467849568
446.31520741184255 722.9497497429619 10.0 2.1173655082270653 3.7858936959728617
244.11748781189024 661.4939416961748 10.0 2.21526366725641 5.422869713733933
33.204705996116026 640.1393886359353 10.0 0.33056508520166905 1.5605404866203163
434.83809878573504 273.95451231992854 10.0 3.078711417638778 1.0278467094251662
250.6135717653064 305.09372452733965 10.0 0.5403894135280654 1.174649027870279
66.44926284266029 544.1492597968959 10.0 0.47463001387811005 3.6904235013594517
79.58847118628104 483.09684394743925 10.0 2.20428152898829 1.0493865575364496
56.46999462978069 431.916265104742 10.0 0.6412358934543038 3.341554255965581
95.43150172619686 414.7571304320955 10.0 0.3279772216212243 1.0442423080969023
24.949463438690145 476.55964211515453 10.0 0.7709708111685276 3.1116926331348096
315.4828517331721 497.3283669477687 10.0 0.29648935787715086 2.8508832926696304
320.97578797634566 88.79690885470504 10.0 1.7016793652028788 5.966565328793038
494.68779258306785 657.0099489219609 10.0 2.731300227204555 0.057566506447099396
443.25836218074693 254.38839404948365 10.0 2.1756647994540206 2.0213490059657384
292.77628004347866 416.1322705086372 10.0 0.5030084321237919 2.283648239475359
341.11173291880317 778.3551830299506 10.0 1.480607878499237 1.718187846853726
361.8832425029999 909.1335292573909 10.0 2.53974441057141 1.1244494781393626
207.16923108035735 448.69160415824996 10.0 0.37261860598862273 4.54315384629766
28.437568521259504 351.2345557082759 10.0 2.467692767394349 0.8458340096644632
498.15452964266063 748.4785586887529 10.0 0.39186828478219665 1.8746640158976051
368.14817309629615 713.717398991008 10.0 2.542609682764795 5.86079545399394
45.03907317423717 995.3040752036889 10.0 2.4666459069698683 1.0288262120865395
97.91495021380553 609.7141333894283 10.0 3.054692338334146 3.1044071137204066
238.91371999049449 36.89724997359711 10.0 0.20389704060800523 2.5893188492601253
333.49303205302874 644.4124886678597 10.0 0.12144739595044203 4.1270283587110494
403.90254515531177 881.8816340094934 10.0 1.7488125087304671 2.9102781858796933
386.73827044722424 733.5838825011599 10.0 1.0110833322288328 5.951338636644871
93.44706730986341 894.5547720488672 10.0 1.7840974106341274 1.0036861418956053
401.26214118137017 144.34064406961556 10.0 0.950905099127639 1.48653953456848
171.28894065516758 432.5996040651178 10.0 1.9541373434343303 3.1599183831454383
250.3242586712283 262.0284020412521 10.0 1.2490712047571586 2.2178539724721746
163.47921488213595 56.634412190799345 10.0 2.8554883963982465 1.371351432642858
245.7905041660331 337.16013543006306 10.0 1.688616437335239 6.044324045740908
492.7423869148368 690.5074483273802 10.0 1.476259009441421 3.7306912680437536
331.98498854654804 716.2976891893774 10.0 1.4690074814453753 1.7883369395048825
331.5233062825559 361.24218772440787 10.0 0.4780147223774964 1.7677340407670399
63.26387148720441 310.7876926131239 10.0 2.9151918392394167 2.9401402413765
435.04502760120664 397.53993239664874 10.0 1.9417175124057726 0.020112069357772867
289.1393735380653 307.2572577211191 10.0 0.3931272809545279 4.240439508015385
440.7058619694785 215.74582142080635 10.0 2.966906040478502 2.226513375645733
95.78178310320051 373.7766564714571 10.0 0.4880317940388144 1.3191929603940071
245.1435158693097 72.18420457058438 10.0 1.8739420775600004 0.898111436102144
177.72789545405442 865.5943763278689 10.0 0.9064706366680053 1.551216335774317
195.29475191529656 410.77023354382214 10.0 2.5534006501244697 6.028363811569334
438.6238310407141 784.3514177490047 10.0 0.8620558436387435 6.125486923241277
454.778426515014 684.8033366678246 10.0 2.150484016507594 5.758874663397886
244.83037594172518 494.68068761292204 10.0 0.25100675502560743 1.4445033886471512
31.9302083996994 781.8491407639739 10.0 1.4648154934034274 4.7172232097560025
380.71903385923343 452.09803176876795 10.0 2.2578830816498185 5.82403571987771
80.81698582417418 430.6160797524472 10.0 2.83314120644818 4.5701206990522465
379.4868691701638 446.09093209229076 10.0 0.25968227098189356 5.406097870116117
211.55912855971732 218.73281409387468 10.0 1.8885727576427724 0.25116584496342104
28.318282011440598 112.31121007149447 10.0 2.938521863886252 4.32626210201055
171.28879501798798 100.33279750631097 10.0 2.3665488673137527 4.061414193007261
471.7217837340909 717.7780379705542 10.0 1.5020794589276025 1.0569964605569084
382.0722978928096 522.3523013188653 10.0 2.231683698212124 4.5976244211495825
461.87000683649114 472.9974282349503 10.0 0.4662514117661152 6.012401174266277
447.1247074820418 548.4478231184348 10.0 0.716033361524482 1.511693266831246
429.7709767334061 874.904464933037 10.0 1.762036389934229 3.4422147540147976
361.6448886155767 609.4397339432678 10.0 1.24648556362229 1.0649935545894182
176.0988459434674 834.5344553475857 10.0 2.3600495465158056 0.9747971775981932
289.5988933066565 759.1877703048355 10.0 1.7323393103720472 3.525386060364243
105.51211432645158 593.3296305909637 10.0 0.41802491738954795 3.863515812576892
392.7800875917725 564.8049645214189 10.0 2.168651135873627 2.459101216290686
53.287569480615474 681.9869102558207 10.0 2.6004718365721935 3.8891679928757297
323.47393095105184 10.116357252369479 10.0 0.6060635306035167 4.974114549033135
378.098041711966 425.75382936151874 10.0 0.8723047868295435 5.326829514279146
117.05570854329744 41.26840771361295 10.0 2.7303020489579106 1.8610250417986356
119.76202514649775 750.0782245645621 10.0 0.9510022881658221 5.142169404329528
345.84911602113414 633.3954976174211 10.0 1.9648895257313637 0.36061586857424827
145.7933748812737 290.5182340008844 10.0 0.033280729330234425 3.2326944533419035
20.57409774326563 507.25012231985676 10.0 0.893358505505726 1.3802198361203637
335.57923232822094 60.818841027596605 10.0 0.6932268592883944 0.7196681246430713
350.7118120722632 874.7023084021448 10.0 1.0693795202147987 5.61373271247501
476.0141465026475 183.06118095592706 10.0 0.9793763928670839 2.4159079892499884
100.11503889321288 842.0152609513086 10.0 2.1659559927229535 2.644028605893668
167.41868869667402 433.7906547784425 10.0 2.0545883853007645 3.466353052502299
399.1920110750622 349.8028319203902 10.0 1.9347527300538496 5.491472325544729
163.5706139712624 610.0307022816324 10.0 0.10974031518148505 4.5609402641331895
499.99187697657345 778.5756116679161 10.0 1.7983935252984427 6.147466220446624
194.67666201606932 969.0876303464331 10.0 2.3242980229798396 1.1591634665134272
85.51992845562661 598.7815703330538 10.0 1.6928136425910427 5.662913616137677
447.1131960971285 246.05343078415964 10.0 0.6180618563384085 0.5506289904525471
369.61066364803935 694.2474625502546 10.0 3.1196685452222837 3.7553135105066215
498.76370931165445 2.9127062167421114 10.0 1.0866069564295646 2.7662058608852345
348.6868152493556 237.92761506382243 10.0 2.455088899650096 4.1149974636989635
133.78147510106746 313.1595282122239 10.0 0.4532191259777467 2.3056768668427523
191.7325439509303 248.86575195266082 10.0 1.3287651537389968 5.197224475504412
85.60526320811412 35.83109869305845 10.0 2.717455303073454 0.10356202422244085
379.8088271809252 209.27681230176265 10.0 1.982484429734362 4.406311511406292
382.0564166556351 182.86401647642126 10.0 0.31985146945047827 4.159207014372888
331.43918692218773 370.6543628766321 10.0 0.2849362529947735 1.1664770065521561
91.34537857091718 133.67958037981808 10.0 2.007333876717117 5.111213460442742
375.1940065497556 627.8102998668828 10.0 2.4313732227929 4.794427697659169
392.81566268466776 700.9043554343003 10.0 1.8737268889038443 2.5716759326077065
55.801345766670565 89.7528520371328 10.0 1.0359245142527322 4.394033493766558
21.253620824159437 301.1322175717304 10.0 1.6050419188596525 2.5268581763260305
385.11252220729546 726.3091844706702 10.0 1.0477965693966347 4.077490984157016
258.5919229984864 734.6342299882793 10.0 0.8242936371738122 1.9295122407035274
274.25059602952604 719.3991144329095 10.0 1.3540289147405646 2.193503533294131
271.83501026322404 327.92233558260074 10.0 0.02128660458207614 3.311585414412644
8.269806272964086 397.86557543843946 10.0 2.079687753431128 2.158917587004279
221.03455144643198 443.0735837493114 10.0 1.6479523462569148 3.2858898139101878
249.65413628263673 884.7687508306154 10.0 1.5676284947264905 5.830972908354105
186.14313784625907 607.7205853535805 10.0 2.0284013985560527 0.9070707337732695
181.98306815119946 836.049758826656 10.0 1.212431857003971 4.759974632686096
86.57421345447885 769.6149365192005 10.0 2.075771521191436 4.317968027452705
30.09277425972312 899.47020684017 10.0 2.5509964638895197 5.082548426536304
392.2964412886016 429.66947641929187 10.0 2.761498371085668 3.1118894926911542
318.0607201883256 772.7337876067155 10.0 0.6472257923846593 4.005911803877333
50.29067102495416 657.3859185363431 10.0 2.3335165966147926 1.0758213810901778
351.3419606043614 989.6964807934771 10.0 0.5847934267085082 0.7672147948595375
175.19751107498777 242.57396644989504 10.0 0.4989248118892269 4.488461024265385
34.38506887181691 813.5711228367312 10.0 2.9859598001520533 0.8590874703475375
177.98372617655994 487.2681034412822 10.0 3.0056776716951057 0.9478371673219858
260.0560378689791 866.0330055457308 10.0 2.6491848394536603 5.29925873759919
131.45558657703117 391.74845754638744 10.0 1.9937092105056884 2.9731853334158385
232.19807413157412 371.1326312951325 10.0 1.2013800316999739 3.425646247938717
296.447244593599 238.57196859871988 10.0 2.51906953220724 6.00187560986625
207.65554457734652 142.92172655104918 10.0 0.8885255558657913 1.8354851581039995
357.5122236495189 828.5199087164897 10.0 3.077237359682212 0.9995079179465687
269.09021027082423 695.6989023231729 10.0 0.8208473344698388 4.277338532603707
41.94634516608331 872.3683180521141 10.0 2.0999869747224675 1.2597125513525005
364.9176823839819 105.78142836650251 10.0 2.066187887552518 3.3888915260195747
420.96994371571964 292.3872954991178 10.0 2.6546216666663516 0.5586941854404008
477.69253656006356 503.7086678095094 10.0 0.496265652970947 2.761928530718226
316.8977069919501 437.47571362544625 10.0 0.9261538485993059 1.3118393799346
407.2698755499551 325.7844213432428 10.0 0.4829935319366258 1.4220965849129337
365.12415863963685 465.8372751764102 10.0 1.3970785950621225 1.6230885711380154
280.07178750423793 703.8634966802065 10.0 1.646014119378143 0.0455606425555589
404.75297521493417 399.104398459895 10.0 1.8938202409312819 1.3345803093642143
20.78650096618606 622.2893575367373 10.0 2.7441964549583244 1.840856390064345
496.6981366919193 601.8161097273733 10.0 2.410073106386431 0.7902671544264664
147.82867277296614 720.888860751714 10.0 1.615789567315069 1.4446015626898328
493.085291775129 690.1561988953567 10.0 1.2964681657430437 5.2971227258965525
378.88868814139977 872.9303471994588 10.0 2.273254714442374 0.7328164687095815
206.78109529110478 123.85783907256598 10.0 2.8816561648619357 5.856047088699479
157.89924150748396 916.9513707811416 10.0 0.20348974814610477 4.055811254294338
354.87901440217144 985.1809485891972 10.0 1.6850357296222989 2.553162507047533
339.74728973757584 171.3623088008085 10.0 2.5325608655095775 3.524055564593732
74.96945404781086 698.8686822580801 10.0 0.27293994989619935 0.3429064170031921
