1000 1000 50 10.0
120
646.0976819535557 955.9202019457318  10.0
325.9439928353177 592.3714586399001  10.0
661.2007727565393 528.1006108688331  10.0
738.5193054549761 602.0593720263164  10.0
799.1495285643448 74.69712207885782  10.0
33.37001612441137 852.6371262921745  10.0
520.057583409909 103.79194604177688  10.0
31.024115003025376 570.5225400381421  10.0
964.978719274918 928.7012452693746  10.0
959.5472036132662 262.9859301240729  10.0
49.54750145409825 907.662685285058  10.0
409.156761952764 453.10785334924606  10.0
313.81593591063506 945.9215174450354  10.0
579.4248915093291 162.38020699942913  10.0
241.93961934923635 146.96490007011053  10.0
5.867332348472809 957.8760141268888  10.0
156.9687011057257 117.8172266756553  10.0
359.943411292872 639.7017858401297  10.0
468.8501635510598 582.7244665921878  10.0
104.96821587383498 934.4855958966498  10.0
7.849840341300762 640.2184784992032  10.0
760.1648244156494 881.9433413690756  10.0
410.9537990018497 210.46705897212337  10.0
276.0607669077232 954.1042477264847  10.0
45.410706130305066 962.9793048458354  10.0
556.6598637905382 330.5661166639607  10.0
751.4278712052497 289.14981761535296  10.0
477.296655610016 168.18965011064114  10.0
765.135557132807 689.7894645327976  10.0
841.8076434249386 149.9304571310167  10.0
543.285824068812 284.70473021202594  10.0
598.6298687558425 75.04615293516581  10.0
852.7531012801146 19.551011929573427  10.0
292.6639860202652 761.705304209941  10.0
410.7560801268857 544.6002136221623  10.0
168.21559198283796 73.06371508544352  10.0
565.8215584382087 670.7262654609127  10.0
558.0550267478569 449.16300946277033  10.0
994.8624350631839 769.8268223709783  10.0
194.61249196335427 929.5451133304044  10.0
158.3437210755616 480.0630513814408  10.0
861.5520696835052 285.2655950061759  10.0
303.3624692124792 600.7137433616875  10.0
367.44430979124286 544.0278239770004  10.0
133.56775006764053 117.10383213773979  10.0
167.98416884641233 888.4488134893616  10.0
875.2001546206324 882.981905673353  10.0
89.17727664457131 635.0068355022319  10.0
360.1304150711644 605.8845276963791  10.0
511.1443134672329 760.0101112252992  10.0
919.6288101651185 430.44029799587435  10.0
60.669464179570866 228.96441567671778  10.0
336.6989859869906 595.2297211101717  10.0
330.3460098059765 207.007048843158  10.0
840.1606354693183 350.7315386365194  10.0
393.14831994685153 80.61348626785569  10.0
140.26759832560842 569.0502429656484  10.0
913.4859975833923 104.57196269469826  10.0
803.4993113888667 250.5330298797658  10.0
469.27282066015033 403.26044257205496  10.0
843.2649918981118 438.04946090557763  10.0
294.2695729716471 1.549592745838324  10.0
263.6117562422927 886.6199129982149  10.0
25.936098727876278 538.1940038088645  10.0
434.62927428327504 204.2444402328768  10.0
201.25493421075436 323.36366135184136  10.0
601.0950710788296 79.19608864111805  10.0
181.46531015384537 442.00599868169866  10.0
530.0063626244431 639.708428449613  10.0
906.3724481018577 676.0185549526262  10.0
287.9954858619446 953.8996008546646  10.0
379.87454706340384 120.75076899553616  10.0
406.22817988995484 170.9406136706011  10.0
70.57530559789105 505.1428455952879  10.0
238.2348555737289 828.8884929983784  10.0
474.8273170921744 389.8489391741002  10.0
145.22687917120115 410.2698109309734  10.0
934.2777851176859 613.9801114163364  10.0
253.8016298774083 313.4136349774489  10.0
425.96459405930034 588.6423761279258  10.0
922.5413137130656 25.69773575458656  10.0
450.23743534185246 294.2341729703507  10.0
726.862061409949 434.28444379082896  10.0
330.2551484269344 128.50594575479212  10.0
725.5721082072387 890.5888691799272  10.0
206.53723965431558 73.67443550555575  10.0
7.948062251959986 856.6339744631825  10.0
761.0237074824344 3.422897974506678  10.0
36.741481987926264 704.6125363574774  10.0
237.32418574654002 334.4075525527639  10.0
100.37804734157329 515.3896684389642  10.0
637.3139145153307 641.9297175475168  10.0
266.71414240753967 527.3435547146935  10.0
68.96044410935664 305.7221514600564  10.0
591.0669285103405 223.85585652710495  10.0
96.24185299236643 729.3370416113368  10.0
972.8353766801487 915.9282286425478  10.0
599.2433628625879 185.4124115565511  10.0
977.8815159514442 75.81423641935636  10.0
90.9965164068075 879.1324886348467  10.0
147.94277222899188 608.2211004760527  10.0
657.3505795049311 393.48682579569805  10.0
803.6974833476789 707.5488465538674  10.0
687.1436529069965 282.47196247155006  10.0
114.70767147408434 942.7994209872335  10.0
342.1664495837178 212.16856986080134  10.0
257.3143844375014 736.2014359720763  10.0
279.88891089493217 714.6657008949378  10.0
810.662694238669 457.26118874721953  10.0
486.6461450210715 316.09366802217664  10.0
151.38479529021552 940.863789193394  10.0
204.95679665623345 527.5649840965342  10.0
499.07151566693864 356.2131776835423  10.0
845.8735103373738 946.6129997490333  10.0
437.513749693628 2.813002613314408  10.0
465.74164588375334 506.75610780590216  10.0
190.7971657765507 790.3551523665944  10.0
856.4691114649469 734.1047461474222  10.0
668.6849964106567 871.2961745918748  10.0
549.3866656707839 722.4677525800162  10.0
