500 1000 10.0 30
200
219.5820762657153 852.2987472003871 10.0 0.8030613153006037 4.628517590945624
300.09939944950725 441.31493879005603 10.0 1.6790437027267187 3.152729971752206
465.85201144919415 317.4176105919562 10.0 1.9275462085046782 5.8439387554229025
181.8373443981105 582.6488793775653 10.0 1.7389278273083686 5.640174162899034
395.6166158969776 784.8535114504688 10.0 1.4740198798037285 5.4411783803969564
341.515359031294 994.0834717080992 10.0 1.0539110265013738 5.82302043738589
224.0435239787617 119.1082557628832 10.0 2.1190497171339184 0.2968825640541743
323.64113023956287 219.4322347673696 10.0 0.8477497784437416 4.558038051506923
37.093966655655954 608.2601822337093 10.0 2.3768863238816826 4.363722222084775
224.82682669154335 613.140145785133 10.0 2.8985526813413607 1.749004524576558
487.7703316141022 963.5530616521207 10.0 2.5829263069861272 3.096405613941702
137.6104986023715 908.506515480429 10.0 1.10138576141382 0.07351716134678836
155.96848773899163 332.2297337562544 10.0 2.3852494499023473 4.227405854501639
360.4213814809824 332.35589149211796 10.0 2.195112242888063 1.7919361518655526
308.26298044504705 952.516560988047 10.0 2.4210467446353507 0.7410824087566033
172.5169691628199 20.062691271091836 10.0 0.7583888605198836 3.768088193565903
418.95312429179637 329.6649908734971 10.0 1.6490069018680216 2.7576681124938363
97.72026718951766 734.8362678136347 10.0 0.8695496572964866 3.685346948988989
438.6983787979775 61.95667150015072 10.0 1.4436819781383994 1.29969140989357
205.78514027084498 145.172474590758 10.0 1.6813168945915078 0.5965703811083493
422.07076193450985 695.5778530331588 10.0 0.06891700500082354 4.944343066134336
125.21799725240429 164.37779975363497 10.0 0.03516322854797552 5.933103886434947
250.35278779470926 237.27009343640438 10.0 2.773531691820764 2.9095774466977917
66.38390986359927 106.07276926931087 10.0 1.1936911328331057 0.9874407279847762
310.9087835037195 203.66274056973134 10.0 1.2812096972689806 5.002237595207374
278.7252186795547 659.58041339533 10.0 1.28046269631759 4.649600925899681
119.45787442545358 336.1939927619345 10.0 2.895653457551404 2.551213853241075
490.92086785782914 939.1063396852655 10.0 0.04988953669213893 2.05785612074124
496.5766827188203 360.5264496147952 10.0 1.7319043279270545 3.895520107771248
7.8145556112135806 110.61639319830729 10.0 2.864225363127689 1.6164176844967988
34.75991281753138 419.36372416982834 10.0 2.1400163985002565 4.258259226405929
262.93972963591057 350.3186631717293 10.0 2.9560291810984487 5.598235205125638
217.3668577093952 57.57400584127992 10.0 0.9691496755058872 2.735658158871515
250.4697267979339 138.65530273933368 10.0 1.813310986160034 1.5642971461647672
175.7821225239688 888.5270930929769 10.0 2.609956292025427 4.771960370589188
385.42099316476595 143.71119662617372 10.0 0.6462633100368524 1.720215180449781
196.1184763698977 320.5510013294078 10.0 0.1668631118992379 0.32724170732880076
465.9376948609836 197.94530848109937 10.0 0.35243796000374356 1.8220351206759298
211.7901326561042 972.4145532199254 10.0 1.41051278599029 3.7637930585938566
36.48565956017974 122.15078165253668 10.0 1.058736038307816 2.9909840818637963
143.28450667389342 656.7420047723857 10.0 3.016836532495178 4.286467209381274
75.78394791602139 400.5507799090311 10.0 2.5287546216057786 2.6066153793685403
71.46053833259364 60.26600261640625 10.0 2.7385952454955063 4.068818095471544
58.302072975866814 960.9352701920398 10.0 1.2262471909540782 0.248689800174734
355.7018560685059 499.82533559449007 10.0 1.7105485447474833 2.3252091702503117
63.150961988816036 563.7460542774677 10.0 2.6020012786114837 3.397070201406389
433.25262767591084 383.0134557462339 10.0 0.14028967157611705 5.071347726387617
229.19594314722946 554.0154824014305 10.0 1.9833888263084696 0.3201513127289581
161.06462367435813 252.3840902228345 10.0 2.988555453122821 3.6564210461911606
480.21969148610543 980.0655224273893 10.0 1.3285793902386906 1.1000316114902666
186.48317877350357 542.1203140978824 10.0 2.7627346832044655 4.950886077778423
68.96341275406093 332.8733701187796 10.0 1.0875045356126316 4.269203509645064
458.1005286209441 426.07327895179014 10.0 1.5804763317167647 2.8660120422695408
113.87429261256399 410.0097898065412 10.0 1.444840950809463 5.714934844875213
113.104449538187 386.0766319197141 10.0 0.357213065254589 2.363563096295392
427.3873446908406 58.056438070897 10.0 0.8817861694417661 4.715489474033095
102.45039903343056 379.44337887386257 10.0 3.1373351348952507 1.339681897250013
59.569889744070906 797.4084416831737 10.0 2.7699505349333404 1.242243896582521
40.185244983773906 734.5507868457958 10.0 0.5511454194397694 0.7006574011151451
105.95662435365332 583.368474976431 10.0 0.6553784606263581 5.365296755300255
388.25079990198697 153.42013151367152 10.0 0.8376822027844594 1.4217140216469908
453.40353749418347 207.43867494591973 10.0 1.64070952308063 5.7727379167451165
213.09511034471583 450.1972499384946 10.0 1.7297069616886478 5.499428169497709
262.78871163702297 92.71639337897386 10.0 0.4040287480837813 3.0641729573196255
375.4198333612542 904.440339295873 10.0 1.486072570719233 1.5800598881655532
112.38821083575051 487.3003850856779 10.0 2.532323181845963 1.421597221140493
139.39166866620724 358.12083512746693 10.0 0.48723490711062817 5.581479358784677
350.75515579330545 309.61340917817404 10.0 1.8541149306257845 4.627955091403733
312.64601824769636 435.24429414637666 10.0 2.143731207203646 2.00249286936837
332.9300356192138 149.54752209498434 10.0 2.5952034355173437 1.142662459068339
153.41106933713917 512.9969139549761 10.0 0.6617042586517253 3.892101288022291
338.81045685954444 179.3385534082723 10.0 2.0376632087110176 6.195580210303015
406.08029736360857 323.32420492750526 10.0 0.5436117410677698 4.915867271538787
97.50853224488925 978.075603526166 10.0 0.9440851066946354 4.237046415525
451.5615885440963 313.84813951992584 10.0 0.3903269336705786 0.651216802978707
466.52380799049956 523.7522554937418 10.0 2.9802991350713857 1.0771222527873912
183.73116872249034 147.0288546750963 10.0 0.019939407833821306 0.20370708507978796
439.5600997319357 856.7654368623387 10.0 2.854326516968848 0.7773276662646513
348.320303415301 966.4772549375131 10.0 2.739367260759546 1.0725651637226954
281.81415455681463 168.76828855467608 10.0 1.3738181198045416 0.3890936565837392
205.5630041057208 309.3247037043826 10.0 1.0982573537379667 2.2955672275916075
216.56449804014156 320.78331197157127 10.0 1.5866338464307268 2.956172876094153
2.9329255361805195 793.556202381337 10.0 1.213488488589821 0.5272309016740612
211.88827571039042 44.48199480553727 10.0 0.6448750664669562 0.5035651248294334
369.29737984188995 959.2130586050408 10.0 0.16632810101433035 3.239685000988688
41.33456333781971 330.53720915879904 10.0 2.2428592825800076 5.970018709241113
366.8167901112686 892.3715103562264 10.0 1.4056865602410724 0.5585958000218465
417.38201135154304 757.9546345850727 10.0 3.0082928072458293 0.983659944170646
61.91762469975376 510.80353809340806 10.0 3.0798721127026574 2.1801470489220214
121.50901838006756 768.2893431904528 10.0 1.2590747742558275 0.9599256714626443
101.6668852884406 640.2258921465535 10.0 1.8187909294054627 2.3416355627339747
179.7046605749794 138.65408998539752 10.0 1.9253413748832926 0.7487947711830263
406.8764396084916 260.0439176782512 10.0 1.8668642748343232 1.282827394022645
257.2483444697809 157.4250358412216 10.0 1.6465337996544316 5.452084366713408
218.2650892835466 547.4961075941056 10.0 1.402775383507488 5.8608986590966055
71.58643611059057 256.5518113215365 10.0 1.6705258775263585 0.7439966966589577
357.0067195904244 599.1059582593184 10.0 0.9241869016966144 2.667618880950365
247.13386773832346 104.3776561926304 10.0 2.7194652694807173 1.3422320885576675
185.99249982144266 958.3470509526059 10.0 0.8211547704922741 5.382386340144232
160.82905299015948 412.87596918851875 10.0 2.7458261144681857 3.6885235423967653
383.13536556464953 328.427777452218 10.0 0.029655023602119433 3.205360268999667
452.2699219101111 963.2099788607183 10.0 0.4380137473349401 3.477057355373176
263.0448447175499 99.10214677527274 10.0 2.158857709781416 3.2104846023378557
497.25952967107924 603.5208940624152 10.0 1.8370737591355137 1.4790042334374611
8.400365418362533 566.412309154206 10.0 1.7136572967116959 2.8874292174051632
268.5891434304649 222.85178878946533 10.0 3.078716255087192 4.363588525281407
297.3511486885848 974.2699569778698 10.0 2.3591857218444394 0.8892413079683735
132.8870041766959 955.1126916866068 10.0 1.6000789481716868 3.654178804046502
438.27090220199676 756.7819482084344 10.0 0.5789105177076497 4.776844770383827
257.3608952314434 116.99357614777495 10.0 0.9714581926313065 5.493273298239287
248.19532484162448 610.2270363301483 10.0 0.8102106736192035 2.4055107882692788
425.26269563843675 633.731250310125 10.0 0.4313751078379785 3.248677238854228
36.270627283922884 273.58964093697546 10.0 0.1214216182828479 3.399293944397884
183.90282286094362 956.6366417049769 10.0 1.82944755104917 0.19226457961093768
178.54111179931115 146.5570438262641 10.0 0.6602598596957624 1.1196284423003755
374.0430745696586 726.2883790077377 10.0 1.4934907727728615 2.5579531202660153
395.40406493709463 123.88610116766152 10.0 2.0747864272317504 2.4147812498868717
214.49553179920034 685.299396618015 10.0 1.2961129271896206 5.387287073105035
468.05994295397136 275.04605778010296 10.0 2.2916898411396684 3.8306933918718515
240.75605933199117 594.5622335439793 10.0 1.7248402038301225 1.424997433376216
255.28610737944746 248.0432337111237 10.0 1.2645465882147664 1.8796442402661842
21.500330083329576 156.879878982059 10.0 0.2354634887985892 0.9154129913083099
496.8620943026493 526.3342958111931 10.0 3.090118908944939 0.870271255323743
201.77039898166032 201.88794782473352 10.0 0.10414081102140303 1.4559098396411898
14.974678499147576 917.7339813548679 10.0 0.10977300215804697 2.222823908958057
46.68024113088131 636.1745989032532 10.0 1.2216703126413406 5.714011391697535
49.93081656511933 904.2238448404305 10.0 1.938319153552524 4.746628985321247
284.46811956120814 912.5046273985649 10.0 1.6074122689795254 4.173178141982176
91.50648803359307 731.5681706912939 10.0 0.36037410477900655 2.945239627231425
172.7239924644698 22.05354073024335 10.0 1.506626841232234 5.005939708272173
192.25973098165073 367.64293008684143 10.0 0.5807885896551409 3.401464881262374
336.62017167235405 263.5584740397983 10.0 2.7203908753289996 6.248256207425502
374.1359022792015 708.3848857708806 10.0 1.9152596798810844 5.467050656383974
52.9731926790265 293.29150870900156 10.0 2.8858423683805885 1.7985392305739092
364.69324664665555 660.2660897660302 10.0 0.2882057689390442 0.8667265872401944
278.96516384599533 209.76225748018385 10.0 0.9178599988326143 1.2382238788415532
24.277009563078266 978.2008554904749 10.0 0.8673781297161584 4.4148357700324
349.3526482229036 677.0555850929469 10.0 2.3343525457295686 1.0592803672601259
450.47015211512087 987.7909334931473 10.0 1.6757485381439043 3.949850145128067
390.99120778638076 340.7109182223125 10.0 1.406358102126606 3.5344849812845562
371.1487500914065 570.8152943009397 10.0 0.9127944010422743 1.9062149977765785
128.50376411347207 40.049110490297466 10.0 2.682553886419337 5.107876140578182
62.4703105013108 42.87092559683292 10.0 2.9628892494240153 2.071307331898904
379.92089411590786 570.8535622050993 10.0 0.7099133780786647 3.4173237249028383
153.12310644926808 802.0707119464248 10.0 1.9954930740007488 3.9912052016867032
166.12112917005345 2.3115084458162904 10.0 0.9204636192343849 4.516900503351395
301.1644990479308 877.7045733237449 10.0 1.3870537415205835 6.227910517567545
482.8994544998987 802.1216312545005 10.0 2.0766757119827837 0.8711670606929414
354.7766266980864 757.7703553369288 10.0 2.3162223407554774 2.391905275699505
409.49213302728225 273.67473656791816 10.0 2.8250892683751236 5.36161396216877
233.26735218756133 124.28065485522477 10.0 2.4835337509237747 5.710202027585374
352.38592016154877 59.213212066558384 10.0 1.4453893416234391 1.9216321559756508
389.6448218599861 375.25155984783964 10.0 2.7098036734692834 1.2307685305135676
348.23981236928586 712.875805407588 10.0 2.6498517053932593 1.712812595544061
341.09345652513474 62.279986325000095 10.0 1.1033378219091308 2.7951550748616607
474.7475412826606 597.5338935047105 10.0 2.091170095960064 5.768685803081945
378.6798736480333 622.6155241365102 10.0 2.395334181420949 3.92446272366134
43.26875874661712 609.3255215513066 10.0 1.7034896646316862 3.328440393444094
192.61653441152032 34.6331839455376 10.0 1.7132218547680287 2.8920732863568386
372.0572549486143 483.79352401084617 10.0 2.9727163597776722 4.707070188049709
274.41140284790606 275.6133222113577 10.0 0.2364475919293535 1.0840217164780002
63.91414385529542 687.5336411924972 10.0 1.4157951298369993 2.3050392164730567
82.2317868887329 710.7348012226628 10.0 1.0088795835692046 0.9823923378340926
337.0942947698332 149.25948752830664 10.0 0.05086158307570631 6.258768907336686
80.81030952686768 792.1880558959368 10.0 3.082430767046849 0.26199217792676566
83.29394795963229 334.1900243995601 10.0 0.7353110416021849 1.2111476644859043
392.22134012741094 697.3136996974084 10.0 0.38553562079913656 5.194088427503454
451.5479161027126 415.6661179572103 10.0 2.149264123636152 5.260884400213182
418.85583780694327 784.6734829641141 10.0 1.9202870946089858 0.15720471246532805
381.8641865678755 547.9023190717189 10.0 2.5713794399766767 5.313278419069048
424.92284378533776 996.9596308633556 10.0 2.712846304461367 0.1213208123276514
137.4242778482035 493.780304296175 10.0 0.0961789651378618 3.2982985431709873
187.80569756423705 589.6486217574444 10.0 2.2315453125271256 0.38335510209617335
9.177384955121159 111.58973499842074 10.0 2.577002697390741 0.8856218391894586
455.6011430559094 814.3061261170113 10.0 1.2680915030440536 3.8273508203718967
491.6564100475382 454.62350253726936 10.0 0.6738492727002166 3.224484484329043
72.16935108780864 435.44878677016453 10.0 0.16886667912223602 5.960692055387686
353.84411054368945 487.5329750775185 10.0 2.6840189696433563 4.426476941989405
256.02313989054943 209.86961278483795 10.0 0.09756426086025562 1.760840262364685
153.9173306050301 673.3498488403906 10.0 1.2826085074131472 0.7616202123129477
144.38437156585192 707.3328391349673 10.0 0.3710268219022604 4.539661624376252
371.69764137205965 935.080703671844 10.0 0.6959054768382167 3.710629965323398
338.7357279110694 101.54476367751464 10.0 1.4035097512176942 5.7713521061864075
457.6362776103367 745.7805900539063 10.0 1.138269151375652 1.4543357289411576
313.19596653143196 810.3066594601376 10.0 1.588844367069087 1.1795123237560867
222.16176692707361 351.01194860714446 10.0 1.4913029742864057 1.1643861959514072
172.04684944075115 113.75608762201095 10.0 2.368113962966479 2.6046040673576205
114.21807588663718 377.59482413097976 10.0 0.3081116083140576 3.286834484219518
367.7396699930724 129.60285046862796 10.0 1.9583361404743287 0.7261145657106404
62.82171016353871 332.5550403084091 10.0 1.1435755870209159 5.625217331344051
115.7097752369879 774.2658131255379 10.0 2.985338376999633 2.364180705814339
180.46561913827207 746.1762896712569 10.0 0.7226404784076749 4.653648976903032
367.3270281615479 588.8168110001102 10.0 0.359152844359322 3.762443927654893
252.19820423884042 963.0625143798824 10.0 2.075869748233839 0.7603568061931634
327.3103498804526 558.6380130173108 10.0 1.338656035069919 1.58573957377458
59.2054788737173 835.1166888756536 10.0 1.3091263626871605 3.12651287597863
126.93454326849307 305.69887590219304 10.0 1.7122775226478106 0.4237616611896943
210.72457867624485 820.3425364223068 10.0 1.132208548138781 0.1000860997106358
389.3574822175682 282.3589477163833 10.0 3.028226439402775 2.295380779423477
283.11663637860096 241.37502982418425 10.0 1.3841001147529688 0.7253096072680387
