1000 1000 5 10.0
50
966.8213284571852 823.1250381810835  10.0
285.4048911623709 757.3849048005603  10.0
342.57649759314535 852.3200951493548  10.0
336.7482257574085 698.9184925491992  10.0
950.7105595057808 852.6592492067864  10.0
261.31865564022905 90.77717705990406  10.0
401.88965328423734 238.2856598525469  10.0
309.4417965498496 190.9946970367813  10.0
308.40434364758494 727.1138349701953  10.0
616.0494978679727 801.6020732299371  10.0
212.99432640028172 346.13639441475163  10.0
530.669984667404 379.95290487757404  10.0
458.25638998476535 91.03622572600023  10.0
671.4638796751125 731.9816191035693  10.0
907.5546916338864 839.7440908076937  10.0
743.6195735178427 723.4605568777073  10.0
632.4543527871404 50.2454762282174  10.0
382.1483682568185 16.610435894686027  10.0
167.05036579931408 234.85476356014257  10.0
280.09621194087896 441.9579001700381  10.0
696.1660379100772 196.33888482589268  10.0
645.4155796852059 249.12336947227953  10.0
592.2460414527095 535.6863428405188  10.0
593.217171040161 145.2608829052403  10.0
44.871526888299094 996.9822177495045  10.0
424.84813387240285 726.160714249216  10.0
137.17530489478648 801.7630310533247  10.0
871.2200462257755 632.565341273603  10.0
615.0377493247368 243.38997281531329  10.0
285.0360386740586 523.0374333565983  10.0
767.7947761569822 461.3929155014835  10.0
455.0433679109516 744.7580851390162  10.0
293.29136736659177 496.4016734653591  10.0
185.1644742680024 404.9228400646122  10.0
755.46512952989 438.19477774087  10.0
32.33537115399987 397.94135655925976  10.0
259.2467189545843 722.5607987337073  10.0
629.1078350809639 827.4365236826284  10.0
265.4147075518816 407.0804314087946  10.0
830.5473868780746 177.07704978504034  10.0
47.14452717536055 561.6022730014181  10.0
519.686367098717 530.5672456697666  10.0
150.34256268821255 746.0990283416252  10.0
281.76775478250727 118.65663802066595  10.0
361.4580553478083 916.7549050640043  10.0
314.7415633063628 479.82065624392  10.0
109.31681098187762 0.5492698825371178  10.0
881.952906842813 561.3034563091234  10.0
931.6227951528639 809.2651101557852  10.0
332.68679665514236 158.50241565941803  10.0
