1000 1000 20 10.0
50
260.09774096138716 643.2424623878538  10.0
773.674285983384 109.93982951084192  10.0
594.9477974547573 788.1479301860522  10.0
749.7598706328266 479.36082715248597  10.0
308.1351270340098 227.3192086287743  10.0
788.1177006443853 860.6147338299639  10.0
623.9804920800393 682.5372557328965  10.0
380.5625956336812 686.0509527790896  10.0
280.07641281767246 94.3663528653842  10.0
785.3421509227524 374.53294209021294  10.0
626.905323241957 792.2271188804777  10.0
459.3472865254089 860.4901436484461  10.0
738.4146861514424 864.2461793165728  10.0
895.0939717814201 837.2880187065776  10.0
180.79591193526645 640.975678596102  10.0
920.3673899304372 996.6852014045029  10.0
353.31652477923427 700.2392636210067  10.0
800.6473568076542 679.9355919661695  10.0
862.9054382826376 824.776185731769  10.0
547.9097209348955 521.1324003048368  10.0
223.29391046066948 900.0183523335468  10.0
684.1254009797586 859.6797795767179  10.0
279.86524559627446 826.2498623499813  10.0
333.755260152508 926.3176949927703  10.0
152.9686356148038 137.56212863704854  10.0
926.7650712974611 65.91350945216045  10.0
165.30392987011265 169.43212233147597  10.0
982.1623283636022 550.2738897459476  10.0
173.08511099237123 297.4152128151145  10.0
411.78225684682246 855.5191708938966  10.0
956.0430560288946 981.3579546818744  10.0
535.0275843575661 631.1012583766511  10.0
837.9280528416175 92.70061564621024  10.0
527.4930386946443 971.3357966329853  10.0
507.0257949973188 276.8529354294635  10.0
339.8817109426902 15.357720254234764  10.0
85.30104001976113 908.2908219013577  10.0
218.34778566863565 347.6988905168924  10.0
855.1347048719496 532.9359652025822  10.0
833.3758233475985 149.22509887785685  10.0
694.222650483149 560.543863666849  10.0
681.5339407468337 556.9593918787086  10.0
192.0548385003742 369.24032503869864  10.0
862.9147273707232 231.35717358911833  10.0
625.4958323320225 915.0105681247765  10.0
556.8038880456994 700.8877945148956  10.0
456.33879563106706 400.85861852243045  10.0
519.0936202955712 656.3165053382045  10.0
780.3072262935383 553.5192724575928  10.0
707.1842941216066 0.8697697484536526  10.0
