1000 1000 20 10.0
1000
987.2062455289005 968.3503161590273  10.0
445.09303286211434 144.10030715656995  10.0
812.567300648806 909.8407383522231  10.0
719.9358000692553 387.82567330431937  10.0
732.8605769740923 813.3340904950172  10.0
620.0343384041742 51.44418322423117  10.0
578.1483604054345 392.26115696996067  10.0
379.14560406143215 830.3082021011834  10.0
156.09862536677954 372.44762537019915  10.0
65.96700635039609 823.3358582697944  10.0
923.4496911777126 633.0699304510948  10.0
419.25605021439395 814.0201590777342  10.0
63.100269184595994 339.1511530649529  10.0
136.93021007253026 409.3264733038965  10.0
833.310483222775 249.70953207332082  10.0
279.08996525968155 783.5790869898486  10.0
212.72595837990104 394.46090363178934  10.0
867.7590963127484 673.8515802296591  10.0
803.4136920646154 352.0160834694429  10.0
470.23807144564677 704.0401991830843  10.0
673.8251470554593 433.802663368375  10.0
538.3175559870159 76.71310764426454  10.0
324.5781083550413 180.4801679645156  10.0
542.2013636486018 164.99267741238677  10.0
242.17605283888432 711.4065072221248  10.0
485.83892954554665 561.1418627978966  10.0
569.2597682858666 632.7523273934631  10.0
219.46939251834675 694.1899022123847  10.0
264.7128721749493 406.1495947703473  10.0
75.53098938231506 215.84675620549098  10.0
752.9192603171794 307.29933669368637  10.0
745.6907309574675 972.1193496909376  10.0
468.6971209219619 362.75261184303474  10.0
989.6011431795357 527.4572520564091  10.0
892.9109214676974 943.117816228451  10.0
720.0922178834726 888.9189950298291  10.0
643.4888047882125 12.236829388671211  10.0
244.85852105404936 289.76494034483545  10.0
937.5501734582461 384.41095576059746  10.0
961.302742483101 635.0458001030844  10.0
272.5740368406289 725.547354199566  10.0
599.0487190281735 486.17086052588775  10.0
488.01555074791304 449.1350664945599  10.0
183.7382597654169 267.1032968601512  10.0
463.50533561286977 104.24938663489635  10.0
256.07797345066484 711.7445694777825  10.0
585.7412311696627 330.3219511730748  10.0
521.7038527770867 440.23371722455704  10.0
773.4106622514435 962.2032760248029  10.0
30.282442032802948 951.3011886942754  10.0
287.95656905089817 409.08332435882346  10.0
186.36965894632584 248.48158429773403  10.0
777.7275717881178 2.1249579257234252  10.0
379.89949278511494 779.9028928742981  10.0
4.029059923943534 608.2038316809354  10.0
790.7763343578793 364.5346403017158  10.0
479.8187530440424 440.9379289887574  10.0
969.8966094645231 302.1909183708168  10.0
815.2664991044555 665.2283860865384  10.0
128.02652324823293 920.2484970591782  10.0
909.1251310881757 87.82276991654147  10.0
674.3145689482752 396.95439720364146  10.0
250.83505381538106 953.9506604499209  10.0
437.8188633401916 819.3611601160087  10.0
505.51281420601765 628.8709310639733  10.0
178.28110264147045 83.34222175808203  10.0
242.44918249782322 733.208551437042  10.0
446.48028650086246 423.8038793601011  10.0
137.4701859611087 122.24854528910211  10.0
589.8510640351872 75.12426822592266  10.0
230.4899198207546 951.8930590971868  10.0
715.6531527927598 805.0142462735645  10.0
851.8113274477516 957.7769900601072  10.0
721.8296348969924 839.4081913611894  10.0
644.2074535803628 989.0768366637514  10.0
84.79361070142166 1.658221640038704  10.0
702.5419436575438 784.8358814682942  10.0
953.7346145625814 726.2179472438296  10.0
228.66462375967333 958.1685793644762  10.0
242.6368945948081 975.1669020855977  10.0
256.5442845319827 162.49543821986745  10.0
834.0541832492953 985.3405471964221  10.0
941.0772177851711 453.99951417369465  10.0
712.7864811890925 204.49455281274098  10.0
623.7370930626997 935.7837715965393  10.0
832.9562658166503 736.8469089743925  10.0
389.2076102946823 871.7483604725874  10.0
788.582898032504 111.50412468788473  10.0
109.36684004358777 591.995853193219  10.0
905.6058347405658 211.69355424401215  10.0
34.46774811310161 676.6108372854984  10.0
202.4084724824814 758.3863732599248  10.0
836.0867323217926 100.95031991987047  10.0
776.2463457816473 828.8108024018189  10.0
632.3880809042968 253.12002000307476  10.0
564.5846113999186 508.5189543324705  10.0
933.4793145675799 993.1000261601741  10.0
103.2016972682761 925.0843215084457  10.0
633.108177425453 213.023957536415  10.0
857.0173114398978 592.1718446353236  10.0
142.67944198268978 679.4030017629827  10.0
934.9546010010584 204.63576834688314  10.0
514.545769413217 290.6266069438277  10.0
516.7477658341704 768.4649183254154  10.0
933.753391813128 266.86003123300964  10.0
117.45821018480117 223.80914741016244  10.0
270.90026850171324 204.4982655063864  10.0
894.5637302918798 524.9844823481941  10.0
483.49068992032807 373.62471558461584  10.0
562.8365720196017 478.26894120345133  10.0
529.1468351001147 114.4621607909112  10.0
123.82834255043107 506.46465354374004  10.0
111.26465124463192 697.5927910186813  10.0
539.6306684008324 908.6162914882605  10.0
16.17755871990445 552.7628347841795  10.0
684.6824679849367 113.93983663621587  10.0
20.618277470251467 342.37651373235866  10.0
394.7461562519912 890.9294552171078  10.0
349.2459106358948 958.3231987038337  10.0
198.77673681691988 465.7748341914417  10.0
444.23120525185044 154.57065405369917  10.0
367.2588929373627 28.63492654504629  10.0
372.37048447875884 192.99609573546363  10.0
239.68966570566806 161.9784826027534  10.0
539.9244004659754 576.2162742893981  10.0
404.2346339499473 312.11533690769346  10.0
511.35466993087954 668.7166299031431  10.0
194.188170823954 543.2072781347097  10.0
635.358716530569 766.3683640910708  10.0
138.71927889424109 462.46032338649366  10.0
870.078059056431 964.4618955350218  10.0
459.4863809137751 385.86528196557447  10.0
669.0835279680541 995.6738728067558  10.0
440.0556282762326 525.7669169351049  10.0
40.71638689969481 61.92382163886767  10.0
511.6594672057611 224.7063286738893  10.0
925.59162431045 567.8661902713162  10.0
196.68307927426542 34.39529051035406  10.0
850.5455600133619 578.8017730997426  10.0
630.3683912473218 744.3449984734127  10.0
412.0368809958115 772.0823696332742  10.0
241.57657318041592 301.58642613223174  10.0
517.9868353211455 628.6210029943169  10.0
315.05192244473477 931.0825490050963  10.0
474.2706017818089 619.9093895409087  10.0
580.4808576075894 665.8479059948216  10.0
940.5485912177465 185.98329246019995  10.0
677.7422808496615 926.4539913188928  10.0
499.8530269739998 371.0656226252851  10.0
333.0963687014026 751.5138278590908  10.0
87.32153724366054 86.15585006305126  10.0
347.6604962249701 773.9025878104511  10.0
805.6962521718964 101.62387465826816  10.0
47.37320623398844 61.88550433484874  10.0
718.6833630314102 37.9049486608819  10.0
672.747771865129 499.9881877134933  10.0
57.994642048448064 818.6820793668015  10.0
297.0691268391805 471.35883452409786  10.0
905.8690544625042 278.48039406005  10.0
253.28927948217594 221.53528303215685  10.0
822.0991403282346 875.3881101390538  10.0
722.7278867051808 432.94479156624243  10.0
73.06325771131905 749.6570575932018  10.0
92.78626385059307 220.1274761855787  10.0
89.99168713986062 690.2247861531338  10.0
926.2344624811997 967.5892796358278  10.0
534.6707477518457 923.7400064979187  10.0
901.2331591935769 175.35413049029424  10.0
883.0159586433308 24.461347899459305  10.0
879.102937821784 751.698409052508  10.0
750.421568268018 658.4390097409014  10.0
335.9556183557727 998.2160810172464  10.0
277.52070716312284 321.677770200125  10.0
754.6537556886791 869.275763428877  10.0
770.9666089709176 709.5189755181979  10.0
215.16580656767636 956.0958714751697  10.0
451.07199868412295 863.2679716295178  10.0
344.23623559264803 45.07755105366829  10.0
596.6205225397018 780.1327313756541  10.0
989.3913004310276 30.699461712371146  10.0
596.8904545777893 743.8284598028773  10.0
467.6528398282569 425.19232619467004  10.0
421.90747151806585 235.74189106680922  10.0
5.933787468204166 700.3753557764128  10.0
804.1699508778983 920.3382255678932  10.0
37.9412741485653 221.45094155086053  10.0
988.5666595371483 863.5325245662215  10.0
351.51366099578365 588.2172532081081  10.0
251.93374041220818 839.0366267317083  10.0
690.6708249763416 786.073663407269  10.0
519.6733979670166 305.2316510269243  10.0
308.2570856448903 667.3568068086906  10.0
314.08471187971907 393.90511161132594  10.0
137.90907075281012 932.9600734691671  10.0
957.5322525857049 42.230906021553324  10.0
708.1814271228194 964.8525374024991  10.0
423.3054755083765 220.65932187411474  10.0
657.0152577618383 572.028443059933  10.0
477.9983268417456 61.923529515712225  10.0
721.3356885937801 955.5811088544308  10.0
791.4648478218694 580.1575963197593  10.0
374.4165599869569 973.0106283422903  10.0
503.88312944162163 584.1609737590534  10.0
862.7516610087356 87.53737894295477  10.0
334.1870733508826 335.1322586081613  10.0
254.52353569086628 225.1087773664897  10.0
690.1010008816919 476.73550851064175  10.0
253.36266073018098 129.94942189735536  10.0
397.23976722158415 774.1499862561193  10.0
953.940977923077 708.92017327662  10.0
603.2127180193721 238.7948024091101  10.0
420.0456735405441 285.61460292387284  10.0
132.397013314258 286.70730863116603  10.0
951.1304492935964 647.0362139059703  10.0
68.0221246432523 681.0949547617236  10.0
169.94321958650627 258.86322090437517  10.0
620.4337434858933 143.3676579252604  10.0
611.6806609654085 49.72220226992052  10.0
403.88234008170764 681.99820243202  10.0
324.22143635076304 720.5557921416489  10.0
88.9077505932534 884.8462667058751  10.0
99.34209796236593 622.0836874169612  10.0
23.367758888136024 648.1214110216955  10.0
346.42023971810534 861.5202752681046  10.0
822.3856321735898 73.94891134407955  10.0
292.9820134923384 449.12618660850865  10.0
115.96774544186195 558.5417463897556  10.0
150.55214218372637 975.8355262588228  10.0
612.7686971445586 414.27101098399885  10.0
119.61606772236655 525.1139016282518  10.0
389.4589592091624 721.4657772656321  10.0
624.1058937444407 265.3671272035431  10.0
847.3752739415379 489.56320801311904  10.0
963.6728752666974 443.634193136467  10.0
91.61180472152064 622.2679952173534  10.0
651.1109806283367 306.9619895372305  10.0
582.4356536195749 627.6697087298184  10.0
62.64772937386931 814.7738803554554  10.0
784.8877706522075 491.8055913273357  10.0
670.4196465924481 873.7077636251162  10.0
199.65586046900697 642.9455772228218  10.0
49.30180432662601 225.81346689986626  10.0
596.7836959406827 473.9149319445001  10.0
54.36219627248495 51.663626765194756  10.0
493.50643151791905 461.0594027199911  10.0
50.56290287515009 811.8458592269593  10.0
918.4792728604975 520.9967293274735  10.0
842.9323719740796 843.4683846465321  10.0
286.8926731419613 880.087272650824  10.0
3.284087470300179 752.725462453734  10.0
774.4440559481908 396.5957295271908  10.0
618.6584516308782 700.23227206185  10.0
922.8625389017909 971.8047920550416  10.0
97.01670170159748 262.75430197236494  10.0
335.6600557208594 413.8811906173364  10.0
557.3168965718368 673.1187380900277  10.0
230.00809763975894 877.0827314043513  10.0
503.9535172096159 889.5110034568049  10.0
299.1165809806697 788.9347261295854  10.0
939.6443383840848 126.02232587550732  10.0
809.2174884647467 999.2932893389208  10.0
806.1987583466821 188.22924243909534  10.0
106.2328945439277 737.7512578108586  10.0
659.2045621503592 200.7492525952055  10.0
739.4328175667125 849.6326492432013  10.0
780.520836713088 88.13172701624272  10.0
222.86580067839034 695.8597345159363  10.0
511.5662678967937 476.1063154521844  10.0
50.07100524856134 48.26633187489448  10.0
450.74446588633543 517.125915084266  10.0
953.5575726242465 289.46981583806587  10.0
299.9483196841295 512.3049900570003  10.0
557.7632392825748 235.20356686408604  10.0
567.9380555258384 101.26789473872499  10.0
512.6811075144468 937.0504396834252  10.0
42.48845044264604 222.0866376086278  10.0
915.0696629994027 894.8069096248583  10.0
928.5527049933183 5.400517479626887  10.0
325.1381268517477 210.24701628446263  10.0
816.2917371031078 259.9752327504641  10.0
968.825304394143 347.8434233539509  10.0
190.66932897066724 231.3721905082754  10.0
779.2670192855037 333.04311570390985  10.0
23.415209004797653 871.0636104696938  10.0
775.7737181953183 414.9833918884641  10.0
98.50967642196639 940.2423208964144  10.0
904.6162258019601 448.07310075184637  10.0
113.9445986591262 890.7398599823591  10.0
873.1443844341769 505.6534716930385  10.0
275.3679467447944 614.8800488832303  10.0
697.2397417193391 528.9917586321268  10.0
51.31967980627672 836.7597373125438  10.0
651.8302237014216 136.14954094334942  10.0
995.1190252278287 129.3620172114014  10.0
65.17080696482324 67.80752480157892  10.0
55.06449241601719 285.071627650469  10.0
929.821533399111 130.91657865944407  10.0
592.459557372138 41.57604472576093  10.0
616.7299641439597 916.0851362914505  10.0
406.07843018356016 970.8001899682313  10.0
73.55236989871261 10.900839306340782  10.0
422.0382492716186 675.4362797824059  10.0
764.3239954638443 908.9242856227668  10.0
349.6447956454094 305.7948498995278  10.0
264.81594168337176 322.8814695509028  10.0
526.6316210605513 809.1166346365941  10.0
866.3918062618982 150.62038823656064  10.0
381.3126867073625 254.14957883590873  10.0
760.9050309347942 913.6869890545987  10.0
424.52129514992964 35.708545743838414  10.0
380.15334151850334 90.91362478870579  10.0
450.8088718636739 757.1001923011233  10.0
245.63371807016722 403.2035510231631  10.0
676.2292921296936 112.70907883157844  10.0
247.81822150350018 770.7327810122446  10.0
869.1355402512884 148.70504676255615  10.0
618.8967321633164 360.0807992735422  10.0
140.76745331142428 866.7461910856409  10.0
988.9100264726179 866.339800627784  10.0
954.0104422571194 253.71600124067083  10.0
822.4227390084291 934.0417830537212  10.0
81.55727652411781 469.94668502112734  10.0
221.36244717726717 410.78158145543165  10.0
698.805567592602 109.04541111674881  10.0
549.377599187898 948.7031412565875  10.0
532.1764555009481 154.3538228441367  10.0
584.0437600949849 321.5551909791641  10.0
0.14040716691743338 500.23555111326334  10.0
935.4740047601623 708.8118160977556  10.0
582.0882083039603 680.8002327315065  10.0
283.36580689105915 113.39242802007277  10.0
229.28663857711607 754.3367936407196  10.0
579.2438026005842 25.80436633747074  10.0
492.5099160926025 128.6428150646599  10.0
736.6335570390145 425.07071888266546  10.0
182.53963334602042 480.6007234184646  10.0
489.1290181304638 215.59547539264744  10.0
802.5770608254921 822.765674925515  10.0
34.79178328777088 239.15571583712213  10.0
695.7139461011043 200.3943431999452  10.0
805.0481184352311 72.50165736393465  10.0
835.9588863437739 464.2572151958357  10.0
197.22489165025692 923.5824894441361  10.0
457.9182359792924 57.74188678604264  10.0
392.09352105633656 73.20639124541117  10.0
268.08194278882104 781.1681094719786  10.0
441.26624933677317 473.9813605880738  10.0
809.7664004712656 51.90020789244787  10.0
654.0167756991693 314.67305142025725  10.0
664.1177823404441 265.755745244029  10.0
939.073149165435 585.6545261176057  10.0
561.1809903884059 483.3740896913541  10.0
164.15750709791288 939.9119317652271  10.0
147.89107798706758 814.6220130134748  10.0
784.523969939828 434.1098145321819  10.0
113.94508266893921 554.7778980788437  10.0
961.4725686314066 55.50736638882092  10.0
611.8644556657807 338.15020316176526  10.0
142.79327644543383 293.0579416803469  10.0
424.1590447848571 317.9494242993491  10.0
609.3214129745392 394.8114305904964  10.0
128.3560954168854 655.6476105724194  10.0
805.2615303136688 368.77926763213753  10.0
589.7581812016623 408.72271995817334  10.0
364.66416663214284 230.71047093497666  10.0
472.1466526611684 242.59995899632082  10.0
622.4156396928302 479.76640233981414  10.0
98.24783721355101 260.7656284924198  10.0
55.32854129978615 291.87049354358  10.0
914.6314732881337 646.4436863693192  10.0
537.3962217626708 460.5491455369145  10.0
19.811928254331978 739.8886149656397  10.0
513.0017485234681 686.3679351681081  10.0
699.6745717070376 637.2628810746074  10.0
192.84827541847437 418.60756459749126  10.0
680.9512688410232 390.231052741964  10.0
659.6039007798993 86.61180889631726  10.0
861.3203679007001 409.8164707747419  10.0
333.7313393270256 223.2798671688777  10.0
603.8080045265497 733.7310995184505  10.0
594.6988344813742 679.463756505089  10.0
293.519779293811 403.30238675054795  10.0
478.7452291833222 855.5710585643587  10.0
746.3322006435204 314.28571615218306  10.0
281.5990391925963 635.4619471562607  10.0
232.02650701350726 555.2648194618396  10.0
583.0278391523556 497.76879485993084  10.0
328.4471072823428 428.0065956824074  10.0
679.8203826943027 101.05540660529554  10.0
558.6202837172935 56.050714572490335  10.0
664.781198182352 491.7725483413988  10.0
779.3690872304282 730.9788018533982  10.0
421.54339813743235 967.7546495625292  10.0
587.8125872899607 920.2217816169747  10.0
618.481975601161 545.0424887954118  10.0
591.2386890628449 165.92792179124382  10.0
379.7370985941695 922.1052068277518  10.0
246.1919824653397 941.3285445305305  10.0
687.332544725795 813.0741302354616  10.0
114.21891916639603 899.2022266664414  10.0
725.6016456653517 530.3901359046997  10.0
804.5646021251297 846.4521772288368  10.0
317.6093874926733 737.3051987105098  10.0
578.2170831287707 209.47603987625908  10.0
322.98609822089253 361.9677714400904  10.0
573.0462672289646 716.9208546250347  10.0
367.5643304403874 767.3608825459759  10.0
876.3864365392603 519.5805309072756  10.0
557.4375306798074 405.1509010513189  10.0
219.2627629563355 991.6066230403069  10.0
893.5354472066016 346.5436002897861  10.0
895.5638293681731 12.868141862635518  10.0
947.5377096535886 279.5338538554533  10.0
619.8138833954445 619.2090063057813  10.0
985.9237660714198 789.4737978905049  10.0
428.79960632318193 525.5170659801054  10.0
136.1837301182275 998.6735009991287  10.0
405.15836585663436 175.9317463927469  10.0
377.6916714850967 930.787753918055  10.0
955.1361783177366 656.1818286632782  10.0
109.46858387179192 287.030469237462  10.0
608.0750365728263 14.958961924173009  10.0
798.039890621065 673.7988223976625  10.0
821.7911921736462 284.3963530991067  10.0
740.818188102728 705.0768872365566  10.0
75.85716220474114 764.1365944132958  10.0
293.91860371486524 818.0283528378523  10.0
613.9019446609656 939.1357025451448  10.0
8.04101818914682 86.47701780177763  10.0
556.3958281022338 738.2659843758099  10.0
992.0295319770521 794.5123221423588  10.0
746.9868413374184 708.9427696009693  10.0
480.9464925746555 41.24667102327828  10.0
618.3087491436532 82.41533540271995  10.0
23.974802610982614 187.79026816406906  10.0
567.280598444555 635.0260970965808  10.0
927.1885891171213 528.7980272124373  10.0
815.270803491131 712.6554985584548  10.0
587.2092882613637 173.48255214027662  10.0
495.0991298839109 778.735331880252  10.0
133.99063959024815 754.7759061817189  10.0
754.7023747087475 370.62631947904237  10.0
364.4521384680848 250.36218959007883  10.0
996.3905120565578 404.82007145553234  10.0
293.4079530977125 895.5918211689742  10.0
980.9719341425108 358.3399730843618  10.0
774.2141780994672 895.8276419916454  10.0
417.62812505150606 971.8789847294843  10.0
548.7840139140602 404.56198061856276  10.0
833.2689862619967 769.6271184973423  10.0
775.0972852202262 23.68268216031888  10.0
969.2025641320264 871.4047805573454  10.0
550.0569864684954 903.5556133732191  10.0
688.3036822027199 284.632500249801  10.0
196.52202848751 373.12965859005186  10.0
392.46802512457947 106.83189789511461  10.0
115.57253375608822 914.0597730384607  10.0
247.98939557243392 843.7661189404291  10.0
818.5396094750824 207.8823834378477  10.0
95.59998862741736 353.9928116202169  10.0
348.05912309898446 931.566810808947  10.0
782.2643645947564 767.5161876426899  10.0
673.3846805916595 954.3049321608079  10.0
793.4200482045784 94.38913492775403  10.0
802.4222800275614 597.1910673993584  10.0
487.208821313187 138.53015369032917  10.0
291.4250914440461 657.4825124302297  10.0
936.3443424038903 762.6841499699726  10.0
553.0139120500497 970.4205486861113  10.0
368.6137640829773 512.3700691934856  10.0
864.1648735407608 384.13074248641755  10.0
463.61171143618475 99.82255276568452  10.0
258.03302151953164 156.9103070658293  10.0
311.1576227105684 273.3485079567156  10.0
546.9566428466683 951.2495934162013  10.0
665.9479414967897 153.18408130017625  10.0
568.713892113936 795.2234943025667  10.0
243.34708422676277 201.851215294375  10.0
374.07979713952966 609.4281194499887  10.0
192.8222250170839 615.1769246010499  10.0
480.95831400709665 156.42644279125207  10.0
558.3783659062502 69.55302369079475  10.0
508.84065042608916 559.7064468271806  10.0
489.45229668472956 441.67745505066193  10.0
477.06770127849774 860.443912372702  10.0
201.0750470574615 328.9329302280524  10.0
801.3507845110587 432.9009888645844  10.0
198.71417235468815 941.7223381827957  10.0
555.2317336949995 463.08107569451215  10.0
81.05897716336685 213.49472716774576  10.0
876.6398121306836 110.29942483188049  10.0
313.1130624483455 779.8593014539122  10.0
494.4294136650679 417.61792476775673  10.0
722.3101856326809 815.0995360949843  10.0
225.75906271224966 514.6315071263234  10.0
111.97145401807818 582.562891908098  10.0
952.3992226528665 164.88299208877143  10.0
309.27233309383064 954.8163464383633  10.0
22.532034993924977 250.2219288769284  10.0
168.99094052516605 90.12143717082932  10.0
244.33408158822178 355.7120913276913  10.0
539.6596369417277 913.6969758293613  10.0
638.6081201157184 221.23169644993746  10.0
965.3435476392233 45.40145773428361  10.0
899.9579262196884 459.6987548861814  10.0
944.1219526307366 339.8813966527345  10.0
79.47586409904184 606.8940527212975  10.0
893.4492309646016 260.89566301293166  10.0
346.63968390311015 264.142229788225  10.0
582.923816764007 898.4401070216658  10.0
814.091908247207 822.6512838292382  10.0
686.5957782896766 555.4609802978188  10.0
316.20117220026356 17.099642151181648  10.0
279.79403661501414 480.359334067054  10.0
720.7818987360876 346.0986862406796  10.0
559.557084459313 502.1528608469756  10.0
823.0751304630727 218.44836306433234  10.0
803.1017438901853 37.075859533408526  10.0
122.06964548830757 536.6418405800418  10.0
595.3662177309363 178.56176834798353  10.0
811.4695695018542 312.8648210436765  10.0
654.5156836329717 356.96702460273366  10.0
131.0906800391577 827.7736702198647  10.0
163.3996107929543 361.05865278368043  10.0
819.1946579636614 788.6261589686469  10.0
375.30226119747147 350.2029051045488  10.0
782.2466638509504 920.8771405091642  10.0
403.92846002983043 854.3551584748406  10.0
255.80859128951073 436.14079440499086  10.0
530.4194087646056 658.3664002979391  10.0
668.7566105195039 859.4603225080941  10.0
64.29374816893917 897.7851085604907  10.0
142.73840110623405 770.1143780770342  10.0
780.5617570760506 655.2475334797906  10.0
59.76154469281803 112.72969945658329  10.0
221.86092173943862 839.7134095704696  10.0
413.03224777928995 869.2570678325424  10.0
702.3139428909317 155.2185197183882  10.0
719.638374881118 47.40814927287074  10.0
678.9106906323584 521.4787320863784  10.0
118.39923593866631 137.43873952326658  10.0
266.56799232589424 395.5955636904025  10.0
902.1796551323929 416.70377188225297  10.0
64.6221674566505 62.27589507869047  10.0
141.19309453852614 740.19804469381  10.0
135.3611560981447 109.39366724896449  10.0
242.29531822640692 745.3358531109373  10.0
929.304389297307 986.3847644015856  10.0
258.99593262608687 720.5118545455114  10.0
187.2902932942684 754.8808343839452  10.0
517.892585974739 739.5243053086647  10.0
366.0327301429378 884.1513620652779  10.0
659.4584049298032 47.73120123366314  10.0
931.6593510477685 218.33785634459335  10.0
504.5903553466594 100.84857096119538  10.0
944.8463583476193 48.12773599708253  10.0
253.05240158479546 103.58972697353298  10.0
721.5158057801385 556.4297591118442  10.0
395.92427345898176 372.88247101735004  10.0
994.6629270194413 775.7767562975667  10.0
381.3926631608193 359.191549225633  10.0
925.7327400482794 594.5955504758662  10.0
511.6989417107326 699.5113194678258  10.0
518.0668230639182 280.1481567350328  10.0
768.7833980578158 246.88405324680684  10.0
470.2922939932055 447.86207323467977  10.0
267.14306722000305 623.8371376999718  10.0
274.12717022527124 399.93195023177566  10.0
814.6463108849185 480.9223042107369  10.0
408.92726229039675 280.48857941767113  10.0
625.5243818234353 306.57877445347714  10.0
814.40191930433 550.2955892394252  10.0
574.4862455478265 330.8312383849593  10.0
433.27680656474143 870.8479885120288  10.0
506.8800797404833 792.8727574505803  10.0
507.2842432477994 605.9109923062383  10.0
27.050650494742644 601.3717816756007  10.0
482.7124953768803 797.9513477383779  10.0
875.5193333925804 206.38127274381634  10.0
835.8473691219654 657.5778747888731  10.0
475.33907729637025 323.0173157972482  10.0
863.9910366246702 316.02149460654107  10.0
478.9539588543178 999.6135523403285  10.0
504.34423602893986 833.849452857448  10.0
179.11915097816166 406.8465584227798  10.0
540.8899666206395 233.52234294015727  10.0
460.9136339645744 639.3669543870539  10.0
138.51822273722692 629.0667426795808  10.0
566.605022114637 767.7592999223061  10.0
503.98248932580225 363.0499788655993  10.0
321.1017331241216 356.19378550780624  10.0
614.8811776225177 429.20806782459186  10.0
622.9548210603566 669.9209661885056  10.0
380.7076480443162 358.49177188708245  10.0
944.3482786651912 836.8003805445699  10.0
304.1149127341085 176.9594528811872  10.0
303.2429529640067 298.34269602666376  10.0
695.8922540273477 5.859963214892128  10.0
671.8159759619818 988.2844520411211  10.0
763.7525063415615 367.41265789083224  10.0
67.56404451282727 810.502686539858  10.0
442.8806872354071 284.2055564890085  10.0
636.9157651123675 153.11715766606483  10.0
665.295672634547 815.7968817674226  10.0
885.9242245916505 371.9153832288934  10.0
875.4288074430003 763.0193083411831  10.0
838.5881916359097 403.7760394744391  10.0
990.9243417648129 888.650241104951  10.0
310.5764529462288 929.554707821685  10.0
680.5184113098262 152.52551727787844  10.0
674.6065745330209 795.9349926323266  10.0
784.9549249700568 139.837775250093  10.0
463.45581000311984 727.0375056709191  10.0
942.2481532273995 73.27543067886255  10.0
907.5585349207014 709.1177676809164  10.0
995.2032068029683 542.8214656432232  10.0
36.3712011654882 815.4735174934  10.0
556.9576114344901 361.4458566351645  10.0
286.16197534840603 653.7209180952957  10.0
189.40831685348024 760.5892959762643  10.0
651.6096346062484 63.88797533352586  10.0
9.74024584690303 476.2499568833746  10.0
294.5716930298535 173.3128387754449  10.0
181.87401356013422 144.64916154584796  10.0
180.60939921804044 423.1234926027525  10.0
672.5020259525381 825.8658299117343  10.0
752.3330821727827 721.1147252683298  10.0
855.4835760364087 404.49376773109844  10.0
868.358219785076 447.12686378974666  10.0
33.72152737131928 78.28954012003852  10.0
237.6389819825987 639.5701068091452  10.0
714.2442161329518 138.94333180289854  10.0
361.1728724985376 325.52761505644355  10.0
520.0680593640917 773.5187161988523  10.0
556.5460733678498 621.9087904311833  10.0
951.5179250597522 670.771654299243  10.0
985.5164198369571 931.4142267885137  10.0
820.0338677592412 803.4729201246502  10.0
730.8068585717353 284.6119213864464  10.0
69.09422720493752 876.0222922171514  10.0
875.509123250161 638.2143254230706  10.0
869.7368489212599 576.0570365962515  10.0
226.97379812094053 729.6839747747356  10.0
332.2616884190094 949.4208845434857  10.0
796.789647153625 909.5852201075406  10.0
911.0497223724667 929.774219585283  10.0
399.4314977549651 225.6382420623012  10.0
596.034165491263 297.2899823955341  10.0
764.3825158142787 916.2207909398833  10.0
282.2124329682336 115.2939976255346  10.0
370.01351227666237 386.1019030592733  10.0
287.6880256890122 999.3723821396401  10.0
802.2281460619578 683.4813502132437  10.0
851.083409861959 410.38263330748117  10.0
816.8597409435426 474.94700116779353  10.0
580.7667477694627 530.9696788371909  10.0
442.0318122883181 523.7522524472246  10.0
251.186356302594 184.6011970418061  10.0
395.17092918649223 716.853479525295  10.0
45.708991773821154 686.8017329124378  10.0
809.0875760947649 757.4380012887336  10.0
330.70881589914956 480.178174886718  10.0
762.5162587260435 742.2107076135594  10.0
312.25649685942057 897.993849347847  10.0
392.73378292037063 976.4976961198151  10.0
474.6083474793857 425.46255479063365  10.0
431.3505036199432 545.2635441992896  10.0
528.7979317323517 383.5973548508781  10.0
849.0958972410156 354.42830568510317  10.0
709.9832470811035 47.363741658441484  10.0
921.39690567551 584.4093140227621  10.0
653.805168695089 828.050335044982  10.0
433.7733457259472 756.6018723466251  10.0
754.8633437294384 299.18455106672457  10.0
934.5519412867216 903.5519303648116  10.0
864.5179941128947 525.984582207165  10.0
912.1264454167999 654.8631119268508  10.0
420.57759147173846 370.25349047512424  10.0
524.9684386033288 403.4193397430401  10.0
618.03352514781 185.78471839278708  10.0
44.819616928692184 100.29335628552583  10.0
27.854692128580826 593.7626746167706  10.0
486.97303082742116 641.7506773296898  10.0
149.95690435756293 833.3063565832289  10.0
996.2772801134078 258.0473557452445  10.0
746.812614415744 519.2174423539332  10.0
433.4744119953228 791.2592124845273  10.0
445.76907262162723 507.1589443221256  10.0
263.7084757220867 258.1690300723354  10.0
20.993772886909067 965.9041334405231  10.0
287.5186120082404 634.2774953469216  10.0
970.0681398376925 686.9599066066443  10.0
974.3567818707857 366.29254356698317  10.0
485.601680197845 123.78220423630981  10.0
159.64731768528705 722.9908807380073  10.0
688.840504028071 645.9662465895659  10.0
648.6312931748514 728.134755716256  10.0
40.09563497617474 18.206805538359518  10.0
833.7159259888832 84.16556464563641  10.0
169.9181265405928 169.4897514720678  10.0
776.7755070269503 191.68557942615428  10.0
985.2995344689584 904.888202740231  10.0
333.8270060188675 97.27768952262117  10.0
796.7779426201596 330.50226761677425  10.0
806.7298327306305 961.002246132287  10.0
385.1810687783879 411.4943924524362  10.0
295.0361017944812 424.9494078018079  10.0
380.8398820907348 263.8370357987786  10.0
390.8442773916191 85.51385334309947  10.0
63.45752741885657 492.302871111608  10.0
110.48533635372027 124.59848221022929  10.0
707.4196954907774 130.3925133713003  10.0
989.0975085664702 38.74235037744833  10.0
895.1847655783467 512.3079916682661  10.0
77.62195035489394 320.20728993413275  10.0
800.4927847304151 712.7449648363239  10.0
176.47849739347456 890.3464794114819  10.0
303.4849275180447 27.190288563721854  10.0
16.157094148855244 63.11796567932437  10.0
941.4252708662679 333.57586761727396  10.0
252.18691985370845 825.394373111205  10.0
121.56995878086451 75.55366319362567  10.0
80.42201395732052 260.7595134257229  10.0
726.8286992278923 38.32064549207092  10.0
998.3087955586129 14.771840055745056  10.0
230.2165418956953 49.8370261355362  10.0
738.7771373902591 802.2133164467591  10.0
700.6944282272443 233.44463492258961  10.0
685.6234448544344 90.63176355621994  10.0
630.8490774661182 462.306489503693  10.0
142.73083385932128 259.5233298779317  10.0
345.9641840415155 221.75305750918673  10.0
674.1978785614662 730.7914588107069  10.0
864.3866508042149 172.53425122295164  10.0
358.4238245068632 793.6570501290275  10.0
470.6927157420337 326.14056853019457  10.0
206.4253046354535 105.98406220072587  10.0
936.0107475592431 892.7707488728056  10.0
183.13548821631332 144.02379129347764  10.0
273.9591746206137 543.1873410595578  10.0
240.16353079297247 193.8700004576126  10.0
156.00909970825506 37.61594922196987  10.0
519.4686269193083 830.4561318813586  10.0
626.6831150331436 918.0073077765777  10.0
419.6297760247917 213.7151275942566  10.0
556.8530735589505 234.39632875270823  10.0
529.8683779717973 946.5611141835731  10.0
352.50170325889417 81.75531879526498  10.0
531.7080798209618 685.6415549788369  10.0
796.6636458557105 60.65359755989574  10.0
44.13212738718286 173.34732036404245  10.0
543.8640242447511 643.1990387929396  10.0
45.32560596480195 868.3574420710646  10.0
709.2231933745866 825.1515058571603  10.0
942.5662383585744 892.0340276078339  10.0
198.49905038111947 375.76223000687094  10.0
581.5539328619832 579.2721829794982  10.0
910.6886561882579 458.8070015419315  10.0
487.44606887860544 524.9487973900523  10.0
711.4133782455367 391.4453412361448  10.0
412.0917986252286 650.9028912819936  10.0
123.16289020479454 831.9518619849052  10.0
825.4354430661798 483.4196192370341  10.0
7.5749770857753695 743.0298035483904  10.0
333.78540033141314 527.4787896312046  10.0
125.27989582110955 64.33128456258619  10.0
133.62183394176552 351.5680161987373  10.0
350.4391816383463 145.97236261048596  10.0
516.8425443082291 755.6496077528748  10.0
489.96071594319835 644.2454473397112  10.0
131.82356382162675 184.90925475560726  10.0
111.47334441753375 761.3954832644287  10.0
174.39687352706824 373.2040961699372  10.0
519.4957423681108 423.2403530568616  10.0
933.8251087092609 52.66586521313388  10.0
35.83610439939233 231.58022332271122  10.0
151.07849131103112 449.7051839432519  10.0
38.11020142801236 802.7543180073513  10.0
460.1970885259168 202.7008760777037  10.0
789.3678884015136 409.36793257935744  10.0
778.2470807748421 282.9479250149075  10.0
952.1685355395388 679.1263221011575  10.0
885.3567240846503 477.97691631289683  10.0
822.0484754231214 472.87661521741387  10.0
593.5440850747417 5.146157947884311  10.0
738.1743696024143 963.3722017203652  10.0
841.5254991119906 863.4474027053174  10.0
833.0783222026917 366.93884060027204  10.0
772.4197126090078 602.7548357612897  10.0
268.72212906782556 742.1354753585999  10.0
352.2398901780598 292.2861525036224  10.0
372.73947280707245 762.6667351538146  10.0
369.29148870936945 603.8335408730335  10.0
636.5564547281358 396.21843347163343  10.0
718.071567563088 90.36155660345146  10.0
366.19263875059426 976.5509626785014  10.0
715.9903191296405 936.857851276509  10.0
886.895890830368 243.1002601798925  10.0
827.2135185170391 687.8617502994695  10.0
594.3665183273048 540.4994120629037  10.0
575.150391991066 714.8848403729475  10.0
818.1769543121368 519.8481535261838  10.0
613.5878477397752 476.97679021735485  10.0
417.0956361810116 364.2222836709651  10.0
896.1992932726423 948.9785644727295  10.0
261.37477118981167 772.827712740464  10.0
635.1320269134378 944.5442818975264  10.0
273.66301766543023 681.3694796390113  10.0
271.6042974274516 444.8022748727369  10.0
498.05681258069166 970.6188795899369  10.0
994.919489675511 458.56457840215006  10.0
745.9038076557649 220.8266689798244  10.0
441.0313646754669 386.2833351828964  10.0
727.3256109151636 906.5438885308162  10.0
77.77103839043508 337.49194226315393  10.0
219.02630482621356 294.5764468198635  10.0
441.07296301606056 360.25706671893886  10.0
741.8069962712066 707.2130135511397  10.0
825.0132347797191 81.2077687910513  10.0
425.3063645925297 743.5305041815284  10.0
248.20103044383401 825.9959571199445  10.0
222.83991965173243 513.4948420924566  10.0
520.0397564806855 892.5822556117201  10.0
405.8117683940047 932.7393840987454  10.0
12.60117305926023 283.5302389408557  10.0
315.0242168726061 650.3169607973164  10.0
307.33273350939714 868.530564296874  10.0
675.3124752611003 237.38582243415496  10.0
230.54457101994961 644.6664000384011  10.0
390.28262575099615 851.7036270081941  10.0
917.5992196834579 489.46998561524356  10.0
625.5333160901903 710.9680778228285  10.0
452.9536805734505 560.6094611372589  10.0
161.59295577648547 357.45628841303454  10.0
321.6801035528789 286.084221325427  10.0
451.9050242199007 877.0794949799524  10.0
377.8180178528786 710.0958282640601  10.0
556.5472519458121 947.883636521762  10.0
285.88699387431103 812.3010630694329  10.0
138.9701701810877 836.1904003236028  10.0
424.1163585454475 301.94227976458086  10.0
10.893606074511176 232.98712342416138  10.0
51.4236614705208 303.3895291338085  10.0
289.6001996887466 128.83879021688682  10.0
134.9015124553251 295.91799244927165  10.0
92.21727100181309 762.5082326327059  10.0
610.5481462051129 648.0831494193089  10.0
833.179598855508 46.63593313231418  10.0
7.203820806370942 95.84547205627425  10.0
613.9171407840028 773.2439624519626  10.0
302.13193955102423 553.635139011035  10.0
897.913720971142 332.4931150746788  10.0
596.4100046927583 718.8366741788877  10.0
649.6338127083386 640.0364774020189  10.0
699.2723142298908 32.71212833825521  10.0
382.41630627830534 461.47592523679424  10.0
992.773028235298 694.5707843436619  10.0
108.28574870815211 346.84348299511333  10.0
11.61406983977864 591.0323616791901  10.0
11.733087527923125 943.6920802563636  10.0
17.709955028754386 198.51954850530706  10.0
779.8694018339402 544.2953017446541  10.0
475.03717573031514 744.654994747074  10.0
912.957713910114 340.61938521400737  10.0
737.543260272294 173.02683871143708  10.0
12.179877515134274 10.144959836647871  10.0
451.366214964261 745.8261721447734  10.0
995.5961551760533 936.2796881796946  10.0
142.34253991545665 440.14824834578513  10.0
428.60818153187375 579.0177913339465  10.0
210.75810317397992 646.2889699096924  10.0
671.8358259972648 254.66547860166722  10.0
87.52239958675345 60.15730484536363  10.0
347.1714679692739 857.8664595614015  10.0
619.424351230295 76.96241454966813  10.0
701.8759276538584 864.8249490921991  10.0
845.8529803495419 439.6245338844608  10.0
810.9323018206155 293.53780568478294  10.0
205.34398045373848 372.8968947595844  10.0
199.4749714267273 165.01217835486003  10.0
867.5393585377014 942.9752998192733  10.0
389.96349107297476 408.8577892100055  10.0
324.6234114397512 922.4112740769544  10.0
82.8717051137362 87.30850067678809  10.0
596.0260457477585 11.433051266839023  10.0
165.0144656888197 273.64075905216447  10.0
401.1595469865431 869.3187449947177  10.0
506.23611485007183 914.1211758382534  10.0
437.18277408592235 43.25409777774525  10.0
553.0356614595432 527.0292826480178  10.0
462.2624372524 547.1470382633088  10.0
56.806224463889166 647.9658346449522  10.0
229.52802371467794 539.1599727815711  10.0
884.7169084962003 517.5707196073568  10.0
442.8935911689546 274.2596330194697  10.0
752.8672825910347 625.9389703975064  10.0
813.1460978177872 266.87402285459905  10.0
894.1964387956139 377.4370579495433  10.0
981.1762104784954 388.78412536624705  10.0
127.72943975959383 320.2863927100619  10.0
544.9547310195675 448.6680773230798  10.0
531.0964008884046 97.19378963872238  10.0
677.8337755002851 652.2538124457793  10.0
934.8602448977199 516.4743237743941  10.0
857.9786563976866 225.82566688823147  10.0
755.041324643759 917.5245595308274  10.0
42.21296842131616 400.8691786205375  10.0
259.32819013536476 310.16912053664004  10.0
212.28593086083157 903.9280550681895  10.0
222.8157744147775 604.3175656115609  10.0
597.5474451728611 73.28503533081965  10.0
70.71344708885275 614.5318781999704  10.0
35.24321144028908 732.8692307681223  10.0
28.317328125410988 423.5200646588581  10.0
868.1184789411496 993.8297851773264  10.0
502.6422991703979 119.23432320341499  10.0
498.7458509442196 225.50610342198874  10.0
905.4613961543124 882.1670878688884  10.0
220.96884481250046 540.0632397994501  10.0
394.1011821435104 892.6020350233185  10.0
231.07968352650155 268.8503246886337  10.0
554.1936972416446 551.990862140131  10.0
784.8262889762003 73.57894800804677  10.0
877.6868896204558 68.29151670634882  10.0
311.0700929474407 531.7076875730537  10.0
999.7671660444918 542.0168850923865  10.0
918.8925124012075 262.9573668857722  10.0
49.949056888387574 307.9071013264685  10.0
142.1751223195148 922.671757923529  10.0
145.4389978082077 436.5532910762958  10.0
954.1543178837775 677.7762867991698  10.0
8.981010373741771 980.9639237021527  10.0
54.17864279854368 102.37754761442064  10.0
928.7445824276047 764.9792699857104  10.0
179.8728876349852 782.5844630559818  10.0
794.4156698262161 253.60368217373897  10.0
730.1398706268727 303.9218173101068  10.0
741.5042494321556 319.73928788719354  10.0
297.9075646337658 709.7451259221895  10.0
14.982314860444212 527.46874177436  10.0
806.2553766488352 965.3560639890134  10.0
23.7191216836965 888.9489532353854  10.0
817.5302911789603 440.0550609619365  10.0
198.7805974628819 920.1413706495703  10.0
242.29012357423883 928.1585948586988  10.0
191.51252831202214 220.01904672051265  10.0
113.38718962469629 270.0460878770311  10.0
151.42826030252533 728.5541006433709  10.0
310.2334441421431 205.5917800938536  10.0
309.2729244995759 280.70384908941725  10.0
119.2630736541438 694.8747862713748  10.0
857.2384730664047 66.77756432149206  10.0
298.8365327135755 574.8507891706231  10.0
166.15473138772364 133.98000931490407  10.0
880.3057699567441 85.70679732811281  10.0
708.5833435160179 119.59198561414853  10.0
281.68729639022996 496.9101938017603  10.0
667.0935429047126 993.1622141146521  10.0
436.36595670756896 790.5021831242057  10.0
98.59955273855137 703.2486539973875  10.0
546.4793244523089 117.97448147569412  10.0
698.4914496861306 273.66202785435934  10.0
759.1089144261666 537.1077776894446  10.0
662.3926936407958 74.82753704350276  10.0
533.1306955526811 356.43884025228  10.0
878.7292174606108 707.7958881648835  10.0
715.55473752916 267.5628997759004  10.0
701.896299412505 181.5973985125371  10.0
378.40938891110034 329.26643018167135  10.0
853.6613308419187 839.0488274737244  10.0
280.7028731627329 782.5248308314096  10.0
579.5418951379469 791.7845842659274  10.0
414.72107109971813 621.6885243508185  10.0
47.250170513589595 462.19991323119183  10.0
471.8972450566232 824.7200034599884  10.0
115.8964094596835 198.15661220631475  10.0
220.71582349796083 154.13344435139442  10.0
27.49559551757075 825.7157907670893  10.0
727.5887454071744 480.32744542381243  10.0
276.4230336041681 435.8273022192831  10.0
71.37008119690536 650.290948845132  10.0
897.8162358859431 662.8184333169663  10.0
703.1504510108125 27.200580931847963  10.0
682.5219317284215 205.68896392285652  10.0
885.199640626065 960.218022372116  10.0
374.03867046962836 367.63377372641213  10.0
706.4027117339479 608.8335542901557  10.0
732.0069867549252 944.878430354582  10.0
16.26056547626531 742.3924474065338  10.0
457.150743049089 882.826659270773  10.0
245.50378791563386 362.978617243214  10.0
364.1747546859939 735.6831781083495  10.0
488.59372153165236 258.62033777342185  10.0
861.9753331419636 115.12942249695224  10.0
411.8625067861507 883.8204843109582  10.0
754.6220574339237 994.293375827037  10.0
520.7695390165134 285.7040536838192  10.0
611.9206930316095 945.169263655518  10.0
70.72900937861436 146.61413039565895  10.0
474.9682903006325 130.80649644390553  10.0
