1000 1000 20 10.0
500
937.5305709516967 626.8558153410719  10.0
819.0043316676521 619.3138508541633  10.0
142.07470912596432 405.69666618209067  10.0
660.480469341937 879.443732531001  10.0
993.2544323907408 403.9278613704369  10.0
506.2171200134221 280.1254700630318  10.0
799.6915853257358 887.5720466958492  10.0
344.870632474535 577.5269464003225  10.0
102.40892276232283 289.3966993850837  10.0
467.74187238731025 487.5366199550938  10.0
369.3260767366694 728.110639842039  10.0
315.055609827513 707.897847545361  10.0
170.75916076974428 402.58439316437824  10.0
260.7785058520529 145.58263160940498  10.0
317.644342477749 644.8163983617624  10.0
954.9026387233143 789.8646288153791  10.0
788.9313999685011 111.65581866994468  10.0
452.4730733460375 258.4660718061009  10.0
400.57099081751835 322.83236194739317  10.0
250.2398183941771 162.3168471426114  10.0
75.74450018318602 511.63178107795557  10.0
524.6656361489504 83.87790516334503  10.0
264.4635294523742 544.5956006189409  10.0
319.1229560430446 144.64570477848082  10.0
530.3911994278047 487.9122168035884  10.0
163.46501316441342 849.3681323632386  10.0
573.7148666966773 250.70539315098128  10.0
625.7570954233411 137.6664560912908  10.0
991.1260717825377 619.2160684131177  10.0
593.806283850293 348.171923324074  10.0
887.4403560195896 910.9111781542011  10.0
663.2290462151948 105.9498174621889  10.0
48.11576400424944 423.84379819563753  10.0
869.1474468933 980.8975659248215  10.0
757.9056714725778 834.1262976002608  10.0
140.20728090447332 132.96805454742466  10.0
508.1083292685549 703.1689569265295  10.0
276.4615063393394 59.48253971187223  10.0
773.3514178466248 296.3739288329963  10.0
956.7653907823427 990.4625722896322  10.0
758.5774519864178 986.2649747603461  10.0
266.6803053198393 439.82380422593246  10.0
517.8712026873459 615.5713068110454  10.0
504.4851921002318 913.4385850886146  10.0
128.99824053205955 329.5735386311626  10.0
570.7461630186804 799.4887678412814  10.0
670.9990069518218 552.0587294824701  10.0
75.99602417520413 22.193744668420944  10.0
596.9103743745756 975.5205070312264  10.0
411.42768717402146 126.9129895023865  10.0
719.6624249731583 663.7792021673023  10.0
419.10615911726245 82.78660852500353  10.0
436.42531970293686 623.986166130216  10.0
971.0560636288008 238.4909972937007  10.0
5.157662670644991 495.0154895200627  10.0
720.6829469299762 547.3513571046633  10.0
656.833481993164 320.53539812632704  10.0
525.3379493550491 389.96637308518433  10.0
77.80306583719987 727.5903638929568  10.0
555.4375784030541 65.66479905976396  10.0
328.96779354051085 215.31463284671958  10.0
903.4012034105685 298.527449936473  10.0
581.926866276297 673.4364535933498  10.0
584.7709628883802 909.3723484034088  10.0
146.97986517576754 696.521339753065  10.0
184.23002183736958 142.0148534586184  10.0
143.8456866520631 737.442157859056  10.0
40.83693865426541 0.27857332530101253  10.0
823.1850139240062 652.3526258959174  10.0
789.6451819691968 351.6469432436858  10.0
985.4901847287405 729.4795477573077  10.0
280.97882862169234 484.1092910631282  10.0
163.6324075835851 865.3391365579037  10.0
383.98617822437296 264.669795343061  10.0
236.3336849592018 154.52062297339063  10.0
947.6960285638814 41.15089054807552  10.0
922.056362312256 792.9703547428834  10.0
240.6510964123245 953.3376552448846  10.0
166.28049847368086 859.7482832790664  10.0
519.2964245061228 375.17338783223306  10.0
779.8656078928932 238.51766761442127  10.0
985.650777662018 796.6301670553398  10.0
812.1698166813109 667.5681834810921  10.0
286.39128915429546 572.0434697112065  10.0
49.82602777446799 665.9615270087241  10.0
878.3333499686698 611.1126287091743  10.0
720.5515740618264 873.4275996719609  10.0
39.38847644076171 269.4337250758917  10.0
951.0937258136913 162.9287517504212  10.0
39.43540279547808 407.34578007986164  10.0
779.3907390547278 737.3479002662656  10.0
2.140616170122067 829.0342374503375  10.0
553.2543216937185 305.5464553585289  10.0
286.6161136947345 88.25091932936414  10.0
361.3557804227532 348.0762504559099  10.0
796.9042247110663 952.6728947118489  10.0
737.0250214715326 429.1185947169166  10.0
487.6303714170681 655.8369661266124  10.0
251.34805856959775 488.76373216343785  10.0
475.76618784764645 433.75080551709135  10.0
769.2751640647291 58.53158604371234  10.0
591.2976589585976 742.6955129438243  10.0
80.9281499590494 383.0750983447699  10.0
903.6936434949163 985.3986196368041  10.0
340.0224234286644 502.2952296031222  10.0
746.4221971223552 534.6703265975837  10.0
242.29535492657817 450.6372170607508  10.0
28.36374274400444 336.760521702496  10.0
159.05973393534245 864.125054217978  10.0
168.82123870363375 401.10719968277084  10.0
504.47671740551414 450.73199786349915  10.0
821.9295479095648 38.811837128759684  10.0
459.8703943764836 975.9724049828715  10.0
666.6175130645175 799.0908748365902  10.0
804.3817100013061 643.1402971234213  10.0
929.8779574488045 671.1165503280002  10.0
8.4865149596971 6.40867580883453  10.0
983.9519885009312 268.07478501858685  10.0
935.378965090056 845.0427811073946  10.0
312.136385811609 390.9310539608282  10.0
464.9479721475609 748.2695706151683  10.0
373.2733172459169 581.3103252933226  10.0
106.05121282540553 512.8844445996573  10.0
411.58415514619185 16.06027287671752  10.0
195.01744549045762 839.4661002731831  10.0
56.360242271182635 370.48152596147344  10.0
591.7846651689364 228.1084285997854  10.0
635.1249171378556 82.87266775269231  10.0
879.808157410592 420.86817676571343  10.0
484.23314446611664 789.9516860638224  10.0
951.8490589822245 215.66602115380618  10.0
182.47629287328814 570.8798821050351  10.0
520.9804488815817 985.1672657980076  10.0
556.1109870045684 37.02790415913859  10.0
534.6248729671956 774.2085370068945  10.0
507.8332650748209 235.28791766139057  10.0
689.1634468825957 420.6243095011455  10.0
207.56988763265926 794.650102653319  10.0
243.6335515133059 746.8678483749931  10.0
949.5610561116549 738.9253708002572  10.0
113.2581279347885 503.60906008861906  10.0
28.05967254546504 912.9104900313632  10.0
787.0272725899415 411.5311507650919  10.0
313.0743167051241 24.955786408595525  10.0
958.2778026310048 343.8373266798701  10.0
817.9345308271285 895.8099008073646  10.0
883.1945621291377 419.5171310222814  10.0
442.0583959879073 621.7795799081601  10.0
389.38272034727396 536.2121345903911  10.0
245.154130572824 9.657203413250492  10.0
145.13762893533598 661.55869685022  10.0
63.189227261612025 821.5323677344444  10.0
269.76457317791005 23.17509813650598  10.0
11.811367821197072 79.5179699722941  10.0
616.2782217561829 189.99957654416167  10.0
439.5081142027052 923.5856413065852  10.0
90.03738221589941 921.4743266294023  10.0
190.64295295350587 290.1187844426426  10.0
180.34765158308807 576.1101791511828  10.0
617.6072738583774 984.456244792507  10.0
476.7910146069688 817.2551422547909  10.0
641.6793409642169 557.6133011205018  10.0
318.017818068449 331.4296587183051  10.0
303.78295017354 765.5306438617146  10.0
877.9635686298559 283.3798028528939  10.0
669.1898600819937 288.61643743880137  10.0
932.9289650846474 272.03972930534627  10.0
654.3118575329931 820.0104531805956  10.0
272.6887485713065 622.8823071294597  10.0
329.07967180569943 592.9128354027208  10.0
219.77089255301442 954.6773159842257  10.0
515.0075966966095 910.4854408106432  10.0
3.274787023284431 92.46494469908595  10.0
46.89451369190112 266.24586383919257  10.0
797.0734017219348 563.5913575335596  10.0
895.2128845679612 198.54024629645505  10.0
76.97070109479243 109.94242262238774  10.0
456.5897014963035 109.59352676976198  10.0
577.3627084728673 877.0508236985297  10.0
711.384277427133 897.8008890428939  10.0
535.1766413314665 199.54014888190474  10.0
620.2195282701157 401.3373787205654  10.0
97.33957948170901 192.40980661724595  10.0
85.42528122221782 331.82762414322974  10.0
737.7541570882429 678.9525268100292  10.0
38.703157034166935 588.7307005200965  10.0
280.73590346254093 338.6358328621707  10.0
732.9243422857212 588.2601701035821  10.0
660.0929359825873 342.06805698068234  10.0
113.82370342532045 515.0724312792969  10.0
856.5056236845352 155.20797840414423  10.0
226.45385793952943 210.62164955864938  10.0
550.5900870427424 641.2669739181536  10.0
971.6162845630362 748.9926109157362  10.0
905.0063789106104 66.29079138654936  10.0
169.08633527621996 619.1874685897161  10.0
546.1982346058413 123.19798316683061  10.0
807.3015442661164 832.256283401839  10.0
254.828248335196 629.0902995433474  10.0
563.2843218681068 202.3253490800573  10.0
93.69881295530924 121.94016135136087  10.0
161.9207661436094 512.491279822795  10.0
702.9255080854357 185.29851693045862  10.0
910.3199610203189 269.71285147743885  10.0
274.35655308091657 963.4565177157483  10.0
790.8290027335237 277.24697298513934  10.0
280.70804073234956 994.5324511327352  10.0
825.3806239559487 308.8386247505751  10.0
379.611752716585 185.24518291337787  10.0
34.20232476274276 755.7895493215116  10.0
38.748417134994554 478.67407777006645  10.0
203.51679192453543 236.19346013892107  10.0
335.46625398408145 525.0945819754406  10.0
849.7154473384403 805.0405396552933  10.0
72.76092698569492 456.0174101247331  10.0
221.58852886321034 584.5576462529823  10.0
823.2196080389954 682.8489819128441  10.0
917.5460532112253 346.0645047479187  10.0
763.5088083473789 494.1289146467115  10.0
711.3667250523516 817.7907840809061  10.0
194.21146280584045 109.09043560295595  10.0
477.86198796392773 267.51243092804253  10.0
453.29604940864186 760.3276609293696  10.0
688.9453704386876 214.53020928124823  10.0
526.2266755504191 324.6435943726521  10.0
810.9476994203194 962.426903088717  10.0
31.699751977251722 998.6911961419302  10.0
75.62110512292008 12.204411285678729  10.0
419.2192981350019 524.809284269146  10.0
520.1259396654884 314.81524527330976  10.0
153.19970560919805 512.4936889733386  10.0
895.3962386295843 752.7676487455842  10.0
378.01142261439435 472.2336835085198  10.0
27.63127333551607 202.39715062173136  10.0
59.36090112368009 280.98238522797436  10.0
484.2617611276971 21.561919878331672  10.0
879.6237428236045 932.3187651254367  10.0
943.5914776233976 831.9326705227405  10.0
228.22574415984454 589.3986891598431  10.0
496.4161433391393 20.71276291863333  10.0
472.893365129766 155.08046233434268  10.0
218.27299767924836 473.53727100840825  10.0
323.571868889022 801.1501585548509  10.0
742.5765600620316 668.4649185709086  10.0
508.03565694380194 157.36101783776314  10.0
237.74687812786144 410.3896995766391  10.0
166.6919772621447 151.0396009879267  10.0
145.53866932217852 165.8641434035667  10.0
343.8061355510664 809.3015201065853  10.0
273.131371634562 170.23934812609153  10.0
703.3519093799009 688.4575369128504  10.0
348.141053088616 222.19158606071466  10.0
129.91879097567426 978.9808121964478  10.0
943.5674887802329 355.11908615739173  10.0
188.5830648915029 749.444328770265  10.0
758.7908017436251 380.55666505493025  10.0
512.3768528883364 239.12734981983863  10.0
603.0835933189057 635.6699742534998  10.0
61.96579079155684 586.5281598153416  10.0
69.70638549615249 135.05516549040675  10.0
859.3725070311232 889.809918566536  10.0
811.5054784421503 726.4840033564798  10.0
236.05946064014037 35.24515439999476  10.0
533.0339447517093 780.8982178086253  10.0
855.4116978288396 301.01371993677196  10.0
299.5681398823623 408.8711878971433  10.0
770.6360170377677 346.24793516982845  10.0
529.9935226073005 188.9189876645744  10.0
561.3202916924383 829.0078627396207  10.0
88.38539090653896 917.457106140754  10.0
155.37276943557555 561.9086034369024  10.0
218.21124482458754 945.8628070808949  10.0
287.7877749370575 810.4106130587993  10.0
673.4336765936763 257.0174914767478  10.0
673.6611520571809 66.32293737740113  10.0
292.3937245806759 551.8674940315847  10.0
880.1048725788174 387.8587895156739  10.0
433.20628460143917 265.9556178383625  10.0
570.1872265619668 187.6213547310399  10.0
143.5011667363062 616.5397172625109  10.0
261.7512097788994 171.18718764507568  10.0
672.6941980565301 492.8292245411686  10.0
994.9405671710202 981.4935017065152  10.0
951.5751285458766 245.0337586195932  10.0
334.4893500449763 988.0246957852071  10.0
961.8499144342779 202.33285038626326  10.0
946.3075289523147 574.8324245517656  10.0
497.377314691529 55.539133188933334  10.0
582.6214586183877 227.7130533524663  10.0
679.1903643031641 77.14210625027829  10.0
685.9052911172039 698.4045372928418  10.0
727.9957733476554 519.5830097378216  10.0
979.0647388926171 532.4547723414369  10.0
920.6952612503868 432.0259124701635  10.0
347.8128026846877 287.45181148672515  10.0
361.57449117844897 566.5538694091549  10.0
40.90198714900806 839.5959717551987  10.0
184.1571435240519 6.633103585020672  10.0
714.8551490253876 279.1322301285428  10.0
66.32280612892261 643.8525910273551  10.0
132.06358481863157 28.951144995102318  10.0
489.1392524435758 653.3596279086264  10.0
384.59699725511433 985.7050582183888  10.0
998.9609860893023 674.0773041107763  10.0
360.79698298360097 679.0754236506522  10.0
842.6976943784039 486.70248372460156  10.0
797.7022424869958 672.3667709625207  10.0
737.7578334996766 600.6480712888177  10.0
669.5800653819679 686.3908287274165  10.0
211.02383018095406 310.5067760400538  10.0
851.3152670428849 218.64434857633597  10.0
895.3171780648723 463.27780827395804  10.0
965.1346010916916 751.0728848668928  10.0
407.16351023724127 389.51211764603966  10.0
70.12058445572889 992.2516371028661  10.0
946.2686929633396 194.6956744502799  10.0
386.19610610258735 983.6037682212844  10.0
554.9691064716764 881.6045125515142  10.0
557.7368838606493 314.31571518219016  10.0
55.02030650195178 580.0291261618642  10.0
56.696183390715916 135.89798355750537  10.0
39.44074340265369 497.18014670478726  10.0
201.10192623144673 144.87879482215226  10.0
938.7273540278603 70.25090301552616  10.0
922.0138767709577 210.90737455271778  10.0
103.61295525690562 202.02711231044822  10.0
850.5042112027315 867.582529050561  10.0
50.635645191761 391.0972063364968  10.0
515.9519367788789 454.6110977772718  10.0
502.1429104689175 30.131691821455032  10.0
447.9180521989122 302.44041096144423  10.0
618.9541054637737 138.86339224558753  10.0
756.0946009128588 984.2972078651605  10.0
871.7567062448616 322.8149075393797  10.0
326.29798606081994 325.6051742884443  10.0
326.4136231039075 804.4832075284415  10.0
115.20277903700504 557.042117667208  10.0
728.7096882528305 960.6060746612194  10.0
152.4890580336552 725.036678852249  10.0
665.6679914563143 917.29813663457  10.0
766.3033580345352 232.29382837846535  10.0
253.417201261279 404.2594436853744  10.0
236.40890085645427 170.97716866340028  10.0
255.69355541755766 249.92277621806946  10.0
549.1283302476362 932.4655585134793  10.0
272.41209086590646 611.3200367158493  10.0
179.15812646501848 430.13990011744073  10.0
654.3435339044885 275.61279810713444  10.0
855.5604523428998 155.44595729355436  10.0
97.78496724611418 144.64506905108576  10.0
82.71528432463259 202.51727555509547  10.0
452.21342600627844 319.54149907065033  10.0
781.7414148098272 342.9318235145148  10.0
134.2638267627543 39.28735116912607  10.0
793.872331209808 209.71494901102983  10.0
682.9736738118773 95.39138651027257  10.0
144.49884875189122 658.4900593514707  10.0
414.0888262714665 244.1464888008077  10.0
905.0672762293098 413.7180170721387  10.0
835.3258927398999 568.6668058968555  10.0
209.74853015725782 179.2547280150315  10.0
469.8389326231882 704.7946710834626  10.0
484.76987885847956 494.99572441600304  10.0
1.738879615108102 338.1341708383471  10.0
230.52780283485353 755.1657882532777  10.0
205.36648809529711 403.88279743159563  10.0
760.0769669195644 968.850491476666  10.0
949.1206422632716 976.7958388509159  10.0
142.3167217639111 39.65535226219296  10.0
674.9956766174889 925.5335915559808  10.0
224.17342363541513 568.9181631949428  10.0
146.5826981214754 23.803813740815528  10.0
13.302960394419582 445.68812195525265  10.0
931.1417436491369 360.1276544333315  10.0
891.3150456188201 776.725204344029  10.0
35.45295269087967 568.7198317588151  10.0
97.24676757977635 31.062036419387763  10.0
350.5066043949465 615.88897799811  10.0
671.989835012895 626.2092859022031  10.0
76.6933531749412 619.5277069608957  10.0
586.6024870656448 566.8753608249257  10.0
99.00756655578414 453.6758043034059  10.0
90.91353276402381 162.10948715229367  10.0
360.8785163713887 695.8045301899431  10.0
413.55239622509043 293.06668920098053  10.0
645.5950183683267 811.3835679892898  10.0
820.5160232979985 181.13252072679853  10.0
815.8917422278005 338.4566641673658  10.0
696.6095930308395 114.93371136428598  10.0
485.1157112728647 234.36568014569826  10.0
752.5747677581378 134.8008401998776  10.0
297.49448546920667 477.42706205413964  10.0
680.4459338238904 244.53741757861815  10.0
480.37754011697365 478.2787796495489  10.0
580.6511733697183 322.8893876223984  10.0
97.92559985001526 848.7798594207898  10.0
266.60123677926174 540.8978072996399  10.0
483.5723980803154 600.7584410311414  10.0
115.9868085981356 756.3567586448665  10.0
657.6867627148138 902.5688638433601  10.0
482.7302081135241 52.887216788768065  10.0
147.2130017777089 108.33180848734769  10.0
809.5150363890023 318.67734145874414  10.0
515.6699697372479 892.8958697131371  10.0
488.0430749668985 518.7277715351513  10.0
84.74033078095556 974.9731525472303  10.0
202.64483359657126 104.48063188408285  10.0
782.7836639837254 91.56507229989286  10.0
962.5965086644424 825.9990410164561  10.0
790.957584467139 598.7089158651385  10.0
279.4727041648152 64.40381144739781  10.0
674.2337989530778 316.7401121534393  10.0
978.0906956292342 686.0622750776794  10.0
982.4470098612416 12.678207394018926  10.0
943.0790443856199 335.06406644918974  10.0
885.6156174279631 218.0098078164243  10.0
697.8291023991725 26.807187699976364  10.0
268.12613668014785 917.0550953471543  10.0
88.5654414931274 883.0566827109782  10.0
847.9730343850143 9.268564040775583  10.0
503.4971123952698 857.628017616009  10.0
310.0991101442051 348.2390828841562  10.0
995.4886157181746 341.88534184718924  10.0
146.98130894196493 590.8182510882032  10.0
396.4157009134447 610.5346750816113  10.0
884.9599185337311 51.71979655446568  10.0
12.347911744957418 170.73079531279123  10.0
641.40967752192 252.09746035078152  10.0
770.9264675487235 211.30541368763556  10.0
505.7033774199933 875.0222639836047  10.0
755.782012440964 513.9641111040236  10.0
66.0199088844875 396.4443879796341  10.0
907.5643340848882 384.5872761060294  10.0
514.4003918765662 747.1390716057505  10.0
297.13154983430735 390.310870528789  10.0
154.0572520382607 979.2996764408398  10.0
783.6739811893193 946.8505365871688  10.0
805.7935150627875 60.85547345407605  10.0
59.02351717749954 90.57245776998857  10.0
564.4897600361089 601.2554731371638  10.0
49.12647350710475 91.10336675075902  10.0
591.9693170346343 524.3738982746183  10.0
394.63414962121846 912.8106482950182  10.0
149.15257242647596 447.35692425602025  10.0
264.7921837470648 917.2731486530016  10.0
868.2635002183558 798.6440675361491  10.0
72.28599107259292 613.9020188143145  10.0
344.9530872080793 514.0623853340155  10.0
751.4263684962158 712.1602816927298  10.0
490.55526795160563 486.80476181987797  10.0
138.03589671794413 206.36812407184956  10.0
726.2935380059845 815.2685145444119  10.0
646.6234393000996 732.871302219983  10.0
24.107053890757513 292.1438430422331  10.0
878.909949554831 979.3876576966558  10.0
2.867063778641654 508.80655254960413  10.0
17.49660212046422 497.63693144172305  10.0
774.1060665350894 410.98247313700296  10.0
859.4414965209521 872.8973247092449  10.0
997.983511102372 134.8161560906238  10.0
126.73858833275986 837.921937543389  10.0
658.0634362915525 476.8899056820849  10.0
254.16882645713744 583.6869798103297  10.0
392.5812575085714 407.40282838544306  10.0
199.72005351738576 215.73252447854009  10.0
830.2278440139015 622.6351859778949  10.0
948.7484943263046 32.39600491486938  10.0
270.0815417892799 250.98526135403088  10.0
290.28194090185855 60.027812970318784  10.0
218.16938118700278 476.28187529236567  10.0
132.3405084518089 70.31648750943098  10.0
747.2410160516721 22.738893512249227  10.0
92.8778269142948 126.14161046472283  10.0
381.6900662046796 157.8319187127476  10.0
353.9220184964139 554.9099572290477  10.0
226.1592662074442 112.54206560777291  10.0
798.722553155955 132.1206406986446  10.0
354.21738531010004 592.8254205196533  10.0
265.1851174482816 172.9437116181468  10.0
52.59738075609977 361.8306233547012  10.0
343.6037061456293 175.8854817767328  10.0
376.83688776629475 709.3019026311774  10.0
522.6756710066921 640.1531382944377  10.0
615.7636812487577 992.7675952092051  10.0
645.0116307454211 687.12058458571  10.0
685.1202261775528 334.5298621865924  10.0
571.8290037007285 156.33580371001267  10.0
174.72313387574258 989.1340106097168  10.0
676.2447397863831 917.7995682861372  10.0
758.9048875961215 857.9105539947458  10.0
285.5586920319647 244.7844533360307  10.0
946.5864438058692 120.34727055716621  10.0
475.1462304866596 225.25187413761515  10.0
695.1817008611496 976.4622402219505  10.0
680.0551060876764 354.96413467169117  10.0
241.63516545616937 50.013039101223896  10.0
435.12808356149577 651.6773692781861  10.0
614.2468053885593 89.29151104732647  10.0
180.449346418584 857.3405655521268  10.0
680.5392401019027 220.41723897141074  10.0
