1000 1000 2 10.0
50
651.0063915997841 947.7706079135332  10.0
269.95838744519574 491.4311319741785  10.0
206.98359414087585 474.8347507942766  10.0
547.5535251954207 107.17468518584894  10.0
114.20156644274849 826.6757851806178  10.0
767.7920450869512 938.8832999340146  10.0
812.8947412488214 289.1907772625233  10.0
993.0741697938502 152.0959674359601  10.0
910.9671006727647 774.8972125142184  10.0
875.5060058308884 359.1573625567711  10.0
243.6525356037078 504.9353871485759  10.0
381.25965655829754 726.8037485232408  10.0
777.5362239335627 913.9496301123962  10.0
486.01906412114636 26.735408424473416  10.0
573.5677180702221 767.1360021740562  10.0
294.911113244027 939.2646827389726  10.0
196.54698650005676 128.1593328081214  10.0
728.7979364943797 710.167778682319  10.0
412.6668573694082 997.3058652971574  10.0
388.53364881724303 82.15752037048318  10.0
752.0467054760696 151.15196365000293  10.0
459.76455444703015 274.9335458739167  10.0
529.7936272619337 958.1937104329154  10.0
553.078730014323 671.5550404120172  10.0
216.97913390608625 719.2957642451352  10.0
187.78781031103586 783.9206080376279  10.0
632.0209941895158 387.4822927793925  10.0
222.34934234295477 16.42880726843132  10.0
283.3108294034594 358.506840888532  10.0
910.4160585830772 724.431641370126  10.0
335.5308161913196 391.801766942191  10.0
418.72375554518817 72.88295936756973  10.0
94.95291950071893 620.8223386766573  10.0
581.5065000638209 240.62215848858781  10.0
613.1169553060745 42.46427630402327  10.0
385.8547305466612 587.0231072120233  10.0
993.6346136645386 837.1479410684926  10.0
183.407818307488 500.2769826528558  10.0
253.46815840756253 364.3260016020713  10.0
905.9996973393673 780.3668989634216  10.0
137.88456232346456 702.5860266759049  10.0
626.3523522003982 574.8313775284046  10.0
117.38687573945205 159.18292040115912  10.0
649.6388525809301 81.7023087382146  10.0
905.2763159934104 260.7505803717897  10.0
947.7139432008191 461.5430012904221  10.0
226.10056266977008 355.10635406211475  10.0
155.0368926222694 659.299810827325  10.0
238.0943350263125 103.47513834368849  10.0
533.7877336081907 126.72100660622144  10.0
