500 1000 10.0 40
1000
438.2197153970945 889.8789305012617 10.0 2.0360993330799086 1.491373070109578
204.0235164743476 384.1884355162116 10.0 1.9384191826493675 2.4044359050273725
169.43286131786778 393.5481577446799 10.0 2.8567345035089984 4.359786063808316
44.816646968371124 717.1240201100345 10.0 1.4931456804608243 4.485828652420436
411.9642724294505 956.1436069952299 10.0 1.5695385419612098 3.550226505171716
186.59037880105194 351.7638629513193 10.0 1.5913884122010196 4.538479541412878
265.5400959235107 76.54549453915816 10.0 1.0263365197187324 6.042332220766635
474.06651694071013 910.7168255562872 10.0 1.657056583002928 4.264030585291598
210.29025382541323 899.4490076478867 10.0 0.751392128602366 5.225824158453522
356.31458124909216 283.6536461011796 10.0 2.884552531457178 2.196314810001125
88.45743016176306 724.3527664535313 10.0 1.509389314413653 6.034595692321555
172.67529812652828 599.4605154754034 10.0 1.2943240610968065 0.3220233418208568
175.49206367778976 941.8543166844115 10.0 2.8786541970415014 2.162693951510682
255.60910509882672 408.9031425208397 10.0 2.8104364137972704 5.599736530244023
326.8614563489304 526.1590083253822 10.0 1.7940435773171544 0.812612769248561
399.2978652032641 331.7070022831137 10.0 2.7438459582293038 3.2326146834870757
311.90110234303364 462.7084997838137 10.0 0.8093285317527035 3.5015561366598686
367.82787813496395 671.9606271164927 10.0 1.655753608890191 5.784552199083722
71.03638865573697 739.8351606696631 10.0 1.0567763687073572 3.8185722404946216
241.7823067799255 755.7477462269183 10.0 1.5555171480666923 1.0570500325185086
257.7027907018894 783.3486649245284 10.0 2.790926224423902 1.764403970250338
27.07111727186673 994.9147237129043 10.0 2.5712203010289416 0.20598081554274728
51.29266565679891 462.9608015389696 10.0 2.631429051987485 4.460768785663806
74.82678903488404 930.8794657672595 10.0 2.1668425538270886 5.8739103647526525
352.45676310488693 49.45501065982283 10.0 2.537965109320829 3.436136477851819
486.19371786044906 762.38820984646 10.0 2.9069609739362754 4.427778145736042
97.08863402062423 751.5068734924695 10.0 2.353350221557584 1.9472748622194138
300.8395945577767 111.12609079915137 10.0 0.9977972756648361 6.281121746369562
50.320039012880066 711.0615795120495 10.0 1.9434183753190364 4.003815175349734
393.016834962987 29.088172432086388 10.0 0.8754496774771623 2.771198577644663
66.85539157123688 586.1748899612204 10.0 2.0485515851997973 3.997588913960533
124.00216875745168 501.61687675787994 10.0 1.3665850737860623 4.941861467373757
428.97351233404646 100.22365840135572 10.0 0.030313748904058548 4.842915649643357
424.7425485624242 950.0121790279237 10.0 0.2632279803281904 4.42820434635029
498.52471894090905 186.39225593143215 10.0 2.6147834409586355 6.1402216238805085
107.53540852924742 487.62086587329014 10.0 2.106829407195918 6.085874467234805
44.2514120053516 606.3411779083348 10.0 3.121354943434675 5.977130661043559
330.57162388204426 933.3109191831636 10.0 2.1958249231259273 0.8353989441933105
230.7602078474199 171.96390411134686 10.0 0.25647476747314435 5.003298178049882
264.1689659388958 836.2375689127884 10.0 2.297699513414652 0.09008962246661495
380.47394616002293 949.1385201525545 10.0 1.248693960254587 2.9860559813157077
132.52449720066917 15.806950790602903 10.0 1.2346388711250458 3.3794662981663586
244.89140345661687 72.38011992186676 10.0 0.0107047518815893 4.75746890736015
429.8137941657587 370.74385996248094 10.0 1.6866175721405372 4.8287979528197145
146.4830889028419 49.3004298131563 10.0 0.3392450796218139 3.7687249973060095
234.46527482183737 961.1697526095918 10.0 3.0845405100097514 1.212891458171539
477.5511582706643 683.7806968719631 10.0 1.0111120675864513 1.0031663967673219
170.43770101210836 617.5971811039941 10.0 1.5169373142390221 3.572166523552921
167.38147616564032 996.7642890618471 10.0 1.7905932670005795 5.472728712702393
189.32892773618622 580.7470755087927 10.0 2.6511404505177385 5.684371610678634
354.0161193108843 773.575221153187 10.0 2.1844285708753826 1.7924706505758485
472.14412977058004 926.0949452282699 10.0 1.0482047445730571 2.4861652783252177
121.97437711538944 616.6686297484139 10.0 0.12333261334691573 3.8455544743507044
374.5515739436197 777.0523912630755 10.0 2.558334553143504 2.3131374271272818
292.2502629135122 632.7198207294128 10.0 1.6760991820908937 0.962578466609683
464.45400726231253 560.6901742392389 10.0 0.7645745406315242 3.530386519600077
375.9148864012017 132.9578157835337 10.0 0.28063050420226554 0.45062381231810383
325.7039192157776 809.9088188841602 10.0 1.4402908861560038 1.9443358202230963
427.6516000729468 975.6498648317486 10.0 1.00056305814717 1.170250825395571
426.79070002397174 265.96351420839983 10.0 1.275808752252364 2.709499116377583
160.5521696021841 429.64303727991415 10.0 2.7387389908370907 4.606435288899116
478.3278078700318 285.24904419726596 10.0 0.702566577581164 5.731508623037617
308.50203370604333 687.8692024544846 10.0 2.9206206687153426 1.804235757979955
328.16816432533307 804.2513518088273 10.0 2.6232465721648883 4.253557840016685
347.4828475578171 409.71960900117944 10.0 1.9815467234630246 1.7744805808582478
67.97585002739697 366.57173185266913 10.0 3.048814501120262 0.18509392251971507
312.1203119580959 921.1954406631777 10.0 1.485091830276993 5.182743067367205
150.08216708284272 965.9302182931203 10.0 2.4199481249490185 3.603280505409783
68.80553820731339 951.7403719528289 10.0 3.051560497118342 4.634860432890014
438.4542929924203 709.0540050890739 10.0 1.2022858800982676 4.278100541895527
31.718066374637143 36.66161289215986 10.0 0.3530787397070813 0.1952642066830607
242.6046335485129 552.3575033670335 10.0 0.6789951021270803 5.173737378934052
433.0784777068588 964.0454886879103 10.0 1.199445183065555 1.4956346226992598
8.268879710017218 616.3202093156344 10.0 2.3752203905523235 2.104542550588805
383.95905042305486 895.0740062634732 10.0 1.2853712033430345 1.9285562285439508
463.6811404006021 831.4683821012437 10.0 0.3343733706566499 2.6398219610544236
86.980269253509 36.64841626057025 10.0 1.6011415671106066 6.239427718837662
145.2739438937059 919.8671159748206 10.0 2.0923271707357065 2.993270328304564
187.22148523176872 995.2262745871013 10.0 2.072901318551532 5.905118474742957
351.6315579613708 966.0289325295109 10.0 1.8836403619820508 0.28331887474911027
372.67383039625804 190.77809408038604 10.0 2.1735423393672995 5.603770160935117
199.52452948369148 81.14503769490456 10.0 0.04533873056827274 6.0241187953197475
460.5634641181924 959.7698444930767 10.0 2.3314519597920813 4.5890178016804235
80.85371115675244 914.5456450989076 10.0 0.006360677934058968 3.1449394656606953
330.87334139389407 226.07754783315227 10.0 0.749783144314759 1.7155077657190643
444.33175422692847 16.29550293258064 10.0 3.000767844646797 4.034857053782165
193.3915686423837 868.7404135297888 10.0 3.0254514024159374 0.18561572669936213
450.7303311641306 304.83100359715286 10.0 2.5786609212569402 4.255657076932399
299.61445911525055 165.4584698838708 10.0 3.0522037658177905 2.224430323639997
175.52116778471145 143.5449760156574 10.0 0.6236989662263469 5.127790349941978
335.8325509000608 940.7409947139101 10.0 1.2916511366026426 4.3104207985174785
157.7389587468064 780.2254877343385 10.0 1.3980688343322687 3.5048628266854975
358.72750218392304 297.6123349554858 10.0 1.617848793279998 5.16000473630584
218.89435396224349 153.2549727631085 10.0 0.611413095566244 5.702570364025085
259.8081826378233 61.78084443026521 10.0 0.983038721854118 2.5359156036520143
100.76511592483057 318.4757366087261 10.0 3.003584488688546 4.738265419523424
370.01392401712354 317.177581696787 10.0 2.6455283202334536 0.5023624401882371
95.89356471863609 0.6282960110031155 10.0 2.1855287287734 6.121397832609564
440.813207860642 661.7709069809945 10.0 2.8046700955436172 0.05528944727582294
469.6184963877506 23.26885070487339 10.0 1.7812578687516027 0.5103140295396561
363.1257794607414 62.56310600864246 10.0 1.8042695957459522 4.175506303898202
97.46954614482229 621.0716518146336 10.0 0.6196419105683146 3.0331751954961446
110.39641010748957 438.6754554090472 10.0 0.7449592889465034 0.8082189469148029
366.75235718849774 888.4232869095067 10.0 0.5986274238878386 4.181403970834762
17.148375010414107 351.4279692710104 10.0 1.6801438224056402 1.9406205597863775
16.152448375965854 868.2143855565214 10.0 2.3821135405538216 5.4804961216767545
129.34480557098138 430.31987644193913 10.0 2.081184607142859 4.891700667020171
212.1860036849944 34.7355940364984 10.0 1.9989990842498981 0.5545669669350275
487.8860318380937 413.8174481306025 10.0 0.17563192049123857 1.1098227717466207
286.32583806481637 174.58358382946182 10.0 2.1993175448711897 2.5328428948111923
331.57100303922164 933.8548901284189 10.0 0.27337705856205696 2.264785019058222
181.63036400419296 919.4836668637846 10.0 2.942289001031327 0.4056115042027233
330.8509951517207 422.9552097823603 10.0 1.697809376740744 4.726391511492017
282.7039587023333 434.93528132428327 10.0 2.1499625563766234 4.968103884252619
88.70363752759597 772.8767347814634 10.0 2.8483518779238497 3.5879187794009857
427.8167610619631 18.586168504934108 10.0 0.9464116216980029 0.986377357042301
269.9554414592318 623.6918288115825 10.0 2.4406636023497117 5.600839991611626
27.011944487644435 612.2421527019351 10.0 2.104652561414644 0.7811872197571624
345.3809558316069 412.2039803292782 10.0 2.7473446189323143 4.524334864670945
335.02875920424964 481.4181732694338 10.0 0.6336386019718542 0.15595876955588053
61.906617264514075 558.6095338379924 10.0 1.597822233330371 3.344431632747642
52.869282045273195 566.3371902610023 10.0 0.7805944255871753 3.590509162506514
375.24752047314064 420.31026226914435 10.0 1.5221970782026024 6.025606927305668
56.83716370059494 258.28309706691545 10.0 0.2615762828265374 4.449634424227222
206.30510547001575 891.7831616100084 10.0 2.377377254862671 3.5594285273279276
178.87635235157 605.2138218860632 10.0 2.699063809674126 2.305209095349784
7.654028314872829 779.4134354130117 10.0 1.1278891580990238 5.778363613414569
87.03808740835106 200.54095260822524 10.0 0.6502626729907105 2.811172983688634
251.44621576072257 330.1974005055971 10.0 1.2480087398758037 2.327670743355488
439.9040938485428 258.98216380308725 10.0 1.2004987282485788 3.69023977111889
75.06029227158994 543.2209313580024 10.0 0.43973131871958054 1.6528694607041536
113.79425969622459 633.3926090283746 10.0 0.3770685845231163 3.377883704865071
445.8245026947904 142.8203159891349 10.0 1.5447231797889738 3.121371543950568
426.5868277232784 776.4815944063856 10.0 1.9198703134241686 1.324924191733722
331.14127063442396 342.3313420335654 10.0 1.2076069973253627 4.01187833166724
406.979313131543 901.3206445272343 10.0 0.8013477063494746 4.513114685901859
485.3414152261246 777.333031364405 10.0 2.7395207214967154 0.16268574650253695
283.01814477011783 844.5495224972464 10.0 0.32853316111567843 6.043461583989919
89.59633399780797 237.29231128166884 10.0 3.0269123489674286 3.4726848795835608
488.72530497627366 386.18612892630244 10.0 0.49848306314056556 3.7587571101666843
106.21606648303478 74.51573518708233 10.0 1.5053068971014514 0.4886809900356061
112.64997677016414 29.946551099929053 10.0 2.877945208327973 2.7689005678969734
333.6615499970241 419.3146674148055 10.0 1.4633606473789564 4.078117063414687
337.17333565605355 497.98188003392806 10.0 2.665275112555298 3.8670490713100025
273.5990902753527 580.2899631826454 10.0 3.0022518876177773 6.181896554124489
42.39475925586705 443.93758236960355 10.0 2.209867052518009 0.24498692770255537
46.32515349440719 258.6427296965844 10.0 0.3272252825966094 5.63754092019696
373.4272753781021 138.2418734440264 10.0 2.5099485947492366 0.20371725627638532
215.88969981401223 455.4169833063585 10.0 3.1166900636369492 3.8903775202316275
194.93073408945645 129.52952669390504 10.0 2.2516167177386923 0.8782942981818949
11.246109081946564 200.58093030594247 10.0 1.968706564635852 1.2113238352652909
481.7105802715635 136.10690262583103 10.0 0.1798715409805284 2.929530707839114
54.755818257931246 482.8526490237759 10.0 2.913615681905029 2.477891815002892
319.2103806793552 671.3650273922384 10.0 0.519396001498443 0.646376007310503
334.37584413138313 9.176759235553721 10.0 2.2979585077387994 5.446719250563113
312.7263656883441 157.04648185410431 10.0 3.09867076118378 2.8540806020081995
280.8573220663881 672.7582812275099 10.0 0.32490402560067944 2.5653987225763064
329.17194230695793 528.2725511901203 10.0 1.457116534117359 3.363978973761953
436.2830667101237 858.559726650634 10.0 1.5253515914471933 3.809430637596428
120.22044981709045 584.2370292327092 10.0 0.433984660495114 3.4838977982187527
325.2724679374098 965.1679587698765 10.0 1.4847581329808297 1.6363292899830446
0.65411834429141 588.472628401722 10.0 2.691260312241028 2.1834267188874708
265.1816869894249 771.9368567982017 10.0 0.7768396743358991 1.781634819315671
380.7475948530169 872.5963968667659 10.0 2.3728360804600834 3.025983303227249
476.62737294700884 530.3120611492236 10.0 3.0176957561731546 0.14815704867067978
76.5138515820415 447.44047378861006 10.0 2.8964627330956114 0.5858039769572972
480.6619576288455 908.2442291790547 10.0 1.8631920361454684 1.2388695829409866
446.6409047453888 875.4743384014623 10.0 1.2621599181293153 4.886563166682513
393.9286931755939 166.59684728310552 10.0 0.25694693463574225 5.508668505160923
29.947244195558277 908.4247273243659 10.0 1.4266854626788004 0.606312479672522
358.12462079542047 196.45487245627012 10.0 2.349107861038256 1.3951573300673181
482.1842640386634 643.9996217326749 10.0 0.6985436106803163 3.2579976127496835
465.09937043639025 296.2406142606875 10.0 0.9729113159449516 5.642597131051413
236.01364332703406 205.62253093191885 10.0 0.707555789526519 5.4176862675795245
163.91826670852257 817.5428695391923 10.0 0.0593807351127752 2.3252176401355067
432.98799289593023 199.08312378772575 10.0 1.0406415406013594 3.4841014086166213
261.2175104358078 58.565802775028764 10.0 2.200172972641214 3.254811036588665
301.3627584481116 450.01081453372683 10.0 0.394296280549289 1.7141476665929778
251.17979567699362 34.10366639233231 10.0 2.3097238735046415 1.6389874627501404
278.5675357654291 776.0772128500809 10.0 2.605319848964838 4.947245982158971
336.4584258933679 0.9475782264671828 10.0 0.8489085678308921 0.8343075666590175
302.1649930421487 797.833873371186 10.0 0.57400594874366 0.4357211588264065
126.37797245267419 867.6307708336913 10.0 0.592348071048512 0.01641627955704451
318.1253736799486 42.09153018669931 10.0 2.98558701234022 6.167503285649567
123.73976639009321 867.4184777151727 10.0 1.9723726276542153 2.372464149213362
180.24487512213872 841.7471099334031 10.0 3.016717311033153 0.7444207156755662
236.56014368084698 123.44856565102525 10.0 0.2516828399633041 6.177755700175233
239.5359478475591 785.9647909984213 10.0 2.627476492520063 3.8394978508976956
176.0697833741341 984.929488001318 10.0 1.128515135729283 3.5212091263352274
47.41757540841696 724.6171565621671 10.0 2.621248240618077 6.057607939121416
227.30206256824027 263.30142230056885 10.0 3.0484798439927534 0.4486390423293639
221.5338292269694 580.8930740799748 10.0 1.3871231984965113 1.514929414312961
3.5987265983423167 747.2672191567403 10.0 2.096788779740337 4.748632646894127
148.02861374899035 475.97811796279746 10.0 2.0425717340006435 1.032337100018294
421.3608468456224 625.5990630341508 10.0 0.7317620416184953 4.574806972490977
319.10492919653984 919.714145704182 10.0 0.20519922722092804 5.939618613472946
256.3733384621778 696.6274048760934 10.0 2.4059031660091383 0.36814777012389305
229.69662339733054 71.14410498422441 10.0 0.8060173450101178 5.739611183425707
268.03105884911804 493.3181640041232 10.0 0.03897155910007095 3.3174730959207896
382.08084444920945 322.8482275123001 10.0 0.044727834339403444 1.6202976539851148
2.7945691925293503 702.8446474911002 10.0 1.6503970419571141 3.1314625260257243
72.25928863162918 712.9781267235269 10.0 1.319804336869491 2.825030998544897
13.203903994953691 509.5602515001664 10.0 2.1552959292915896 3.7142618622374237
256.9363696409506 918.8948284308862 10.0 2.804665106829308 1.010517131218876
353.7782111149349 740.2784002373312 10.0 2.750899885603416 0.7128045683053281
424.9224147373223 836.3170503822831 10.0 1.940777724195289 4.691208929255429
340.12955882350565 940.7657795592622 10.0 1.0348217905388424 2.669453810496454
21.79008466049287 997.8859907924714 10.0 0.07208171758883254 3.8112593497296863
182.61893257765004 762.3552240264046 10.0 1.4456921262125095 4.305623893363755
101.6120595723683 335.0529194473788 10.0 0.6552911471797134 6.232944771960858
230.88264723910035 287.5845007075442 10.0 2.1543130512457527 4.245208829281667
4.608109652573466 37.195660087406715 10.0 1.549223616431166 0.4747431341905103
190.5572011637931 173.76722186606585 10.0 0.14188079974182236 3.977808327505337
484.5298496498592 511.8705035364018 10.0 1.521254546066913 2.1959440259074943
298.5307867144713 743.4020776799596 10.0 0.4385560495018352 1.830765363563737
334.6109644647802 700.1054093148713 10.0 1.0536908137287582 4.203453352878281
68.0494649953074 400.3267924891762 10.0 0.5730959214829221 3.573005623199332
185.9114248586104 250.64114696284946 10.0 0.30940344268825276 3.1856332382842636
340.00629759213 0.5229286671644129 10.0 0.6094777535075437 3.729431674004228
276.8835138915345 307.02631676737514 10.0 1.0430510688143568 1.488657474357604
1.7413872377736728 56.477695741028015 10.0 1.96724684009778 0.0695699793826749
117.98795594237504 911.4727446577938 10.0 1.1800665769062035 3.202182366189859
359.6810717573614 904.0093880460357 10.0 2.9900164983071007 4.773997121488247
100.18815145211678 279.37718351326447 10.0 2.986905459713509 0.2591854029484319
277.14430144413603 210.46218385582984 10.0 0.011947649910221288 4.786504357633249
221.15082041935975 448.4160615148429 10.0 3.134376674400686 2.3742915834902445
313.64447029768127 453.17701123045 10.0 0.3158384315938544 1.3599354104756745
227.9809572071239 56.11891921388023 10.0 2.856313606167221 2.8528804374227295
227.01464559347224 247.14450409616438 10.0 0.754780217668194 2.7638406980568324
100.31942576617003 249.8273281031721 10.0 1.7930169099889872 0.06874168146950885
324.68444758914416 650.7462397091623 10.0 2.8336604102597933 2.7725108767782776
422.63112391129073 982.9452229352386 10.0 2.726153184609391 1.2000906649708745
275.43666167216134 828.4906907990324 10.0 0.743707780274177 4.25549885661504
319.5120941845099 201.38698608875671 10.0 1.7901146712617955 5.499596696786518
117.97171181969424 699.6501655004683 10.0 2.1507874798255866 4.250266991806716
252.84339445764704 674.129521701329 10.0 2.362098523103356 3.643981232316246
327.6081335547406 451.7045350697746 10.0 0.9518812826977288 2.9806573744027927
104.62014678637549 471.77472492483463 10.0 0.5123740079358403 6.146799237985482
427.44711193936587 47.49877500325606 10.0 1.0703681327451375 0.3247157168878374
94.28368570165208 347.02815933845244 10.0 0.6373472915994377 2.2914789950324908
255.3293159213532 105.01975447561207 10.0 2.6505598824987926 1.3548608033808756
204.38505681258246 521.000861965666 10.0 1.3029111626212726 3.9399011521363048
122.91204614636669 778.6992177590345 10.0 1.027420352009693 3.8787061306822204
413.4078502365343 629.2397685553709 10.0 2.0667077817502078 3.416963269132309
228.19489402430477 521.1485788056443 10.0 2.5089056136193384 5.311492684867933
159.5787352145633 831.3937903321059 10.0 1.1519216281489562 2.9680010210887233
307.8220371953651 854.2324354010635 10.0 2.103500697107011 4.950028336411313
84.49349788873872 338.42099762262455 10.0 1.7545082610959941 4.679774923425802
140.4891791946947 528.3864166211764 10.0 1.057817722789365 4.4215762784064445
230.38700447878762 861.243874508602 10.0 1.5688648386927762 2.1229642069406363
137.7834782532723 699.0860837353608 10.0 1.4828482038136088 4.368735770174331
489.8750073186439 734.7584053865005 10.0 0.5926074901391526 3.97854569363971
383.7843426487369 999.3728633666963 10.0 0.9558637193790211 3.2853490940819556
231.9960781545814 721.1034285931651 10.0 0.22466564781807366 2.100702892542841
109.75341891735879 637.3435020844256 10.0 1.345578298245246 5.98925824247973
153.38161969312802 746.0966065740392 10.0 2.013820341885393 5.384826890341555
215.24180307776808 897.5089392827952 10.0 2.9112869235428818 0.5230536130190299
28.382273328053763 72.74300816831614 10.0 2.6338412080557045 4.769367588725003
71.94255158318758 674.9292588849021 10.0 2.6359822211559196 2.074825042919109
156.97868521050128 665.7227791477892 10.0 1.2963323666893314 0.1648715002759468
471.61677919781584 921.03057947277 10.0 0.8308883608860715 0.1879461706719826
434.3048256569701 750.7640381447451 10.0 2.040273227215617 1.7628579696002318
204.42126777720443 130.01058063518656 10.0 1.9846897549141493 5.241272235929081
90.61202149961079 822.8072729399875 10.0 0.40582712477136423 1.4293835397488448
378.9658992253076 244.73836867232924 10.0 2.8993195526778446 2.194448845070528
275.5017510872176 606.8675456096894 10.0 1.334054763115148 5.706727632027581
220.42887013566127 611.0553868992963 10.0 2.780272138863343 4.438121827973646
285.2553950689885 725.5005654353255 10.0 2.8222317092394573 3.6059375949732337
208.05797531233762 859.3834834694987 10.0 1.6197667270165361 0.03577753012780721
357.0889740429906 76.77921374686359 10.0 0.030390162777457895 1.5543687742833727
38.385906502260255 842.5462533641662 10.0 1.1203744050513242 5.188157530652586
79.16114443249444 176.6863635366269 10.0 2.488247939123783 1.822551577029634
25.487901963301308 8.710028239242163 10.0 1.200972508253281 1.4990102577871933
90.1624128916012 969.8306897727205 10.0 1.2884197945816622 3.3874452750876696
174.60962986980948 838.3508617439179 10.0 1.6202504212788407 0.14745760878319455
367.3138741309384 862.3911716883986 10.0 3.007984808926888 5.228968136390239
290.4936672570235 224.1534295166693 10.0 0.1888342877333131 0.12096422149547309
26.60336168433175 981.1971692407805 10.0 2.8416547358760504 6.193863526853655
106.73254318769587 922.7485714526508 10.0 1.8176431240453568 5.074367372974943
184.0873947383258 912.8497973670366 10.0 2.6930429599454593 3.414938227364105
47.47648805025362 457.1952091837985 10.0 0.028414145472018856 1.0574403334267937
52.086851523654445 426.79113005416156 10.0 1.685150805923289 5.410880668855454
357.82413706859484 99.11334401375582 10.0 0.1518814026201893 6.2693739591597994
69.10460710421168 936.2273676323906 10.0 0.4339213706305353 2.1644379545285717
464.2240952395576 809.3739800076794 10.0 0.28645133365920344 3.976460385811209
487.2932113489454 700.8123875496648 10.0 1.5238481949671923 5.693529058791573
51.21572726215901 266.25271473194533 10.0 0.8136562893859496 4.839847382140182
466.30070708648435 24.997566168044607 10.0 1.9763963817281278 6.023701793768363
465.8371057516742 359.9526411781352 10.0 0.9547302959325973 2.665759809309726
347.3227871624998 955.954507906314 10.0 2.561724324053955 3.2003991919602885
186.0283658186535 782.4033257180624 10.0 1.328309211013268 3.8516089139623815
406.18935687199996 234.97687474347583 10.0 3.0409254625075315 1.0901505290719617
214.35854459226832 591.2419005049948 10.0 0.8387298646362529 4.49612835433198
9.313666958946198 506.26719989874493 10.0 0.33529718683413007 1.0870363835947843
383.4039712288603 876.8824465719612 10.0 2.1425411023198166 4.340773401955301
221.3320799300982 37.01545239744319 10.0 1.1213565386908853 3.995657055735098
184.10649087605057 911.5800264172663 10.0 3.0271275725277755 3.767150769682103
38.26266095250958 452.67518418433883 10.0 1.4454612052335538 4.799880176095494
353.4394651987035 409.39577329610245 10.0 2.086225672789864 0.7610854590631081
45.010711960935815 241.3438700316425 10.0 2.976218872463372 4.296556396388273
82.70983666239206 775.9687776101873 10.0 0.7386215936412072 0.041537569133138254
421.0493173099957 31.153234650298845 10.0 1.2097840909517665 0.31233608187983286
332.8242029059497 477.001691704382 10.0 0.1296805955228161 4.14108570263548
343.1030531249605 894.5764231209462 10.0 1.109058758284949 4.473919370315272
367.84721447578823 904.3657115058304 10.0 1.6655351771374882 1.777782986614882
458.66309632407706 183.5575482828614 10.0 0.2042844682642816 0.1259837898827992
243.18031303408156 368.73153593960916 10.0 1.8655992853282082 1.8449178873426426
229.16158371778266 649.3705233513276 10.0 2.4900244417722397 3.6060535884197105
109.6889407742706 97.63256605345605 10.0 1.2788112849584514 5.836373423206976
66.63370675216979 851.113123183675 10.0 1.5752265178178677 3.0988798904600605
320.10636109056895 367.8662220792501 10.0 0.8705127057637748 1.5916341320445568
312.6953215215421 106.74234054882348 10.0 1.1337546724769862 3.25304563247536
449.0422249602152 151.1401246515487 10.0 0.91297559140852 6.266621169270108
233.6644813863228 490.55774823037865 10.0 0.1165055310694046 3.18943945712152
462.92401190928035 901.8690854660806 10.0 2.4900250127988466 5.794954984591264
330.654794755738 631.0387321524375 10.0 2.9185163392945284 0.995825088732423
401.19941669084056 366.0291246072788 10.0 3.0868234284079414 4.099789753474041
388.46892223927813 312.9419412797018 10.0 2.3825327559009257 6.275194095030088
55.127888777421475 539.9750335224566 10.0 0.5124300905317284 1.046489856989216
312.12017905629483 137.5654080769224 10.0 0.5448314682688383 6.1872716383427395
255.48936971949055 158.12748480487426 10.0 1.338592167103251 2.4405465740658423
424.81044887431733 745.085245695023 10.0 0.867600152441531 1.6393482087428168
5.5384689995175425 338.4359320918177 10.0 2.549286668951448 3.583118816597522
26.192535152930407 352.87144272414537 10.0 0.7353532094008224 5.65873178455637
320.5320079493798 264.5238153299974 10.0 0.7039337796968365 2.56470809330251
134.74508538328018 613.6888479454823 10.0 1.2118919384863345 4.364064059499044
260.1582505917286 33.42206884522936 10.0 2.021190243721744 0.517312694130208
463.08812861837373 47.68979886691571 10.0 1.5742302963989867 1.9040608132935513
265.19590370999595 47.797186698386064 10.0 1.2924451314013392 4.16486832928931
300.0674622670778 552.1043002098097 10.0 0.33238376603951375 2.1260637078352898
34.730880907402174 581.5802376453487 10.0 1.9920951548915093 3.600283061318712
98.43595462401278 742.534392396492 10.0 0.09657332470617637 1.2190748586218114
305.2591178506091 397.90304693004964 10.0 3.082221006790944 0.31913357390860203
191.9598612725078 129.75862365635294 10.0 1.8724258876392166 4.3148858135113155
18.0035191400566 548.2476764580111 10.0 1.3167972037102258 5.031255926186747
190.77835221797295 385.95316894254915 10.0 0.2828910704511741 5.2034890736189405
485.7730520564374 731.7155174370192 10.0 2.087298889025774 1.7404823858867775
228.8443367129836 204.2355763324659 10.0 1.4257693135847855 1.8366444406890063
295.6922874174715 843.322462308467 10.0 1.2210399392853004 1.8172780541015283
362.274689499175 505.43760214753763 10.0 1.0381461702396821 2.4837492998453903
309.1294288714705 590.2258516578133 10.0 1.4599407917865603 5.4837493525149945
42.43805110891985 996.0132272242911 10.0 2.7960906985796288 4.1077017725843366
245.1508589156608 304.79019191891564 10.0 2.469115131585639 3.8605554380114566
212.60827242427382 330.98829322046873 10.0 0.28374485883318734 1.497460655385719
458.8305149119466 333.39715329616826 10.0 1.3994366042302784 5.499604740867193
202.01170221319336 385.85772472822487 10.0 0.8893678465668919 5.583399127417951
150.7421271133731 629.9067617628181 10.0 0.9729385732254621 3.782175295928283
216.09633196115746 391.33694744160863 10.0 1.0252934256479191 0.6668576732246865
368.96233022545584 432.67543612041845 10.0 0.8541514605592306 4.194825214154409
346.85105259755096 934.8733861939371 10.0 1.924939158533602 4.3439598124796746
289.9130716711188 154.03755300979793 10.0 2.262953669022227 5.87158278022967
152.00309331429617 82.82454135356576 10.0 2.1173631295113284 5.917055822731166
389.37104868663414 861.1567198497241 10.0 0.021243619060057586 3.007707833914277
476.9216400310601 127.20890737326862 10.0 0.8546355504847193 0.48093301780858516
239.97269054956365 977.1527158873225 10.0 2.984584239757264 4.2060712552343755
318.05604270594057 710.9357178916747 10.0 0.4287997930080423 4.432900503015467
296.5425186489332 81.41072092068802 10.0 2.0732553768899957 0.2729604345164369
151.73647866079781 335.42007175461663 10.0 2.3837819024455196 2.5585124913566824
155.57312130186807 937.9788440318082 10.0 0.6812926531594936 1.0464711778055469
277.16529113033124 504.48950631122415 10.0 2.8377826156678956 4.610153996320526
400.18491502833666 130.96035582340272 10.0 3.1160039267872657 5.800846939327115
347.42712724909654 8.488386088103317 10.0 2.341863350343406 1.3090264820497541
266.893761550168 935.8067631576681 10.0 2.019113845429925 5.818779269378095
387.3460388062097 102.48618064701498 10.0 2.5035378628965423 0.8293529828815613
495.51450419257145 305.4179436260146 10.0 0.22290145194774322 6.19714147182685
222.01759920141683 582.4962008950706 10.0 0.0886906349990138 1.6687832364868995
348.52868294412957 99.95575441926886 10.0 2.749126998999716 5.25694706939791
364.84419620698594 13.610532376729045 10.0 2.66691403814607 4.4240036413125585
411.2444955787822 939.2772806733635 10.0 0.2669456835581708 3.446004143109354
38.901632200196715 613.9580551915816 10.0 2.68615701714819 3.198532684639315
409.07704430364555 306.89383248618395 10.0 0.6689223471301151 2.096205578727475
130.4651281409485 548.3911922096598 10.0 1.5860193708651582 5.754633179401351
403.2771327765707 784.3622356602044 10.0 2.846842171731522 4.233667975002431
498.52292628919747 635.8081038648972 10.0 0.4152333164200359 1.1451725851242593
351.43666413315475 545.0143391020661 10.0 2.3131538821808713 6.07799233303024
189.10549480448663 724.0163213757722 10.0 3.009571276293112 2.477179044058284
144.09875958078922 485.93138079127885 10.0 2.8603533151446925 0.8536362591932494
228.2586000027948 236.0440374848597 10.0 0.03200089711877326 5.003108021305903
353.8007636834565 627.0689042812023 10.0 2.952827100208103 5.540819610219886
292.48825313825813 641.8056053598638 10.0 0.3516796348468109 2.899530962916531
57.87815531202184 656.4390837113225 10.0 1.7292984808195841 3.3836562477293137
180.50571925389502 859.0270847682514 10.0 1.0945884275197544 2.318632419830373
221.3577352746982 750.2563951631407 10.0 1.1643770990845674 4.420083031416583
135.10074770578862 837.3383936186359 10.0 2.1123052176737382 1.284631525525976
251.26785255739992 46.95271002772794 10.0 0.5726684309550772 0.6123522675165913
188.97099211273243 829.4382690594826 10.0 1.7548125164076456 2.8258139618892164
458.69415567266316 403.9685007259024 10.0 2.4154448872715992 2.1346961759541268
333.3359916773384 103.2380672370622 10.0 2.724817862236274 3.639953469607299
289.9087241791052 316.22606308572864 10.0 2.031391167596042 3.6535585187815305
433.16355124545265 98.89101568515545 10.0 1.0277983108629383 2.692664160733854
312.9008470779737 125.19112534333088 10.0 0.6717761878704133 1.1835565556192589
437.8369553798147 284.6127760850842 10.0 0.9324148203613836 0.32079446543480267
70.63756764436913 897.4291429524911 10.0 0.32439767241310064 5.743943211093494
61.09085754009397 215.1999388191498 10.0 2.2519686845811417 3.966069479679026
37.38204905814408 601.5623883987026 10.0 2.4278936579783212 1.6111336296778909
229.04412690833837 547.152374111281 10.0 1.2907511207194906 1.6863176279837333
39.39792137025633 462.5342022583754 10.0 1.9474874053810838 5.878775525544754
220.1577882499019 14.305889814619 10.0 0.46064352209519055 4.392486356646076
126.36778710415946 622.0866711610562 10.0 0.4845581891499546 4.333331227700423
45.9460728532744 617.8815155206111 10.0 0.3675772660397857 1.7198559463365242
4.853915642846706 484.3578530262016 10.0 0.045973900506595354 5.179651585480433
246.26879416997792 534.8572297499924 10.0 2.3599342698685963 4.7382896731598745
270.1293223275835 375.5049716945574 10.0 2.716373254441628 1.3324744474696473
398.03317423136997 498.5691428042223 10.0 0.05088520555761835 4.701961317332437
297.7073182982998 396.2596938751025 10.0 1.4212797722905275 4.26851046247041
261.13317427603624 655.4474230465304 10.0 1.943914232849891 5.335439708783534
280.89770092464425 596.3216348561297 10.0 1.1614011716187655 6.1284952495435085
110.45452644512882 151.79416545565638 10.0 2.4124698780627325 4.980457788926903
25.71765968180112 849.4969137065766 10.0 0.9281259971129351 4.789535352222068
427.77353860578353 954.5087658929194 10.0 1.2824551735773986 1.2772459630806978
239.4854965395564 58.48703269825184 10.0 2.3841075328725356 2.0042047096855446
252.37788033584317 659.6673517251888 10.0 0.2640719325211084 4.660499770730799
174.42548531316416 568.2353710616434 10.0 2.2224851109197603 5.654159759435697
114.23732899776296 292.8625102472274 10.0 2.6543027842541207 4.538561774226924
112.61162259250057 916.7367689716331 10.0 1.3019100170358293 5.9049890585065805
98.55276961660309 355.2094855663679 10.0 2.676011598457917 3.241189345903831
303.57880703960546 302.2168287741329 10.0 1.6080922774745299 3.4339590398542543
215.5114759187562 618.9251524482195 10.0 1.8705207025419333 1.9142232951133278
90.92925555045234 395.58710225395674 10.0 0.5770921471728643 6.110293356181849
374.07676135535 426.38587073113933 10.0 2.781328107940436 0.03945825777709842
89.26253288356322 377.0823811730162 10.0 2.5257566772692908 0.04301737836144088
383.64026216026156 496.57089388661603 10.0 0.06706442132063173 2.7137712143740966
397.7569920754407 325.98641634134304 10.0 1.746655547043157 3.0131587145272163
32.364803430941166 492.79692124323714 10.0 2.5335589828907583 6.2596200918932245
461.7311847846549 342.35220049364256 10.0 2.566009149090301 2.0018092290346825
416.04616616133865 855.6505941112597 10.0 0.9797596783898862 3.424861568754797
318.5129606534644 29.623207289104503 10.0 1.0768326930851913 5.35295736463331
316.3216950392575 655.0250841189988 10.0 1.7411741045143239 0.7351480047861454
88.94462483900195 217.0615950473057 10.0 1.6997718637799333 1.857815149781606
52.05397925575356 465.1667022801266 10.0 1.5556692773508116 4.433848206341099
200.85221180432134 50.89008791289784 10.0 1.1378345665175031 3.8924740983726984
352.7177137769674 516.6381315885081 10.0 0.07335142109342659 2.130274930020108
455.8069576739843 833.0531481811404 10.0 1.8819202658188436 1.4531348372483717
427.61789509491007 629.1045320346358 10.0 2.6043843269322218 0.2637201395826711
175.5071670802234 236.50426423568538 10.0 1.970518508508685 1.0791503767115815
29.767350874172983 678.8484130351331 10.0 1.0415200768015007 3.132409120485854
289.10854562849005 775.925273304474 10.0 2.7401259120127732 4.782463661072064
438.251917698565 604.9199468524782 10.0 0.21933287581692767 3.0196562192936005
347.83116783139076 662.784059197415 10.0 1.6901052469648155 5.584304572042402
407.9111881035508 207.828670150488 10.0 0.6779107816270775 2.25481540377644
78.17115536511166 423.6369391124769 10.0 1.2029619582918898 2.432583847341492
260.1631671755244 244.6830162947118 10.0 0.3806054790623708 1.6528231362507402
210.0452094203018 910.5818040023813 10.0 1.814557308290775 1.1451057903595876
413.8008157831496 574.6838565112731 10.0 0.181022786020996 4.444263681154836
441.1962023866761 582.7686171611723 10.0 2.921252998817242 1.010443315690863
279.5885487756063 358.8781721383455 10.0 1.7614276861022646 4.697271515923642
24.187752851180356 187.87295554323936 10.0 0.038858025640433946 5.9482300646746875
67.48704146729517 568.0794160634096 10.0 0.11650492811632882 6.201607142234826
87.31617168820466 222.43954865135618 10.0 3.071168457338789 0.17045126633071195
180.33428980926215 302.86043971131704 10.0 1.7161499752897393 6.2587056627108195
425.76768459523544 800.0014175499272 10.0 0.3003227337534123 5.785305307028027
492.8110503241839 679.5256107315369 10.0 2.8769900177225916 6.055994083468604
124.34914376378802 805.8812633661994 10.0 0.9417086719221952 2.063991836246851
439.51886970078834 285.96800520018616 10.0 1.8878101160250917 4.060425891303985
498.1203985346225 467.58123682685203 10.0 0.8650325526979563 2.8827793923243172
460.9987965969393 461.3182473311604 10.0 2.9805290682060437 5.835196715689165
462.2563775396009 719.6672688061477 10.0 2.7534904534659708 6.087264850385987
481.5188551620979 903.2910071718337 10.0 2.439694583764754 3.5729956131925844
67.46700375041492 992.0543691045353 10.0 2.846892918163423 1.3354303534409004
217.45848086180857 357.135587716612 10.0 1.3359413840791792 5.873646009667116
62.30314022286338 300.59900637866633 10.0 1.7132578538513614 4.635419604139536
240.11797203789047 390.096634265554 10.0 2.1896575693543183 5.086043942095466
468.6766246269745 768.9048497818432 10.0 3.030999867398329 1.4001494861070007
341.781161512273 505.2915092200484 10.0 1.0635802660044302 3.5829544259617414
281.92254937345854 960.2481715003761 10.0 2.8483598916185944 1.8541274902648777
378.8592983382198 98.91034279102429 10.0 3.0764019346847125 1.9965343768779333
31.731908756719605 648.5291087884818 10.0 0.8464459985853169 5.791590719344428
390.94448184262194 14.64498243671375 10.0 2.150272219267629 4.8097000425647005
65.28266189149629 907.1551219401011 10.0 3.085805193027591 1.981519623178741
419.6005300296861 699.2534550024742 10.0 1.678962496520978 6.021464655624926
38.89754520490446 644.7626754369179 10.0 2.20980498747437 3.422165329887022
75.71956115976275 213.16568009195092 10.0 2.792413289264301 0.8565874727745068
229.55650817230867 966.6837096789527 10.0 0.40331971412215023 1.8380086032971246
29.27242761867116 600.0369964880214 10.0 0.7761137755891069 1.9456255664001167
402.59202037711935 991.0629379875954 10.0 2.9605359793913015 2.843015420626372
220.28094934042957 369.15588835331516 10.0 2.714832443499702 2.273167612001036
96.89545513377745 998.5321712090013 10.0 2.207279324263138 3.171957829810809
214.84035039435884 94.61164601430461 10.0 1.6757951879762982 4.692013959928861
313.96242895028564 44.34824850009511 10.0 0.5829937297897239 5.430220993585511
255.01973051546767 385.1288025441765 10.0 0.6114405299749393 0.6108204591881407
222.10554421341584 411.9003817443414 10.0 3.0923847715788018 4.020493443908761
176.46894166147646 728.474118201381 10.0 0.8764978083473398 1.945006726069144
112.16238829592056 536.4934102231355 10.0 1.2283213731800886 3.1392445582005477
492.5597945076444 964.3427974768791 10.0 2.9864240556027055 5.796854842120467
466.0270315779122 278.3133764870007 10.0 2.6689155384176266 3.6429782323772955
68.88990908340226 389.6296735540796 10.0 2.056186828694562 5.37937540290706
124.33318678083116 673.48116754381 10.0 1.6158740636426216 3.9692031665106895
436.9771679895689 749.9921715943564 10.0 1.9844841549315646 5.189685161154741
164.61702996229826 542.1011016947912 10.0 2.196504648061606 5.319184270439382
420.9729783667349 621.610882509686 10.0 0.9772595679531483 0.008431989492429669
226.28793870253028 582.2101231791497 10.0 0.7920446672719447 0.3139689903215843
376.22250594455755 937.0541339522032 10.0 2.3207319879104764 4.53630996950781
143.73524096287017 828.5343284958757 10.0 0.44478758389447764 1.304200989071796
463.49988990216525 659.1528148653066 10.0 1.4270030068595279 2.1380149230651546
373.8989582009207 604.95877713621 10.0 2.4765830323940135 2.7222101982488973
7.7467099028337145 856.7918328755313 10.0 1.4916654514389833 3.177238373581845
329.6329007184428 349.61693061572817 10.0 2.9180916770117493 5.913525094386395
115.141635802036 686.524140494857 10.0 0.9324930965642457 2.873236300949854
355.18812490354014 941.5060078156445 10.0 0.1424279760016331 3.977888543228192
347.32964687602856 33.913910578343256 10.0 0.23624700699280043 0.888235906036357
205.14476389129342 407.5344142577761 10.0 2.0326648345233544 1.6498465962462174
376.63870264130014 818.5148789631477 10.0 1.2278088002554923 1.381513626282743
13.120595206944309 138.90760037799865 10.0 2.9485152117722206 2.3065123172324946
171.11204722108013 216.3901441611732 10.0 0.8355821051495494 1.8013713843200019
361.5842414317931 995.7585734778576 10.0 2.0738723957171197 2.5750545997873795
383.1845024411024 304.07997102262607 10.0 1.0620591314702053 5.389770106459782
189.10136373061937 928.9291278465225 10.0 0.42380051635339283 5.167328848399869
240.8304435977887 877.9232847457002 10.0 1.1051788345014917 5.9805860916920945
396.34168840143656 997.8084871193275 10.0 2.5395623400486578 5.591199943619337
365.01198071911455 452.6395884141845 10.0 1.19335328116233 2.0574005115400746
137.17522256109737 913.1350582866352 10.0 2.561778494852312 4.206677877600963
62.25528885577036 693.0773704178195 10.0 1.358550051574051 4.359748970003222
406.18574872201276 483.66789456171875 10.0 1.1306565516329123 2.41800843191332
266.1832041662369 783.035205945978 10.0 1.1483621703618156 2.897555526543238
158.92960792150308 595.634110413784 10.0 2.9582533166438876 6.195507508184296
426.832234224357 485.06201379026805 10.0 0.7802115215785064 5.317531472476189
326.26796174188166 603.8584212917335 10.0 2.2518016438103867 5.143056869507343
271.58219989585814 895.1422926670199 10.0 1.8846378780379427 2.5255223074308644
209.10074777375658 263.48089488259785 10.0 1.6516410802330976 3.71212609091846
486.5264299697012 146.1731931760305 10.0 0.48683620309656067 1.7829151691966783
364.8303139696837 581.1695707179798 10.0 1.1769477068769667 0.5216087082618596
492.1108860781917 564.1390335396877 10.0 0.21852463499352098 5.1722401899642705
221.88286075898074 214.73374439979008 10.0 1.2720074017002854 1.809114435069896
111.87007576179492 30.89007798594501 10.0 2.2809912083666406 1.3934461102627267
283.61603027341334 300.04455090687844 10.0 1.999320779076837 5.813707265079982
58.08812003671948 557.4314019861064 10.0 1.7221976519352917 2.7240237899365667
407.9404251025651 834.168814617196 10.0 0.06078341996457976 3.2750316551247103
283.21295625579063 321.6283279347658 10.0 1.5266594505020892 3.467306780689714
273.98350396202073 993.6225993414118 10.0 1.821545279989615 3.1054450638473425
370.8518302791313 674.2345311543423 10.0 0.2535528466173985 1.6778645857281802
272.1237298254335 16.650522860170767 10.0 2.1815135673134787 5.897984380642495
265.1762412843967 867.1493370644588 10.0 0.8500851014026777 1.329022689016371
178.72328006786287 528.4373810196231 10.0 2.446974906814367 0.30023272676889984
262.56437029850014 507.8100784306062 10.0 1.0879657275061625 1.6229404539972545
101.88735435893736 438.15804901986553 10.0 2.9101340710761874 2.3062846922226323
314.30930106689794 993.6260707852445 10.0 2.254441498543371 0.5640253947755427
309.5781849622629 786.7718547736358 10.0 0.8775442946605329 2.0101703382698184
314.22091160546915 430.3602462991365 10.0 1.2581226539880064 3.788148702422312
176.41194536711302 174.46826368783087 10.0 0.5410606195719635 4.377344188377178
169.94973387518635 788.3649073385176 10.0 1.2102654897029168 6.078182873183482
110.46662093062865 646.6691235214549 10.0 1.0296430367287073 0.30326785536005685
81.86096912370816 300.57766233763914 10.0 0.9293509664331601 2.5317715316890648
446.4290039289515 167.49482276262717 10.0 2.022362587114217 1.108617369646464
78.28645341990025 356.1838487600961 10.0 4.196595045744073E-4 6.236629180007287
416.40894002545315 59.59972293696691 10.0 1.1149190320563807 1.014475070422312
480.98313717973485 393.8517814499588 10.0 0.2573557496176808 0.6139817471385594
434.74888052106564 39.28358499063344 10.0 1.8996717335835391 3.8886342254171398
99.6258843854459 548.4469001781214 10.0 1.0496724187681121 1.2057857015664577
58.15696797771369 725.7851622736232 10.0 2.2391030228190734 0.7975205562066129
79.162823745555 55.131340949400865 10.0 2.148713488268852 1.1282940944517728
107.49178781094997 753.6640916707356 10.0 2.1130670796498716 0.09734147102512705
448.8614114002222 664.7547888089631 10.0 0.6592495860014025 3.241941225208302
62.526674441378105 867.177560879614 10.0 2.0905411221664854 6.023746593948926
46.87322507799002 574.44327827464 10.0 0.5037727304759282 4.366301766097597
466.0220883058631 625.5575779094689 10.0 1.9611015561604295 0.3897176393532993
119.14578714411633 627.2918661889389 10.0 0.4251160024744495 5.784798504361066
198.4338591858587 598.0957007794995 10.0 0.4219708049115542 2.421754113590746
16.5093209625648 785.0676568527972 10.0 2.6366459000394222 0.19091445335602858
109.58555510881945 177.9409417319122 10.0 0.6434708532418725 0.5918827852809653
38.766778990041715 127.82927559823176 10.0 0.2116727647076374 6.178990041796904
118.63313363318584 393.5172941566206 10.0 2.188374379592614 4.263153306784806
99.61509545292219 884.3690694962636 10.0 2.6200878973036867 3.0419923822879413
18.64986282671999 346.4672447430358 10.0 1.3867508135330533 5.8645545724625725
11.225901442616149 247.3844070287492 10.0 2.525998949295932 3.4837444575043035
347.1598736396448 155.02735397758227 10.0 1.062150370571485 4.023642356325619
312.31380056653916 977.2841095513371 10.0 1.3738377740618128 0.7690746808538278
308.9481558937207 531.7422153482853 10.0 3.016035890040425 0.8949262578702047
188.52026045101294 48.53651303605411 10.0 1.5891015151103358 5.928225579900552
362.4754080174879 374.42304773841806 10.0 1.4450668313585917 1.5901934300210097
158.94140077248647 842.4652003713176 10.0 2.810587442581211 2.645169809313769
206.22573528803096 999.2571643153293 10.0 2.5344234066927265 1.2054473547110822
327.62757292591897 640.3987164433652 10.0 2.65726627476136 0.8886518818015138
26.315252806916376 894.9745947481813 10.0 2.007976318741604 3.0586032038020288
123.88312004013436 421.0806564541868 10.0 0.17674602177889265 1.2076411644171892
491.6899195214972 126.97808170897662 10.0 0.8563629941081085 0.2255423312708103
80.19422362485962 216.2461044238214 10.0 0.9076751593341001 3.626125520678786
108.2405142329116 770.3426167318966 10.0 2.019349389752007 4.829372165101154
321.61308772351526 528.2709687942967 10.0 1.2826843829400467 1.8642280237223938
168.16298676971425 0.590982254486061 10.0 0.6992957660816437 3.7634188869660954
65.42654194511482 563.8001995336565 10.0 3.140495073117748 5.714390805293711
155.89238956639988 721.15144256397 10.0 0.6174968102802887 3.842616022831631
54.937168963019424 287.261351700965 10.0 3.087070461411978 4.025274068543947
96.93825402201811 856.4035810856554 10.0 1.3459725214648728 4.223110384685975
476.1851607884849 548.1696065306045 10.0 2.7620485302545537 2.2283008622174125
460.9498590220091 689.2190451348941 10.0 0.022053896856512024 5.6776757629802095
31.43889392274718 786.130543633401 10.0 2.0290928632656096 6.018792598744626
355.3392522731679 871.9030391073702 10.0 1.2730261250491686 4.522496017265
468.2824910255196 67.44696163740905 10.0 0.7260478327723404 0.30362197304825966
370.79037125203035 989.4429174472506 10.0 1.6891538977731542 2.243093169705842
488.12844488532426 457.2358546013779 10.0 0.8386641991384226 5.514037787186908
64.98212069129633 803.9702175568658 10.0 0.7918150524837634 0.6061115199174824
82.98332273508046 980.9620575905636 10.0 1.747059465224884 5.926583350057373
195.85382418509988 559.3422828217828 10.0 0.12267820019374356 3.879952475787778
474.2948986445659 679.2944526810743 10.0 0.8290306769286818 4.878357359877578
440.74098506883934 974.7498680689982 10.0 3.1307426384810513 1.092567189698029
452.70857929626897 510.19137544228346 10.0 3.064958090023828 4.661133886116149
462.7095096587633 806.2566913676035 10.0 1.0451214103010185 3.3564747928612824
42.561489502701335 102.12100140478952 10.0 0.0921396165073725 5.759363574296601
310.4165999532189 105.17745114951748 10.0 2.9634779982184662 5.516755889162596
39.94215355220465 612.3235984326142 10.0 2.4639063179806944 2.287353242759679
262.8262937921151 552.2006078357645 10.0 2.6670154743445162 0.5591649144499148
98.14404560906092 194.02128294608912 10.0 2.3091537029857045 2.3172023760281806
355.1080048628267 496.1618156465445 10.0 1.6529854576280654 0.8571121546368103
159.34094152965324 826.4817114287058 10.0 1.983917669397796 2.828902241542669
447.0458729110305 576.3745794520552 10.0 1.3159671746995665 3.057507674535506
156.31251295854787 511.84238079508117 10.0 0.04779732830307954 1.3812521348930644
320.2873920286972 57.42437251959942 10.0 0.5166782578738551 4.6222566190933385
33.047898625859 92.60102282957816 10.0 2.612611521687863 2.5093310050346993
415.7591609053435 255.33229082503772 10.0 1.004959865693707 5.683807779216829
258.05568253389595 193.67899724073212 10.0 0.09077616045518003 3.557808622678749
447.5780478261257 683.9945170370245 10.0 1.9578249408048156 0.5589848342842597
129.20828590064664 42.963667729923216 10.0 0.9527360397749888 2.778835113562328
254.78581174326155 800.8041690309863 10.0 0.2363792955447714 2.535246958522244
293.94890825016375 174.2358982096419 10.0 1.2598797109667985 4.979014356818113
377.2353939732679 480.36117274192856 10.0 1.1844500611943023 2.6010501199368274
33.689072946179124 266.38927196797965 10.0 2.002624743063051 1.5707565449919298
466.9568659671467 595.17708439032 10.0 1.5948585128974497 3.1238260072829047
486.22508764765973 622.846790935081 10.0 1.7047869369660311 3.9850706805357534
271.33126633245695 332.2806285500094 10.0 1.5024516905449221 5.156105692278175
105.00135949863004 45.081873915024715 10.0 2.4964941915938637 3.628535345435344
49.40049509363015 124.63033320004035 10.0 1.7174401684486145 5.550299430110562
279.04871534349064 104.1493289824863 10.0 2.6698520385736866 3.314954759132779
407.64118171979226 326.24070623215505 10.0 1.3466562026199458 5.084773804021187
162.4260281333185 64.1330816547443 10.0 2.924046344452385 2.7792176861336833
166.5309221491571 9.927880070432881 10.0 0.9109649198876753 5.241922915735227
386.9930129670247 961.4164457970921 10.0 0.8848884665331024 4.664046357711223
494.2348125151253 516.5811465231164 10.0 1.7444983204714855 4.265652554225256
457.34249020756477 593.6815326077051 10.0 2.6762820899602877 2.126972070830817
168.74044010986543 634.8668077119687 10.0 2.5715559417091374 4.696490472077775
251.7202361621082 422.5438752126636 10.0 2.5666745411270404 5.033446340244604
454.7695684896052 540.2701318998639 10.0 1.2256013386371427 2.1710409971638733
177.76048407307377 643.728528941059 10.0 1.8794711070549264 6.193162865592596
206.7945021687662 872.3821455357601 10.0 0.8354019725479285 2.241514659904231
156.8651623813241 928.693970680042 10.0 0.9117162398701472 4.2957609652536135
434.48730447723506 579.337206799949 10.0 1.7392039906767498 0.44452995499313075
236.055152800554 591.6099605221895 10.0 2.0632966813527958 0.7109473682636398
191.93004401770852 408.3077566926032 10.0 2.013934179404575 0.6492554048099884
251.1215396801666 185.5957263579563 10.0 0.33247240388644195 1.9862063522012274
276.9141278134077 170.96236431187205 10.0 2.0174883345183883 3.7724941895644855
89.9050549645754 782.1245377680397 10.0 0.9507854890251547 4.897396426017858
351.65686305548513 162.79361882673626 10.0 2.8443749766818365 1.0500749679231203
229.53182061138705 437.5011416271284 10.0 1.0432448807929802 5.310179493506989
221.26339867267774 365.22147070081223 10.0 1.9467542831445042 1.3415245847813169
346.43348474298455 600.3181332244491 10.0 1.7903757437472485 4.565988838627336
131.2621253025944 309.37929737863624 10.0 2.524680615297815 4.1352712550854775
422.9799539768026 463.79765335619294 10.0 2.115196923080133 1.243407740428581
70.54174076654535 730.4877819005552 10.0 0.6676795708126945 1.1384305762370983
399.55277723062295 516.9245075469778 10.0 1.1018076520846463 1.6989250556807165
191.01799629736783 391.7237529978853 10.0 2.9797824029485835 2.9414237154535545
45.88729031592298 798.2770755036865 10.0 2.580148272448806 2.680418468118987
80.3583119957021 706.4898425442672 10.0 2.5418346472943667 0.8538840367389143
350.5118038583139 606.4622336187065 10.0 0.38892935008174373 1.4084832667770288
249.09242950107645 37.991192493464496 10.0 2.071516870086331 1.7737720020877903
352.11164956016836 671.0605468672045 10.0 2.153943186679433 2.1269187945473584
318.43709291286865 805.0256259730802 10.0 1.1393196460723478 5.345448476440026
461.6466020377629 37.987856057911216 10.0 2.549510923600755 2.2608597245702438
20.163056332661633 772.8934029057286 10.0 0.17259598301889123 1.57836721039113
449.04947262158265 173.17982225585504 10.0 0.008594309817100241 5.723681253908841
244.83235318370876 158.33286306842652 10.0 2.5085818333733485 5.836991114829645
393.3341353070833 38.50527866503772 10.0 0.8360475612184513 5.670459143349311
499.73418155837953 427.38821852277584 10.0 2.8258590499413283 5.170069822342376
19.94114259771862 143.81492943774975 10.0 2.5887780542317405 6.230265591662253
262.8472401664629 915.1156716668295 10.0 1.3346153536557654 5.677480173704992
474.14903869062306 829.0315362711617 10.0 2.779052592922778 3.523929225271645
344.15695481687646 646.0342475010813 10.0 2.2100455314145684 1.4756911238182462
204.37938246043836 280.1878565864052 10.0 1.2027718968729415 4.924320914426373
490.6554635332713 984.2274046007662 10.0 2.6625257332175987 1.5529800157012565
254.22376278031766 33.31861571181371 10.0 2.679043213310794 3.7242005282835686
96.35261769685604 992.0018655409741 10.0 1.8147389263025753 1.0489078636081586
387.02083726204603 970.112665106827 10.0 2.6400398695231484 3.876649373880914
3.6261243619597483 626.0097685196646 10.0 2.7926621278794257 4.974845634863716
91.81155401973301 59.23169100461423 10.0 1.6273862368118777 2.548344768437075
7.238882246692613 149.74046916638028 10.0 1.0722762491917324 0.33483783445426846
144.500695572433 347.2017074663101 10.0 1.2889265022577447 3.1595537106562976
297.3517073247382 391.2881762381317 10.0 0.033151809852586436 0.37155907123897886
23.052774104989517 952.7834970592381 10.0 1.228577906570734 1.2086224602985378
202.85949679534605 725.3018768501195 10.0 1.207679259126164 3.489574002963819
100.55054013703946 68.72831510840571 10.0 1.1394063073137324 6.130058081678898
221.3791055886549 908.0233847654803 10.0 2.3231130246120992 0.005433878392254596
164.94418969882656 224.82510269002998 10.0 0.8690867723520789 0.6432765575460115
447.2168239959334 144.32022816204494 10.0 2.4614786115506284 4.365306097444679
439.3192601175697 316.1454870634759 10.0 1.277090384920602 4.513671050652931
133.64386096702714 15.619322159000859 10.0 1.8814178109863549 4.077034042778238
401.5115416569036 150.39271785281971 10.0 0.10355687712278434 2.8114037758344566
250.80765833466552 147.64779234416025 10.0 0.5394107651203873 0.9176601712821463
326.89703609133164 518.2609294331249 10.0 2.9879539850309875 2.9789495214168427
25.607488936690515 746.8871851573714 10.0 0.13320858315830353 1.1057931914217385
103.1850622155 40.710885283227974 10.0 1.4459814995060465 2.78394140668765
74.8620931153442 384.64730471090104 10.0 2.70934169402679 1.1945507557355148
491.04262505190894 297.0684531990872 10.0 2.345470608782876 4.663047789376497
368.0979071475175 657.6658895505867 10.0 2.8035562527655022 5.445240638490814
129.37828659261243 987.852034184718 10.0 2.5702736560837725 6.1882882033305755
381.2855449528372 604.1404657961327 10.0 2.2843587648957673 5.19858444080747
209.1135468051033 136.23540998160655 10.0 1.2668741782049093 4.772141187168443
427.85306055646265 4.098582713767285 10.0 2.4570201646368797 3.1275352395140046
364.26988705625723 582.0519414809789 10.0 1.482178476130845 6.033115064291363
278.30387989617793 943.0126106974456 10.0 1.0274237228305783 3.4637168061178145
454.1996001685327 272.24657552924026 10.0 0.9102346239296712 1.6815029875232892
304.76758299865173 267.5655535809719 10.0 0.3193873430298854 3.957644369838771
35.788630042816294 101.68185314128009 10.0 0.5253596883930628 3.7363648678416697
11.811704511224374 812.4737646845842 10.0 2.5085640818796175 1.7709428627796733
449.459332720563 308.2041605651209 10.0 0.9742916758049505 3.5440855668802533
439.8426404818363 527.2733239921794 10.0 2.9789427030782973 1.936831927881864
67.80153455652254 675.8765428724781 10.0 1.367679311541648 2.0998127185657722
52.42375114236103 881.9757944993672 10.0 3.118143073585027 6.029574578691875
380.6597732976705 50.284120353030204 10.0 0.18865733766443982 2.133271619751075
343.838892874279 180.50001827098515 10.0 1.821251603951568 4.236678964156086
215.50506421202164 919.8187477619335 10.0 1.9632447188351465 4.78770359531734
28.229375979696712 660.7859757220643 10.0 1.1565581314969111 1.8816235064007376
16.919185096363478 66.84868102689923 10.0 2.7067770331302032 5.025982612004208
296.6325628101983 510.4970035824327 10.0 2.741696819312972 6.2015243355256935
234.01954290981485 542.6799138161088 10.0 0.20261151901955973 0.3183212129176154
253.25021836053045 177.21670053274707 10.0 0.43842542061870415 1.2859213718182925
489.65301446830887 470.21517954128166 10.0 0.5565180196027208 3.604031310760986
267.2746602415467 602.0466893122714 10.0 0.8924151637709622 3.485512666488093
330.1865669018758 428.2170204268531 10.0 2.680346933159448 2.825116649051201
101.60096542573238 255.51145252748464 10.0 0.5572657583462849 2.1439370530555704
479.7229497269856 421.0810756817684 10.0 2.834220735883115 5.679017609405711
304.7532620532846 104.67668663331608 10.0 2.5653966320535906 0.48354441861384434
147.56966284188937 688.0258190414962 10.0 2.4516370041896116 1.9325445923749751
477.35324075749025 890.3870858422879 10.0 0.5142326891305169 2.33896128026017
62.78906388883332 855.6052478940547 10.0 0.11567320219591833 3.9354667439260913
149.45903673195414 343.5301568955554 10.0 1.534761576265924 5.631350528695996
34.65802418205166 187.4502699699182 10.0 2.746958705438299 0.8173857044690306
130.10261327313182 219.23219251796243 10.0 1.5737133140067683 2.215211037216908
462.8651121294122 935.1456101845597 10.0 0.743289863442638 2.714325590814767
315.35376449310473 277.8924307963947 10.0 2.5351993659761933 4.149913514399238
346.27336689462174 44.14811027336762 10.0 0.25101796791499004 1.0838882588247563
66.23877480379664 591.9620274924507 10.0 1.4918214347580823 4.9216322340548375
464.07699513044435 718.6528042234409 10.0 2.330212969908698 5.747444738434948
392.84205775853445 807.3738461769698 10.0 2.3411784889887937 5.623607449132599
28.179885891775946 599.3129178134766 10.0 1.7733818985837762 0.42617314378746074
305.91872617047454 238.52932811898842 10.0 0.5381350971988256 5.195625077773585
230.62425793257668 557.7203317284524 10.0 0.5830989308331839 5.683748628288688
322.34622610399487 925.748856598596 10.0 2.274354398863262 6.190830770865553
234.89739782544 361.5522318772203 10.0 0.4833774791618617 6.219494836229973
235.74328095650543 34.09163170710406 10.0 2.03191891542827 1.144207819073302
284.9447993825091 714.2908216558421 10.0 2.4568667547418723 3.6814305041120283
388.5841701933591 222.45146285341588 10.0 0.30289775275568886 0.4356180422239205
230.7175845854232 423.42188684001036 10.0 1.2446467407716737 5.350099847099648
307.1364883704788 861.8347409091737 10.0 2.6804414710620432 0.7482867252751488
394.0826468881662 701.0185737593191 10.0 1.229906933847222 5.6590948575417235
185.55050213963847 231.72672154008643 10.0 2.002649781646931 2.1395224669413535
323.923318869402 850.6168196372455 10.0 2.3723765145423594 0.23942275249221634
330.4282992997887 73.4524785135623 10.0 2.5645196116060474 1.09888431277763
114.25889706475134 844.2883859676712 10.0 3.035141844551512 4.630626220577133
302.2007395559466 129.4386957829553 10.0 1.6854194815499632 1.6371432327594126
84.21115005585078 543.8179561635459 10.0 1.3574431952796542 1.1068788539582393
114.6403824225869 547.2826496879647 10.0 1.7845651234050774 0.05558480604015191
243.64575149116635 569.890553822327 10.0 2.7451770075520994 2.5308598371841655
478.8386217251842 277.5344830162763 10.0 1.238664701283599 1.1469615215248938
93.31697645695041 73.19533306186588 10.0 0.9955294185957547 2.745587209910164
202.97493764123104 844.0992489258497 10.0 1.0458941463307476 5.76967889756728
433.34368110440994 911.3522282393722 10.0 1.888525107453009 5.558607973708456
484.20658886663773 116.16465510959073 10.0 2.273907189867982 5.555376331006938
478.8446916099283 985.5675666611908 10.0 1.784043533523016 5.501283005121318
454.0067638822603 960.5610532570373 10.0 1.4709107945511348 3.2313022355186867
206.56174530898764 740.9249155291864 10.0 1.0526626156441516 2.46181912666647
463.27934626839607 903.4598202616327 10.0 1.429012350998722 3.211456723185829
481.2981138059252 84.21749769946796 10.0 1.0071965766475122 1.9146052124275645
218.57840617425268 180.31626644628562 10.0 2.067367228779193 0.36268173752064026
136.00101737255793 223.2282910370551 10.0 2.9022322622819163 4.3046878252473535
5.760569164939222 802.9635227295935 10.0 2.96150052872031 2.705856552092795
304.31594181135665 181.36418319512336 10.0 0.08003042960145848 1.2833882853413077
362.3983782782746 522.7635047525256 10.0 2.7066837567296336 6.002635807786191
429.44109003078404 991.5502891518489 10.0 2.2504486790831812 4.345045289291183
185.28272228286747 818.7212792280715 10.0 3.0797959493330858 3.111779538786845
498.10986716693145 823.2909597956811 10.0 2.8726404441934243 1.0387726595688611
384.3425763549215 289.4690571935233 10.0 1.6167526846514073 5.755771514567139
173.52979913713133 546.8033281217444 10.0 2.4536137677435894 5.676884397502661
319.31003503296387 78.0260276691872 10.0 0.9902852957089959 1.3605499680762805
126.10580208613231 488.12997348426023 10.0 0.30220067576885484 2.3245051543802897
380.45883523917644 208.2403979642239 10.0 1.5263944293380358 1.6798280579535774
485.7760126207084 379.136900644981 10.0 0.009278474989668765 0.3990927960532081
199.74456156807463 961.819712572383 10.0 0.531870187073318 2.1942722986062018
464.78827883251375 756.3028105654962 10.0 2.4538509275042553 3.805984531527034
103.67450438850561 674.8558988547162 10.0 0.8995200758314685 5.85542098401569
324.74550337860353 312.2063737734642 10.0 1.7607002558221003 3.9829500775663633
44.23541138848397 582.7511189026164 10.0 0.8272169331704877 2.4212439782821282
486.74786038833486 953.6173714919219 10.0 0.4207191532625681 1.9833852045612528
369.2072409445779 592.4508087230413 10.0 0.10413126871647935 3.546150740930403
208.46006629019914 570.0980502832763 10.0 0.880168701743186 3.4667201338929647
418.1910275602039 110.88999158984902 10.0 2.6542419843747833 2.8811971846301225
376.9318343607174 767.0211290918357 10.0 0.8055465255935312 1.1504520798403244
55.67892677634967 308.55944786878155 10.0 2.0958041353709405 2.188005585637004
90.99965211075623 66.910424456873 10.0 1.1665900314976685 4.831305946674593
377.4947025359844 447.09744818041196 10.0 0.692701487648158 0.9964800139401727
332.0979032779783 333.0105104283397 10.0 2.5078189916015674 4.724633255482306
451.9326536251618 149.81381847310627 10.0 2.9032695481551873 5.9868310268332285
147.30767098117053 418.99175893683196 10.0 0.12194012130477852 0.48618429711583566
81.92312668807611 744.0524685534111 10.0 0.9157945460256812 4.749881100912988
393.4710538153587 298.69660345522044 10.0 2.1902034542473547 3.6565124886333176
199.55284713236304 54.2982213233415 10.0 1.761219115409384 0.946869464211482
216.19941712512752 179.83388579360872 10.0 1.4924201483712314 4.520476096766615
129.26806268500573 274.93491618758867 10.0 1.8657227110202583 2.1156524583717116
62.60350436731393 355.5269724028376 10.0 1.7207517959905716 2.759247753435935
81.0886079805575 801.5602737028347 10.0 1.0452068091893076 3.737443309239945
151.57361845894508 797.6222541590408 10.0 2.296443854590894 1.7811117048407725
360.16123139403805 149.76451728393357 10.0 1.074262195474011 2.182657455899662
450.43790605500647 745.664021478275 10.0 0.31211181584867587 0.13501185529188012
403.98002800460546 340.2782017862449 10.0 0.7210352335319234 1.6101880275322198
331.82709993823465 795.44223187618 10.0 3.0341428653598794 2.4152439905025145
383.60225657242415 379.3962969329424 10.0 3.0664047241669934 0.3147918870464322
209.57349542048885 241.01921397575765 10.0 1.2028767635961666 4.52144007209328
230.18772341624833 713.5842212757433 10.0 1.4457939191319185 0.1367252512584106
77.4726090701533 674.1416239125494 10.0 1.8084808871470073 3.9565707000024957
73.18968697388678 787.1721966550476 10.0 2.243528741062636 2.4371591865938194
499.7354782043489 94.9438993059759 10.0 3.0359419746333915 5.735078728227135
201.52552181242106 82.04437135657284 10.0 2.1833818840410024 5.979183057028621
226.9597030084094 37.84951929553737 10.0 2.2031080462236945 2.3272361487781796
284.0552709589873 268.2288211601507 10.0 1.9071579288510874 4.775443493379645
236.44752127223623 466.57615934844955 10.0 2.6374071675257773 1.8843971852209092
210.69616513151252 344.2944815970029 10.0 0.18849677315844324 4.383820503705055
120.69881271502086 442.1512952065694 10.0 1.9302319206932044 4.631423230499004
40.501248916084364 896.4617241081896 10.0 1.879065105643347 1.3051125743256489
372.9073713167234 817.8440243042203 10.0 1.34204181056474 4.812543211027509
168.03024089912 855.332353749063 10.0 1.213071812573606 3.6543920036056834
243.28842085889147 464.9199495974171 10.0 1.518413599538501 2.899929701547543
444.3408013286265 379.14561447255466 10.0 0.2708151865283914 3.2024858905057747
465.0655817080488 783.1248270808723 10.0 0.7281474822437113 1.7786941359020552
113.92818902639546 742.4662851099282 10.0 0.6652528536151766 5.2335759830062
273.9453571764944 499.8036207676089 10.0 0.05356592940256768 6.175102078927975
53.94164876348812 359.21108700337976 10.0 1.5487648035980703 4.324222594816327
269.9073512190318 11.56097188136529 10.0 1.8989840497698964 2.183303949639932
427.0054325897581 318.91983658640663 10.0 0.12356422640383725 3.0650319074630565
295.13821501995443 772.3694354639756 10.0 1.5350988744313263 2.1308281203534283
483.9727628021547 65.17739250296917 10.0 1.0493891945708536 2.6709726645844327
126.93755285525698 482.03178172055203 10.0 0.4567771187764133 2.832833686941813
377.9406884713273 95.09276350614427 10.0 1.0867998966644585 2.8113029830369602
409.4238928178186 78.9034694354942 10.0 2.0020812417222724 2.165628052852213
475.85416183772645 808.7415980906487 10.0 0.9228073999221019 5.578559340722124
372.86879260304414 790.7817154420231 10.0 0.7312528498993962 0.5492656301821778
279.02728277143143 887.478265637737 10.0 2.6631774579043554 1.2373060345592886
14.487286525547427 747.867170620715 10.0 2.9825136772388694 3.4644329265529574
188.90989232057748 830.0239362913667 10.0 2.5266344477329183 2.928730494931259
39.51270298617043 911.7047828719262 10.0 0.5680133327842994 5.000510261773209
479.42772058764393 525.2365340680116 10.0 1.627958140622237 4.299224385739086
486.38408463695276 324.00979048235956 10.0 2.5710248119803203 3.1175362109850133
462.22408741925216 990.4694249044286 10.0 1.9736978711106237 5.768850858549231
84.87425163921763 929.2852102638243 10.0 1.6546242128163478 4.627816583597575
456.1313425222816 654.4243788696348 10.0 2.703514964062809 5.3989886653270345
20.98666948187272 475.13721836985843 10.0 0.26330787700441466 4.60645592183254
297.2001962288564 813.4057054983023 10.0 2.970785944062021 2.685679972994778
407.4492548873489 244.1943336828487 10.0 2.9729134428259756 1.9091140331458256
250.61503439075327 139.88128773634122 10.0 2.933533303574204 2.344159678852433
383.6332030411799 621.5370773487978 10.0 1.4101296524082247 0.9487450869009737
310.82330529584704 372.257182487882 10.0 1.3953335736002141 0.43764729790035184
393.72498829909694 751.5438767913433 10.0 0.9394265532331749 1.719358796617002
1.2071726699838803 564.7716697166187 10.0 1.9876227280198944 5.889325180554534
316.9797370916402 788.059984639728 10.0 0.8705600871002307 0.47519754064280006
409.6255561845102 526.4153659366605 10.0 2.8711031314398063 1.1907684942495755
248.88389793745392 491.7952330563858 10.0 0.9464267890348294 6.194957148899885
321.15460079594624 327.7833063975941 10.0 2.2680245675557726 5.301491121953637
357.0555898244911 178.85707352388124 10.0 0.8422940037785649 4.133259424776005
434.354796920869 4.765500040197712 10.0 2.65702521522316 1.1812067296729656
360.7105054415202 274.3252515680878 10.0 1.0335326225566126 0.394304846341459
272.3927964977846 837.982107396666 10.0 0.3892113747204823 0.9052096441307516
307.5217095409677 974.7738884745072 10.0 1.6080076057605521 0.29009385247590685
25.346202818410102 836.8694102356611 10.0 1.676626628417804 1.3796981895164662
446.7013318500681 773.648071983258 10.0 2.667863681877112 1.0110730899206737
185.0191444868531 307.3230584021769 10.0 3.017101679885666 6.2180719737526715
122.13225266748474 853.4002884353778 10.0 1.3260662148070557 5.309632852515376
458.59717588472387 631.8045912891766 10.0 0.5685820726410364 1.883510392483721
234.37805995914823 598.2934481786815 10.0 3.0796012667718364 1.6358298099945474
72.46928097305432 640.8175629287992 10.0 2.6652396828011224 3.9686033762138946
445.39923080415167 731.7768723365215 10.0 0.15319334669604967 2.2487608915522244
202.54527321460702 204.6596332185424 10.0 1.6035186614003667 2.027080622019398
424.8037526745144 832.3409571169892 10.0 2.139687649051226 6.203148282034126
392.39667764654536 924.3567680057049 10.0 2.9833316544717476 3.651413620654433
61.46033484004148 231.75745746061105 10.0 0.8451202629916882 0.7257083326257007
445.54925005130633 50.68575408330223 10.0 1.1883149478738408 3.069741773030417
189.30222049112254 549.6108752360786 10.0 0.21771721898724955 2.969348775950426
403.2552229809375 10.19143259105948 10.0 0.8611548087930998 2.6992673255380644
1.1498504535348841 368.0279310349689 10.0 1.1228261993900504 1.1907630897543344
344.07334045048174 167.10474511598616 10.0 2.8030235757188944 4.035758074496089
449.38045986861084 800.5109251499621 10.0 1.1571884553646252 1.5429869630791908
366.58502810070166 700.0678991285897 10.0 2.3168592420627556 5.210113133983155
57.27269107477206 958.7812440811919 10.0 1.366315132239278 4.9709687198413635
241.5745110512787 722.5730078195522 10.0 1.6757322883154377 0.13144935093723664
189.8543673937234 571.5396004662002 10.0 3.089355790231509 4.162788832428206
345.0013044758739 26.020235301446814 10.0 1.4838280239369068 0.8396998788828814
458.08159673898706 259.0487635892328 10.0 0.9323905212332138 4.115362711554926
108.09296735128154 74.30194380134836 10.0 2.4564191285832613 5.7305501040172935
55.17733857419971 217.445524827536 10.0 0.6476265277466895 2.3292209896396896
345.8863842245801 128.81885145717197 10.0 2.806707989338476 1.24915129689778
448.9574131490463 316.6877520479422 10.0 0.3751885826966773 4.447832376065043
450.54567779205945 632.8346004860496 10.0 2.345561205001249 4.538434102234644
478.9722541783178 866.0430910468897 10.0 0.1532998227121703 1.931287447416065
60.78484204518342 234.07510941602362 10.0 0.052813515071022596 5.302202600741104
32.29249937596618 551.0252500035481 10.0 1.715487640253758 3.2877689570229576
443.72316524975463 74.47847585001976 10.0 0.9385514047537591 6.00598269045481
96.76638845880531 295.68446229210076 10.0 2.219553328878254 4.6119232324318515
450.501789558572 226.00240695040608 10.0 1.6742937446007176 2.9678385552766646
115.5773200767643 54.15807107343462 10.0 2.04640529810181 0.37833859338322223
31.989241830457203 401.39463863929336 10.0 0.6576107912513487 3.7895777533225594
191.92953355905036 785.3876745500966 10.0 0.46836404557664746 5.062243307589214
425.9042712800714 318.83335795579035 10.0 0.41930222999831723 2.2203728323497645
317.6900843939023 114.90908077857154 10.0 0.8958347255505444 1.1816650298272748
251.68401852120274 349.34315662059333 10.0 2.4835822256272184 2.761626929943374
424.8152618705181 437.6211011408081 10.0 1.0727524600997171 1.1030566371364554
374.42572869336715 325.89334398460636 10.0 1.860300168274588 0.39715010437763126
183.38955447090126 465.4398113486581 10.0 0.9252693259273603 3.1161458799522643
24.22997735504645 643.0845869962293 10.0 1.6999969311767038 4.615879093645699
95.10526301143612 473.7441228186401 10.0 1.8632933110450012 0.8456803009787064
282.2737149656653 26.330146570465395 10.0 0.3129550829725554 3.6864298963772373
56.01096025419405 750.5192113343069 10.0 0.3942174266720603 5.576606330318486
169.94115451898634 599.4379685671272 10.0 0.9281719336087437 5.474606659065208
187.35682620726513 2.1040109120772366 10.0 1.6847269996013303 4.940904755358628
202.34060325905617 129.50002542116258 10.0 1.1058030007411959 3.6392648210061145
358.36506155940765 719.4487311919427 10.0 0.9521537884862218 2.8965874271563843
392.5354902840916 577.9948462574165 10.0 1.1834310732844124 2.356060237239508
449.7534643476643 758.7891948647789 10.0 0.7327643449516509 4.7568174985637555
317.81751588079396 337.00989230316844 10.0 2.8068753767505217 1.8115587931321706
31.840308973302424 640.643603280384 10.0 0.912877092453583 1.0934721784392067
484.35027497731943 779.4896483755374 10.0 0.7975793070050716 5.360603593697429
256.0586461923395 321.038578902036 10.0 2.8666586670698617 5.910259591426482
351.511306634425 2.4158711902561025 10.0 0.6683493630774756 3.9964921143108185
383.70814456956066 438.87033862085246 10.0 0.7148097200901538 4.989374219854684
2.2607394237939005 891.8263048531619 10.0 0.6368341832154566 2.1684538453297844
0.7726404510626228 293.3073027033619 10.0 2.618785063813953 4.8952856385196934
70.86474165808909 888.5779392024577 10.0 0.29364528336990625 6.038458210414286
92.6314312625539 55.14061178375884 10.0 0.1468898016258761 3.982124190945112
164.30174143077443 83.76115861599098 10.0 1.4780476665010682 3.6543267699308286
277.4925425183807 965.9885512004456 10.0 2.4543213658550838 3.6316301409336695
138.67972601308932 522.6710283149608 10.0 2.2570640567770917 5.786033880263431
122.37599962321877 529.2612731319498 10.0 1.477220999050478 3.590242080421215
216.9925892915055 846.2419540195906 10.0 1.3971996878807722 4.1145735452817735
90.47532367552907 946.7918977882052 10.0 2.1615655779170266 2.24291760219942
59.54373621021569 648.8521035492066 10.0 0.08746537120232907 0.34327748188701995
293.72529353058843 305.04061508028246 10.0 1.2057204057729738 5.382524636954209
23.365028385980757 181.4033568356851 10.0 1.024145218715917 3.7616677092605673
349.4041225516779 264.77757745191576 10.0 2.7843920575962406 4.622135623659526
471.9592910357567 278.58383604437876 10.0 2.611561010475314 3.176874292709596
264.5982152418191 258.1510339325582 10.0 0.2858954507918266 1.2656922132437203
121.69429774636382 639.2184171930377 10.0 2.5264478568618283 2.379851782243801
397.35757395354545 447.04720390046805 10.0 1.5348993998303935 2.2268550299219116
36.17664321642538 838.6141781052874 10.0 0.5462097092303226 2.5393130316167425
168.3700096932278 946.6476477115622 10.0 2.9706193876125435 4.121245631465408
4.933334818161439 701.8065044641431 10.0 0.7515036216734754 4.982650342323581
321.98230544853755 68.0907742435719 10.0 1.2481975270812904 2.0776379280041897
167.72949448281267 916.6124586248386 10.0 1.4326246864683179 2.5797630948785732
160.3963407692444 584.1435330838804 10.0 2.711108690017462 4.835786964332389
370.85008743895713 15.397453327410048 10.0 2.655270544368003 4.914729661650985
299.86854582206064 271.78968554141636 10.0 1.3926087584637703 1.5702651371419136
366.6739389223354 104.46157419799474 10.0 2.5363980082191886 5.770981736802783
122.74044405527806 235.64084377201522 10.0 0.6621959955865548 3.3796632105082103
92.86803361754158 969.9518241472852 10.0 1.1901765305371526 4.088363619911485
224.1288491342963 766.0763369214958 10.0 0.48041463517178035 1.2079687730302613
392.5304297307122 439.2064472905789 10.0 0.673510343975928 2.625699027104949
277.10341940443317 736.0185480612791 10.0 1.8160276975017258 3.978185354204124
161.60966696957175 126.43762784960977 10.0 2.6123742935482737 4.38106124625438
365.17999025579417 790.2496392597674 10.0 2.025166236246539 1.8465942668987572
34.928966802352804 941.6588334193108 10.0 2.834010624024808 3.2599984168958187
455.95767449394623 831.1760626951486 10.0 2.9013522129277862 2.6497614194200403
347.1432793605947 991.763075707949 10.0 1.9649892529156445 4.751875125977361
314.72790149672085 554.9470359231669 10.0 0.4836129657298906 2.1606556959419123
229.95732262043646 752.658246375076 10.0 1.47505061974279 0.8479498972027106
281.883463491989 41.833386656105034 10.0 1.8935296754269992 1.6684581674191523
331.9327390079222 641.3658085263149 10.0 2.5559364023508615 0.9347959117743516
462.9558105172489 654.772699297357 10.0 2.1601217873780847 5.755062900822326
272.2124666341627 366.98921755626435 10.0 0.8770716481607358 2.055980369333273
5.108569263610862 749.9874293581613 10.0 2.4317256597407706 3.827104957339232
64.49048383348327 689.4581209305412 10.0 2.461286298389192 3.4172001866328023
258.9155012879888 953.5818509456448 10.0 0.9629735147888915 3.364999843170554
372.55505773801315 464.9547925546308 10.0 1.8861602837403393 1.9348686265338775
249.25106578588708 8.024436393523459 10.0 2.1477141130203674 2.208901773928325
83.73356988017233 106.92872466069458 10.0 3.0320513967530642 1.4467160112906878
4.121597517626752 442.4215108728699 10.0 1.689520303888447 2.400586125101165
311.56709798528215 841.6062426419372 10.0 0.02044542804705085 0.6587347271171619
415.2652986080123 570.4889226153209 10.0 1.0346055003297459 0.025050377825685012
64.04288282511162 386.900492070978 10.0 0.13448454317359493 1.8718087453184076
429.3491330433785 570.1274300251077 10.0 1.3048129480479833 0.163764991736019
438.712714008264 933.6290731137606 10.0 1.6529240090153605 2.4207658219617247
493.5908635642129 648.5086431698287 10.0 0.010369604217129609 0.8281484878755245
331.0254939633756 557.9446045202199 10.0 0.5353908868594532 1.4444153428025854
304.6341223369068 546.5772283769261 10.0 2.041125452224029 4.409972623208596
267.202002815161 443.8852614352434 10.0 0.15125297389696293 5.910455414072391
34.50486313624962 886.8759377543076 10.0 0.6717274297664289 3.658866699908472
97.98005262876003 544.950919388433 10.0 2.1713953246843256 2.5403715431160196
332.4772689614435 118.59977585909964 10.0 1.3405061739080606 3.8652196849889053
414.5580947006153 563.6117028370436 10.0 1.5098971967132715 2.080318803202861
26.67711636525555 63.78521713246354 10.0 1.5260234922173932 6.2674995316193085
173.06544229430244 377.6546078735099 10.0 2.704816957879082 0.04099975387408293
74.25089021121245 318.54101729245866 10.0 1.0518553478601846 4.937511119122552
138.88726563180015 292.2750198236771 10.0 0.5144646419137309 1.193233899243203
433.92863896258365 13.226807974365041 10.0 1.696651955484659 0.702428402299723
387.1724284063637 746.8189369081813 10.0 0.23783249361689285 5.349304147290658
159.80883814102557 685.4857123366487 10.0 2.8958068107279997 5.817306268656596
220.85224439639344 355.08245992277034 10.0 0.11521269711943141 4.3274063660217115
140.19318872869846 270.0370293609459 10.0 1.1064635745659328 2.1062013717870447
492.4984953926547 408.07448576988435 10.0 0.32209738177382014 3.868214512016243
30.29968148166323 459.13573865431414 10.0 1.1929880024547208 5.356391456095696
441.3485394237882 218.14921695135027 10.0 0.182298011304932 4.161959103977287
52.681909807724026 937.6044189967093 10.0 1.8515409944159662 0.7634843755038945
281.82584676717863 933.4144323050884 10.0 2.5602866866245426 6.1621060192594435
464.18285414310566 246.34447400296622 10.0 2.700788102479254 5.884460846914846
404.884012522249 701.3218703253673 10.0 1.1958629643699472 5.618369655774447
113.25114655816387 278.23234009863074 10.0 2.911362292746639 3.9052983877314444
178.50241559518327 310.34616953840157 10.0 2.927870905468877 1.1644402722251386
136.44808695529053 660.3074435190498 10.0 2.8728008355124124 0.5386257180108245
