1000 1000 5 10.0
120
999.6045598662691 316.9712037819199  10.0
871.0440673095644 930.6090844594476  10.0
710.328728146391 51.46234649833858  10.0
887.9456821112374 785.5861701830975  10.0
672.2867681984161 836.9755284365598  10.0
389.45919250316877 721.6596191001815  10.0
412.85771357571156 889.3619936381822  10.0
158.5159994282397 340.6949238677099  10.0
523.7945519577133 330.51650755221686  10.0
292.7824408108869 456.36434690679386  10.0
614.7394241809967 994.2077384255645  10.0
930.4648325863519 52.16908986436364  10.0
629.7465952704755 647.0174624096454  10.0
240.74857137691762 489.42435629275906  10.0
314.68512151279816 304.1064741541958  10.0
127.38848069159926 262.60071839078404  10.0
389.99534175160267 312.68932232064253  10.0
876.1932325188128 233.20531291860215  10.0
31.124506820657814 400.513763775898  10.0
540.6243550608178 938.4241871400743  10.0
588.0685929879678 942.3055121296835  10.0
204.45606651420968 267.0370930104975  10.0
85.79887840360345 284.0524639001728  10.0
386.41900897043524 522.6546701411525  10.0
938.9533448379475 83.16637063137978  10.0
758.977733403677 653.1173216948504  10.0
487.0247133895935 271.97485631677597  10.0
41.868059295642745 214.9335778745358  10.0
410.3782170775822 432.65995508880593  10.0
400.7469159735524 462.92553462949127  10.0
822.7839642818224 83.67366142345112  10.0
932.2844738484156 807.7875025222368  10.0
852.7505227247614 620.8252861003365  10.0
849.2537741392937 768.0533289317377  10.0
823.7971259165041 430.64893589284094  10.0
792.6511804074865 458.00665461285615  10.0
722.9046082434061 999.3241950960438  10.0
292.6058885414785 599.3577506751782  10.0
506.7356686438509 677.3365344345391  10.0
775.8145383039534 22.049377094702336  10.0
936.8172948922032 128.22823849322828  10.0
674.4631392232326 628.3433669118176  10.0
57.72963260654163 389.2049517217833  10.0
130.07460620388477 834.3785368335082  10.0
136.44680655070684 902.0266545276214  10.0
505.4477156634153 574.6797106978953  10.0
866.3271651919135 834.5261125800414  10.0
418.82884380915186 57.63653602976615  10.0
905.8517518948388 506.2618938450537  10.0
296.68530915356894 593.7602399840091  10.0
370.06166987230205 756.227023364544  10.0
504.92505445798065 983.5647957063178  10.0
721.7458533506086 646.1987073207106  10.0
963.1341084760569 148.20902946128055  10.0
619.7834006638245 980.2280686908489  10.0
772.3802883028384 913.574163188575  10.0
673.6451173579557 738.9334190483186  10.0
794.3574338045579 117.24143308174217  10.0
725.9112374732598 676.6744864658799  10.0
308.12153539889164 497.87247570761906  10.0
238.76348855082074 10.349017789091587  10.0
840.3966819384066 147.78509280687268  10.0
595.76124559532 340.4670661538507  10.0
16.40478681961788 662.0554563770736  10.0
646.8133471092241 688.3230300989105  10.0
810.4004997483332 501.2673003344649  10.0
622.1081495107394 807.49846166348  10.0
888.5683452868708 500.06728643270606  10.0
619.8669291423586 733.5939350834354  10.0
831.6664640643232 899.9753034245888  10.0
233.13588466321877 873.0013351542651  10.0
900.77716459766 762.4370225350724  10.0
522.4351709195083 799.6925252060769  10.0
666.7518777871421 126.89545181612394  10.0
463.93358833365204 328.4144772790596  10.0
262.413898169267 818.697135968936  10.0
206.91994504909127 363.34444248510613  10.0
236.30937185838118 382.93767749707877  10.0
959.6933497518639 483.17345543684866  10.0
987.7733093250885 222.89048410080525  10.0
89.59624157670032 216.75022744960216  10.0
545.3040346292797 655.4514650904895  10.0
70.76574528815827 487.831495968715  10.0
13.71610362244069 261.0718195649675  10.0
242.2801950472161 763.1489984318097  10.0
360.2681084404621 601.9395910522795  10.0
949.7295310189722 24.91753185049561  10.0
335.93853037090906 109.71033380387962  10.0
534.8395626559305 807.0721060161845  10.0
235.2494459616291 702.8757948934544  10.0
810.6318984885445 183.93705475989975  10.0
886.5138955988646 483.8990647618102  10.0
113.70268119362514 780.6929472779252  10.0
734.1102354899166 687.5328622886852  10.0
760.5551667719918 586.9224423012662  10.0
125.36231126499098 904.278030436041  10.0
751.5221726344139 597.6792026748838  10.0
946.8318524798333 486.72696290869453  10.0
863.6666519378327 80.9387643441799  10.0
568.304994335794 961.5766871165281  10.0
853.149731545101 575.9539111936494  10.0
647.4825476691682 216.38502831229977  10.0
347.9073709485114 563.9514486864831  10.0
724.3591499532979 207.6824175561346  10.0
153.07815240615562 120.77122193060686  10.0
691.5037471173936 945.8409158779797  10.0
114.47646265799317 760.4619962624146  10.0
164.92995347957284 552.1411470912365  10.0
389.5069225724701 109.51363258953317  10.0
499.9716521692098 254.7669280439837  10.0
960.2671096048563 13.318029248866715  10.0
697.5557028952041 292.9962788647521  10.0
490.1876805250368 169.61644131782595  10.0
728.4900562207912 832.6468128164581  10.0
173.41035897221036 408.10385483991087  10.0
866.8624253703481 160.87229204055754  10.0
55.205500063261745 291.02600629608986  10.0
468.37082043221955 624.6964795384839  10.0
412.0831852064131 796.5179398012905  10.0
255.38425535464094 5.209216513078041  10.0
