1000 1000 10 10.0
2000
444.2799248906516 917.5108948095486  10.0
742.1310292093013 906.9060273746379  10.0
293.09921261135486 736.37234752215  10.0
845.2597956264686 390.1977995081904  10.0
707.5129730390174 732.7716364157883  10.0
165.84965175078258 268.8959643007927  10.0
985.2419185952209 187.69875012164806  10.0
553.0627343356778 675.9788291263106  10.0
402.43871619017557 846.4668993891544  10.0
330.4444887068532 513.0563916491966  10.0
35.035890973995286 498.58394410931317  10.0
840.191583488501 611.8840949308423  10.0
380.6165610168443 950.8967649054657  10.0
60.90711742951882 739.4827002620444  10.0
190.26248723761995 589.8405470697613  10.0
189.25451728760046 393.18361112155065  10.0
452.05998640111477 112.41304351037729  10.0
873.7729461587501 606.3336165311368  10.0
781.4214682215926 420.5331506054102  10.0
868.2188890808196 791.0563591501432  10.0
568.1065747792147 119.73258295779065  10.0
232.14991841896304 981.3825698370345  10.0
105.80328386533023 540.6678779186342  10.0
848.0681211095409 708.2248917188958  10.0
587.3566623836848 710.7296037659947  10.0
947.292710529489 137.08694142961508  10.0
287.2083307218365 243.0641620108883  10.0
540.8321296288436 30.06095756887106  10.0
472.3373410991012 681.6132890338492  10.0
136.87844434604312 555.5816867192808  10.0
583.9694315097095 443.3146674299501  10.0
893.1474956436298 962.5686930436837  10.0
14.547520192644715 132.39685878461648  10.0
400.14044771496805 660.0035286501259  10.0
367.93395463659317 666.7401166867551  10.0
620.503788945271 298.6513936982551  10.0
435.5408029873896 352.5644522372977  10.0
120.01612201016498 38.55208746444572  10.0
247.06130989504794 771.2447282061377  10.0
617.3321290330744 304.0682703774846  10.0
461.7021326087708 100.84196631669407  10.0
52.46518846416925 977.693734747961  10.0
54.29273744884322 284.9790492846926  10.0
828.0921298347992 164.48749360691994  10.0
720.3745222878499 282.97813654914796  10.0
613.1146334336004 370.9151852656518  10.0
675.3491635635517 487.7159281729736  10.0
114.51393020871248 185.04143153145347  10.0
554.9921447268038 281.442209820857  10.0
521.3865572552211 319.4323984107391  10.0
938.1135857140305 614.8462224907282  10.0
904.1509132490312 183.7909291365144  10.0
606.8760587573518 440.94417477075353  10.0
712.2651946787701 991.2613035878048  10.0
36.254125601119405 812.9004574789649  10.0
655.4000324440756 770.504183810492  10.0
761.3487062365153 463.6843239779349  10.0
675.8592891810612 555.0567483670383  10.0
209.74407114910863 725.502502306328  10.0
424.14544456653203 452.1570575322801  10.0
305.8235691691352 718.2377039337046  10.0
634.9162456097075 255.12553553008465  10.0
654.9352322808222 838.6615896922842  10.0
67.18204697018115 756.560671315322  10.0
397.5261870567641 715.980294013435  10.0
220.44398269063902 944.0202384171307  10.0
886.840611166903 964.3091568465313  10.0
867.5749842509395 815.5228614217244  10.0
188.50267859320093 258.9629398248897  10.0
555.5972749262254 639.119727750925  10.0
26.28291291182272 490.9863636005535  10.0
617.111476077413 98.94930572491789  10.0
205.57221357544498 13.13915944189803  10.0
907.984080735076 919.6027640712414  10.0
734.5650389342335 280.58884768712153  10.0
441.00123231448407 241.2912201093954  10.0
832.8795269962709 510.85331728659634  10.0
320.5489965376177 230.220924231613  10.0
768.3186792222515 340.0748040116617  10.0
899.9814421666819 151.74511291104375  10.0
994.7037945273323 836.4952469162278  10.0
881.1891771763303 408.2771192342947  10.0
377.1874511950937 647.0427914090948  10.0
154.98316225840324 849.6115196383398  10.0
386.1801029200289 499.22767591668213  10.0
541.25975061603 0.21588989889453902  10.0
17.000902517334215 758.0852568725272  10.0
229.51456138651105 716.2184667482467  10.0
849.5898419836216 246.69258631283242  10.0
643.1244174903701 184.23175999237708  10.0
101.0951624955293 78.82436701190699  10.0
654.918077830376 104.81629614443978  10.0
743.8759610951896 823.602900950752  10.0
566.9079877684666 365.3019748769073  10.0
762.4371479993433 924.5360249703165  10.0
33.657163021724834 499.8498301396959  10.0
405.0399160898156 929.1256069101275  10.0
156.6064184479472 759.0496892364009  10.0
849.2079967782162 750.2687445124061  10.0
305.7890043576902 667.0143073843989  10.0
45.07588440713906 876.9626691490504  10.0
835.7113504174933 530.8441480050898  10.0
626.5024180488667 179.3631775562493  10.0
753.7797577761914 485.50110675589764  10.0
687.099126496732 712.0359870005288  10.0
572.5050287701368 306.543678189805  10.0
906.7998492915118 709.2789296102218  10.0
30.818109182336627 403.83984617286404  10.0
984.324138413661 787.6825157549093  10.0
105.18164358548354 121.28834118309395  10.0
581.8639377667396 223.63470525534646  10.0
747.7837176967175 710.7428360764821  10.0
20.549421452626394 57.265932607417966  10.0
86.9518471800591 122.74774288390633  10.0
778.7264666589163 689.3680083527727  10.0
404.0266354857679 62.35819887113436  10.0
439.80471491771766 584.111095864879  10.0
61.28625387594666 595.2310672898024  10.0
112.41198358774352 667.9208488987634  10.0
697.1141453863512 957.3379544413826  10.0
502.8170335884372 23.667490426309335  10.0
427.4545069235598 121.06483832800097  10.0
758.0594525595234 519.3575396458301  10.0
496.7009397213906 101.12737558732776  10.0
917.9519743772214 81.80784137621843  10.0
806.515815486268 945.6451999177375  10.0
315.0970753410359 428.3207587409041  10.0
17.67919327741785 850.8816378236656  10.0
544.286179253696 203.1683345744729  10.0
467.9175686744601 862.5707480224705  10.0
686.1265958770095 630.7324308857634  10.0
977.7647295123381 182.4162834513585  10.0
314.4675157884399 993.436618630975  10.0
726.8580263943096 185.26208628621987  10.0
443.1733752951178 470.14529779679947  10.0
774.6753635777065 870.5974870943363  10.0
975.0190635571714 129.49361736708076  10.0
472.56946303083004 621.4744891898612  10.0
403.958349953807 162.65179752456683  10.0
968.0577925871676 824.5787841711815  10.0
491.7431920866508 761.3158710443907  10.0
237.67784568687077 117.10988157456347  10.0
390.8483314402438 399.25619046542715  10.0
601.3193029798718 769.2898695145988  10.0
217.88206445237157 659.544129989036  10.0
468.7957135702833 985.7344812152932  10.0
395.1406492149755 164.61632065773034  10.0
148.52059835529008 714.5844032801047  10.0
172.69054673552753 612.6248965403477  10.0
908.5038112596881 890.2080823235688  10.0
619.3386320634984 401.06137487794047  10.0
121.48569725327796 903.4525729177715  10.0
28.078237428942444 827.4307954142276  10.0
248.87852242068064 492.83152782806906  10.0
120.07398120538726 396.7916183472139  10.0
622.285584235421 180.70493856652848  10.0
650.9763362291276 337.2663715525609  10.0
466.7206641534891 840.4184004663432  10.0
24.33233005550872 27.166626026032038  10.0
376.25146688396205 973.5337204267852  10.0
299.08602905124746 671.1652626042107  10.0
500.6424426747607 800.6975177891267  10.0
541.6385277757086 227.98805536262057  10.0
30.674255019120356 325.3576456889482  10.0
817.6644290791296 288.3852035479071  10.0
180.16828697668208 116.45185132857972  10.0
244.85726360866178 329.68336771404705  10.0
754.3461818063276 674.3569233555289  10.0
435.0042365970348 532.0069223612791  10.0
567.0064133201778 893.800864813885  10.0
342.2659044084021 131.2966858667638  10.0
423.10095208619015 318.1043229733831  10.0
4.263820516996031 105.54349600504942  10.0
118.64678505132386 591.0320183453908  10.0
913.5556317457975 843.1928894016802  10.0
926.5088069852818 755.6986350411353  10.0
789.3032361479331 326.46597975748136  10.0
334.4420598274019 824.3878150125485  10.0
332.41676007626984 277.3815302113042  10.0
380.88249525980655 348.80695849490684  10.0
142.18314289067158 660.5519611244865  10.0
794.327822041081 557.2147105615337  10.0
348.36507485666334 914.3665432541667  10.0
283.75060748545735 993.0218024647575  10.0
669.9824418788735 290.96297802034974  10.0
750.3380592298028 488.8801657402553  10.0
550.4649156363705 725.4280442814254  10.0
894.9543455018987 740.9394551555399  10.0
738.5910682587921 725.9573257846105  10.0
681.0723665233708 709.8637819470296  10.0
185.60568654742517 879.2425248969905  10.0
379.52428008274865 568.3657933090925  10.0
411.13404870049897 699.1443342910902  10.0
469.2710539836572 939.4292989995225  10.0
553.9876160762193 711.7478186424512  10.0
497.49290846916296 725.0556796276638  10.0
168.68325138291175 866.1862895373154  10.0
112.65445462491397 912.2831497810809  10.0
454.4734708932968 588.1586641804099  10.0
875.7995721884813 361.39247179278334  10.0
10.912946495857279 51.85447585109715  10.0
128.1825707156966 730.6262984269875  10.0
402.46205307446 536.0396639505973  10.0
147.44406088609873 372.4136339972802  10.0
784.355433138141 51.34544604729263  10.0
59.89137850263149 248.0051685664749  10.0
592.9400290274493 778.3414867241148  10.0
493.0447398857024 650.5886840520185  10.0
835.9130667216943 239.76377960467167  10.0
750.4622046285155 801.3684255359296  10.0
831.3681504254315 545.3067026482464  10.0
369.9579965926163 188.7560853832434  10.0
339.28278629858124 493.6776224604277  10.0
286.68003989956304 857.7352328146104  10.0
905.0583782086532 794.1516281984079  10.0
464.11465719087863 724.6248177932043  10.0
891.9496919877706 178.6531716347105  10.0
778.9373303341607 391.8818881593455  10.0
117.6976495805292 715.4300108361311  10.0
149.7302805075037 868.2473033551765  10.0
230.40545154349067 206.6744653379441  10.0
384.9395656333572 61.452556547075154  10.0
959.6752237426178 154.9854746820356  10.0
992.0449432416493 903.8697267893513  10.0
161.24830230890953 417.3546939273708  10.0
237.76860150842484 495.9007148290644  10.0
136.86930904184769 330.3982366277176  10.0
78.24920736530427 707.5660169087816  10.0
55.820464849860144 786.8452061010713  10.0
188.46022227023374 265.66728597597347  10.0
430.5493335797431 470.8329620414463  10.0
211.7523830821181 472.06186375798376  10.0
506.0394737420353 218.34850765228785  10.0
523.2521259849319 348.00198096006153  10.0
111.05046347726532 259.19361966888533  10.0
254.94924915976435 180.1547623618962  10.0
989.0797409952684 918.1416730414595  10.0
65.65851822571167 155.83381870313073  10.0
877.8760826445048 205.49175039831113  10.0
155.64163459510195 18.136718478119263  10.0
638.560149783169 611.0159977222197  10.0
323.5276531873439 446.0973048835847  10.0
548.884875501743 330.33428516303144  10.0
442.27100107578656 170.6253614009764  10.0
469.8945825575983 99.03966165605237  10.0
591.2385603473266 673.9203964933994  10.0
971.2185468760869 787.4374682115036  10.0
223.1182439330791 688.210374881803  10.0
657.4610545563816 917.5492394024383  10.0
167.19310917581475 609.0805168715445  10.0
876.6266640580013 304.072626137086  10.0
974.6271714244705 369.32070064136  10.0
711.2461258157441 92.27647704190012  10.0
96.75976183688562 281.1349045668439  10.0
653.8445434832319 568.3504804589545  10.0
654.0076639740321 847.719492594003  10.0
650.6204638615443 251.51665560651472  10.0
100.825293043177 569.631583108557  10.0
260.6806893761874 942.2501092245639  10.0
921.2749210550463 327.032686041439  10.0
522.902252542533 597.2446558014979  10.0
600.1105960384554 5.807004069671273  10.0
748.4700271952403 129.29866682932123  10.0
505.88087929921375 653.717407447059  10.0
864.364162717519 489.0849766372065  10.0
995.4069358265364 602.1769112715062  10.0
121.5489698294343 675.8083027999778  10.0
3.09441068266858 669.8766776445466  10.0
951.3406920183793 645.0420984266425  10.0
613.8888356763396 776.4263965582348  10.0
504.40883505854174 434.576485594953  10.0
635.285974591163 37.32650743188093  10.0
939.0916564560181 212.8973161079335  10.0
981.6599207685995 686.0056726381804  10.0
839.1835851707334 369.9559710024208  10.0
763.2736380884595 974.3217564480467  10.0
236.07836541973458 216.17832158816884  10.0
332.6878677611098 539.8374663652679  10.0
586.1285190085138 333.20046472718303  10.0
182.88610093738765 596.346876635313  10.0
711.3086428167102 128.60774302444977  10.0
514.2847766874421 703.5426399138784  10.0
149.7456563691838 686.9927179360545  10.0
491.8994832354114 802.3777696233608  10.0
582.4069204282711 580.9370165960789  10.0
699.2893151316931 664.5900698803498  10.0
3.2125418880328827 908.0606806696943  10.0
62.50368357751945 898.0212593177307  10.0
82.06570779067191 454.0717763320099  10.0
565.1064966087845 173.77704158708994  10.0
733.7705585078121 546.7885934516388  10.0
404.4550283553773 396.9381184562307  10.0
250.5346423253103 862.3948767771591  10.0
849.7619869852534 129.44659840447537  10.0
481.728695351724 172.72869415653358  10.0
954.0708934456874 691.956098261708  10.0
451.8033718720551 781.193509733182  10.0
445.12645069277113 20.84779789269642  10.0
495.73959771096287 184.92020440148448  10.0
574.2231455565661 537.2791309228238  10.0
461.1345851093086 322.0966118137032  10.0
437.46688272338776 997.045411436274  10.0
777.003672600686 615.9216376009721  10.0
300.4862111447505 533.1989975690454  10.0
221.6032855522917 910.4286291688318  10.0
755.4806542255817 877.7850266239836  10.0
35.0576827146788 308.4628172777695  10.0
118.59625509399763 54.715624020909125  10.0
617.2987959765255 868.3862309997228  10.0
335.968718501213 672.7202455091087  10.0
427.8041014214942 93.62261051740361  10.0
808.3775229366489 315.47237893815907  10.0
860.8455517050968 157.94388175582063  10.0
967.3043534229646 425.4076474301141  10.0
808.4374306643292 849.4389663242773  10.0
139.29242566626755 508.4125291962335  10.0
342.8989982433263 287.39466246987445  10.0
220.8534325869618 448.47623187840327  10.0
451.9236426487121 568.8572265140878  10.0
952.7712048564879 214.5632494654439  10.0
41.27273365581341 635.4327503122576  10.0
130.50268317653624 266.37741987518405  10.0
483.6893420610348 815.9231126361444  10.0
916.4777496834006 521.3530651518388  10.0
837.3534421374757 696.6834923342642  10.0
530.4520793140175 832.1218450563657  10.0
483.17635521658497 199.12654282473773  10.0
985.667619633451 541.8695205548677  10.0
337.45954310671857 2.5874601301774103  10.0
211.42768731548944 834.4091544885456  10.0
984.9184993423077 740.8026746225794  10.0
856.7947625377903 276.46286944445075  10.0
46.799945810162335 721.5449950824834  10.0
305.4710445701658 161.55728138300617  10.0
849.7964395586264 271.4961414109528  10.0
948.5227656482169 8.10228933992696  10.0
993.6892286478321 192.22696781835523  10.0
559.4616194273239 838.6370744546517  10.0
729.1271557975537 228.19518396339623  10.0
695.2974050671286 672.8906625626458  10.0
151.67531283327241 893.9585223121019  10.0
407.52830715257846 4.219006863129926  10.0
94.24406878245384 485.3414435918836  10.0
188.63623438907905 897.1444923998993  10.0
257.236016652718 608.081580415769  10.0
2.506382676565999 743.1376185150665  10.0
554.2239971294005 97.52190233548707  10.0
451.2919555146153 642.4448558909302  10.0
870.7008207081038 774.2029443078136  10.0
616.5961408693024 841.6806456326574  10.0
434.41759819251644 82.74938486099836  10.0
879.445379549214 650.0658349128421  10.0
778.0537759226283 295.23351187171653  10.0
71.37933958947961 781.6083647076771  10.0
838.4391443382776 625.2374593249807  10.0
638.0844897799964 126.1866921555963  10.0
81.2742050686186 295.125554253167  10.0
107.34996681461007 539.410022789759  10.0
666.271981797361 326.5763232300823  10.0
44.7258244249723 359.29388348663247  10.0
574.8710774423485 583.2138164768396  10.0
853.115260836766 7.203201602975162  10.0
311.14597826443435 384.2158617023731  10.0
226.63432606904377 211.17944896578155  10.0
256.2676254891705 829.0669954906267  10.0
804.4234973792434 101.68248825067027  10.0
7.843358548534685 826.1620097371149  10.0
586.698061746032 672.9415238337198  10.0
67.69228416928985 701.7556172886709  10.0
973.1746290810921 877.5238289937963  10.0
55.088705453207986 180.79274740076212  10.0
863.1138786245743 927.3939811212078  10.0
217.23211208560744 477.4427110188638  10.0
116.57009003916252 211.65051417961368  10.0
384.6800243779592 210.7000458011181  10.0
818.0404365100562 609.2905523215956  10.0
676.7051998470552 869.203487990672  10.0
206.55806692144918 874.7674464774847  10.0
200.01649235799056 589.4638320431194  10.0
840.3747342744892 204.77050482905813  10.0
704.0081129301402 82.98031173024934  10.0
549.730348175706 56.56951383875519  10.0
656.6795888681029 650.2644623455301  10.0
997.8083553596637 781.4315280588511  10.0
487.5946435441247 353.5791297457914  10.0
217.82716460582174 661.0306969857089  10.0
807.7237282966373 585.2397044807942  10.0
323.3199294450952 490.4365269724394  10.0
260.74229874216746 464.61358609486604  10.0
699.0060806858668 938.1799191111047  10.0
286.3323985113356 724.4926516580985  10.0
371.25968524880926 532.0600866824958  10.0
483.2624640077253 6.303305791642844  10.0
930.0314616430085 268.76991741599386  10.0
448.4965438211881 773.6567701775732  10.0
328.1826139042211 526.0812845088827  10.0
938.31075151493 375.03230937543333  10.0
119.54037451352895 168.2455390480987  10.0
948.3710551951136 138.92433161232975  10.0
213.58645315728353 478.4290676460282  10.0
841.9537479637202 768.5739965244  10.0
22.541649368821194 826.417510100452  10.0
968.965636654965 718.4444840003246  10.0
955.7107212545186 785.4860606995284  10.0
313.1482465053476 680.8887836957186  10.0
576.3039365638539 749.2480727819963  10.0
580.8265440030547 788.9970861428791  10.0
377.55282450158734 967.4574459354757  10.0
801.7893788247159 650.4008719289529  10.0
57.78916583001437 319.1547107831979  10.0
951.3652338336933 866.8488798668114  10.0
378.25811556352704 72.2111008753158  10.0
322.4838734562019 265.66020744218343  10.0
172.78780185836683 340.23806737573125  10.0
377.4902476255867 671.6978337743665  10.0
845.0392335823154 940.99500278038  10.0
591.7046254314179 682.2958950908152  10.0
736.9118775121403 884.8405668419304  10.0
364.1984806232881 572.6122556896395  10.0
80.78193845901748 777.4385242431488  10.0
415.9828703907924 155.1675221993757  10.0
858.6021769627419 7.841836322483142  10.0
221.78236147023034 144.87072339252083  10.0
782.4928672337212 711.2435474730123  10.0
928.7942004114902 339.62031756010015  10.0
784.3060490770082 145.09705869845646  10.0
904.3088315312134 716.6091700785331  10.0
855.7461045355539 297.971730920935  10.0
523.7947072329694 365.7505658557153  10.0
815.981530445998 262.4248825873473  10.0
62.0266126139678 34.18131569662053  10.0
600.2843154109497 146.33435501969183  10.0
582.0634379786321 939.5877461926  10.0
961.0847128684536 71.55061028731735  10.0
530.357957501475 425.13872844919865  10.0
51.93111643562398 114.39077521028018  10.0
341.0074714066084 975.0991817023837  10.0
225.19602722865184 879.411490914981  10.0
728.1311112343442 87.73684916755364  10.0
515.970560078293 766.0617525689808  10.0
502.5858072387094 510.92375085454813  10.0
707.4420880091325 887.2298172191628  10.0
687.7097297089904 385.8730169777419  10.0
577.1502219570825 29.36415959225025  10.0
428.50842875465565 915.740931725831  10.0
908.8690907529884 5.760541557287002  10.0
689.6755505861387 278.3629407287859  10.0
121.4641310351121 247.77296637546786  10.0
20.066574738422773 636.1813200870664  10.0
913.9242800563354 503.11932558364856  10.0
724.7204960201752 261.46181106051114  10.0
154.87160771310192 66.11696748981788  10.0
630.250856635292 991.1848105968708  10.0
355.20136864693666 51.59753797055622  10.0
255.40456925909194 453.536341120627  10.0
454.1085106358147 842.4144304648125  10.0
605.812862125677 766.7129470412619  10.0
321.6064772836641 989.8701221621762  10.0
0.4356426691641824 700.7936849392361  10.0
334.74700932423985 527.0549846197026  10.0
306.92721625044163 614.7213254348126  10.0
620.1007666054173 867.003004944259  10.0
714.1274768823623 832.9741398685659  10.0
71.65995876723986 200.73396840418656  10.0
702.1097338431982 510.2987272857821  10.0
51.17596558572946 584.6659007743522  10.0
183.6923293909577 447.9130978083672  10.0
757.0465816804335 712.545323023667  10.0
886.0483736339811 770.8787699832781  10.0
608.2189006664557 703.9570410946517  10.0
917.0240825053944 853.8791143718706  10.0
631.175258894552 109.63960068675027  10.0
118.00281404430058 391.4308037629568  10.0
760.9217592180005 733.2458698366103  10.0
243.6285693748482 48.593970494678395  10.0
170.9998877118868 799.8530932938542  10.0
228.42933868622728 699.5358049564109  10.0
232.89364750709018 463.44015238306446  10.0
801.35691622784 863.8412752665174  10.0
471.8060631784765 638.7143593319757  10.0
491.4869186407419 584.254047134817  10.0
933.6303630840637 667.0836211533914  10.0
631.5985124770953 654.5694323341664  10.0
707.043236636851 382.2345198729337  10.0
311.08097836231997 802.6902625990909  10.0
954.9981280352063 727.6903443071317  10.0
355.58961311053474 161.39580922812513  10.0
701.4992480680108 196.88744497794298  10.0
318.10100795647134 118.16297896957117  10.0
792.3877634278382 15.722350513522553  10.0
154.49393914342835 425.41773079566593  10.0
902.9732748287493 168.18614925177354  10.0
726.5082181045605 273.88410840593156  10.0
200.69568469303877 77.61640570973837  10.0
525.9115264227543 884.2371137410894  10.0
287.60367524938323 999.2616147069001  10.0
45.92954194365673 56.054915416797634  10.0
345.2875947766865 954.2663779377294  10.0
39.47204699776685 28.104519918019434  10.0
984.0067622474206 340.85036713147076  10.0
498.41432173677435 950.2848654728607  10.0
158.1014410682111 195.36754066787555  10.0
564.1687713914276 245.089244208884  10.0
651.3830226751309 444.0968378569915  10.0
737.0097387720907 145.23939842657862  10.0
59.04578860922227 386.02876641160776  10.0
690.0895822512181 734.1813859997682  10.0
896.7466461931934 77.57718729683982  10.0
713.8114807886948 887.4230767981934  10.0
452.8497658094751 252.05917709804905  10.0
317.2012002634069 615.2324381294014  10.0
266.4350805540697 899.9501974684104  10.0
795.1455191029395 441.00396666663875  10.0
661.5211449542719 660.3353147755369  10.0
633.842921050584 614.6404689803347  10.0
597.0543951308822 729.642245146134  10.0
471.5377505032715 156.5861408093232  10.0
202.5682443441821 80.65506383695397  10.0
957.5859568813052 955.6860367102983  10.0
761.0171472237075 402.9719703087524  10.0
260.12727923006383 402.8359010590413  10.0
573.1425347261458 325.484768309339  10.0
161.11483837385498 332.4255594923068  10.0
91.82855533080858 162.1211523391908  10.0
647.1800121519382 364.8683487516775  10.0
950.257748615551 634.0055742410257  10.0
655.7870519793579 96.04760275866975  10.0
24.27771116961397 764.3581462478893  10.0
168.35829030103855 963.3005335323063  10.0
467.24199518874065 416.86529916575375  10.0
155.52712255708357 32.599276704050276  10.0
734.6895675797468 753.9198623867138  10.0
974.403431044418 397.8771909951625  10.0
976.5788954123765 228.04228336009314  10.0
693.7113540800812 360.9881975921501  10.0
816.3944117411671 587.9588877934647  10.0
479.8869860103889 69.57564960237505  10.0
459.2943071443404 780.227115091691  10.0
615.6996687519876 830.1666026241351  10.0
275.57077690656894 557.9615463695918  10.0
942.6870153522916 885.095880104034  10.0
491.0445729162137 70.12884103687699  10.0
519.6706160121119 44.40406284059928  10.0
382.6181817061297 698.0436226910042  10.0
71.84586147136373 197.64212634345213  10.0
425.0627334721483 930.1115466145546  10.0
368.4157756428026 395.5545568007347  10.0
164.2158513894284 121.52959880864356  10.0
11.46541730736461 887.9021875277416  10.0
202.11890054448511 572.5679844701402  10.0
244.75002133697456 231.22453577502046  10.0
571.22377280973 477.222017080005  10.0
298.29632016457094 339.1308579027884  10.0
947.6509860717784 943.4361433070573  10.0
473.1936379718015 137.74819768051483  10.0
607.582259867191 466.7668705423369  10.0
640.677118335861 310.2434672528769  10.0
766.2222719122248 951.2649808141327  10.0
80.58276639703132 466.8760268003568  10.0
955.3663290621216 614.5214923076713  10.0
616.4799383500537 960.8260058123075  10.0
393.46156277273514 888.2361591101366  10.0
818.2641615333519 485.08291337411003  10.0
881.151114028922 731.3312254700289  10.0
637.7186628523167 531.9679632737704  10.0
615.642831089747 609.5470751312382  10.0
218.5309387549379 774.4024539929379  10.0
458.8444771407988 763.6208011125631  10.0
779.475960678292 436.8242686232735  10.0
617.0601338349163 287.5623298564257  10.0
407.9550037789641 763.6928602671536  10.0
394.14327802387663 969.207249797375  10.0
320.80538029743224 764.8123636288392  10.0
665.3540468801119 807.1393683809154  10.0
650.2728186844756 519.2418590110937  10.0
985.7693602132616 611.2399239484737  10.0
95.26494504374361 453.3507594598647  10.0
794.946358019751 118.53471202628052  10.0
841.4808027804256 173.6156910378952  10.0
8.641574228644311 611.6743596530646  10.0
998.7381111321392 631.0455637497777  10.0
398.7385713809027 114.29695408158192  10.0
429.79611942502106 621.6593012364834  10.0
554.1401441711539 855.6861885909935  10.0
252.19880255008263 886.2307240818528  10.0
888.2309717697773 846.5529478148101  10.0
483.1397808155378 362.55356463082364  10.0
112.61946515105569 88.43100160308126  10.0
267.0763912733033 464.7687955857872  10.0
832.218390280897 151.09315718324524  10.0
876.7977100920351 616.835858782788  10.0
433.32576530787446 595.556799291271  10.0
210.8770314214623 651.0178966685125  10.0
234.2188311216975 994.6627404430759  10.0
823.9164916084562 97.29035622990934  10.0
946.8757867877574 108.87516212932191  10.0
620.7177447937709 835.8718021278761  10.0
858.791197836405 111.86422532817298  10.0
221.4895753744144 62.61408654905121  10.0
785.4527629774706 628.5972762880715  10.0
662.4291225080564 25.77874081511777  10.0
766.8985843557418 748.0785322628777  10.0
534.4908229833437 532.7652087924968  10.0
685.8758538104215 103.54119352315827  10.0
882.8833009536 796.6455416209717  10.0
470.47303378017824 574.8100329153428  10.0
190.8109002599936 794.8996109427045  10.0
310.6995325109385 160.7164985821322  10.0
553.203277946915 946.5333282506706  10.0
366.33838678547613 93.86242290802937  10.0
709.6533666900436 578.8021951758502  10.0
772.4987801183967 325.69275502826287  10.0
950.5096536060873 351.05086267029816  10.0
359.6471449099856 96.75123755293046  10.0
36.04648095487673 530.7189581298246  10.0
396.4967823230955 425.15777627810326  10.0
175.86146532987223 775.3520729658942  10.0
836.987858853728 995.7594839543174  10.0
804.1268499279718 864.4963069231876  10.0
6.691007307220831 113.07215980534325  10.0
356.0469406268495 646.6435749251135  10.0
399.3191235109216 93.04259832619188  10.0
501.8514545460151 318.933682867849  10.0
270.6341579571198 711.8262728690437  10.0
326.8805913116717 41.108998754327494  10.0
14.886399293340457 104.18906030620856  10.0
759.794023448996 800.255777159785  10.0
888.0261081082198 809.8058520473022  10.0
145.66315081654025 389.1558035810976  10.0
502.27824065505934 502.6425676394465  10.0
236.68217604368047 338.6107606678444  10.0
658.2732193312729 306.77263590243973  10.0
30.459951120500595 652.8912048903946  10.0
503.77765218707884 501.3926171038533  10.0
824.3315815562097 237.5004619276695  10.0
712.1709616567408 848.4661558058565  10.0
573.8547998382332 979.7334563380389  10.0
359.1651904452856 738.3390895769395  10.0
144.63326515557185 545.0491315276214  10.0
442.86664452793536 841.8329030829705  10.0
328.8349316191914 86.06444798806146  10.0
540.1301949819134 981.7376180603202  10.0
561.2504939782117 226.01664503734798  10.0
921.2579057082479 492.2893327825142  10.0
114.46371441915149 874.8301380889435  10.0
555.4457907179032 422.13168673896706  10.0
178.68123257449275 663.4626560060152  10.0
830.9836526743732 554.4246167567965  10.0
638.9970647746381 40.995085909238725  10.0
487.0646933268397 367.1777407028711  10.0
551.3426378601813 368.9679758639315  10.0
208.1634394969868 737.5498224240447  10.0
288.1001557847405 668.7570588551525  10.0
567.2913033056705 405.7697983003623  10.0
75.33391836979375 30.319118559883783  10.0
521.0416682669797 957.4992585360795  10.0
175.82021546859096 74.42831666670845  10.0
457.1870384464967 357.869376364207  10.0
285.5334094967843 275.5627263521668  10.0
874.6929184436731 876.0907760811461  10.0
805.9721705663763 398.8894639586905  10.0
136.3646213526417 576.4474214454068  10.0
530.6865694970294 782.335658123433  10.0
375.9443237965384 419.6508327003801  10.0
941.592985606215 703.5224962547337  10.0
564.3278619313545 417.94424356033534  10.0
749.1408298969694 611.3773150763136  10.0
943.6717548022654 218.0108032739265  10.0
530.1211468309683 573.5290425394588  10.0
523.5130612882842 947.653780507685  10.0
317.88386352183215 893.1303651595483  10.0
99.62558460766913 155.38081444176976  10.0
781.957505885767 482.53994518928647  10.0
304.18831618576417 196.4384202288614  10.0
197.54091321265898 246.3360014973187  10.0
524.9426101557631 474.5070418229066  10.0
750.0637018923235 422.4228732108213  10.0
141.36709635920064 535.1805975095872  10.0
845.9884224503878 557.530156941843  10.0
417.50021205929744 125.51924688682159  10.0
8.254399162552328 552.1937445689924  10.0
563.8920534786402 983.3775340573832  10.0
623.239067063334 0.34686217599477764  10.0
935.2690193452819 300.87433577870615  10.0
275.83976034324496 869.938407664681  10.0
65.84565011664534 518.2852860986276  10.0
660.2554217857409 423.53486401219453  10.0
260.82046812859704 347.8022476657986  10.0
86.27399736355056 161.65097614221037  10.0
760.4435302566517 701.0182375618591  10.0
414.34790473612384 486.59402659046526  10.0
72.14521486441127 499.66082662422076  10.0
847.4668744624257 730.8947231940467  10.0
926.5672867581624 186.01058297063767  10.0
383.81349597560444 171.93756506667668  10.0
454.939024205503 117.605425840141  10.0
891.4137746998044 663.1921456099233  10.0
608.0924057519185 930.2457965515963  10.0
704.4713873050141 552.4862545142578  10.0
541.5121293671099 383.9796969789646  10.0
360.80092855717083 629.0501409906369  10.0
676.1679912273403 168.6604007129987  10.0
600.7519328010976 943.6012671274304  10.0
411.4782156388271 638.8339914992148  10.0
30.24212383644298 479.52684131850776  10.0
14.604385061503189 472.128231565114  10.0
913.9949603930472 818.2615047777616  10.0
39.37976255365461 800.9772232677761  10.0
409.8028174600138 138.24600905184548  10.0
738.524935574655 454.4318201115256  10.0
180.6140002442126 114.39175963712289  10.0
324.40538126365504 564.9688353200038  10.0
728.4682738546641 543.765650694122  10.0
606.4381863237323 944.6263789775306  10.0
982.7821996675741 813.248098910075  10.0
487.3557708736127 315.45693618820525  10.0
645.2116728739345 646.2067167522935  10.0
35.886700965978676 691.2035571971297  10.0
544.2967113078215 917.7666499265745  10.0
370.0146082849901 950.2688388600653  10.0
785.3185958748344 712.0483567704536  10.0
382.8288033547015 914.4604007706982  10.0
794.2774658796603 209.78184636189368  10.0
422.08022789177113 53.660283857359104  10.0
449.6241383772781 440.99602303635567  10.0
394.9095753591444 273.4804058433602  10.0
371.3566617097689 415.0207812212288  10.0
410.8147260554517 111.1296316505882  10.0
94.31893126225799 648.8283626557653  10.0
998.7770115908979 64.13245239343979  10.0
291.01512824118856 654.7795410913714  10.0
138.56666707573396 707.2032835481416  10.0
428.9800283645005 520.1296311764335  10.0
831.6002174212095 714.4941551037253  10.0
248.7221863202137 313.18789162543635  10.0
703.3233922848349 897.5984151099417  10.0
230.48345650567538 684.8133215874942  10.0
176.9450949862018 894.1057396798889  10.0
781.5346632356639 698.9687326554066  10.0
87.44948896157267 197.16958669798123  10.0
220.45411015242288 622.3438983382681  10.0
215.16453022422576 803.4606609138252  10.0
760.8118417927978 130.59832782003522  10.0
109.76754735301542 875.0451140480353  10.0
603.9095855795927 147.56214393776057  10.0
748.4588609184896 460.13955504399786  10.0
938.7022770632321 323.7736898499668  10.0
26.13741232256517 498.359756024373  10.0
116.75419551650523 982.021015229419  10.0
810.7628266759011 47.99312431236269  10.0
521.0589397181612 210.09332756329025  10.0
313.6902143744554 915.9897887062676  10.0
679.7791854619217 664.7380160913347  10.0
822.6158909517753 645.780911348406  10.0
989.438686641464 565.8576537570005  10.0
423.87343872759965 123.69677709897343  10.0
6.825608712369924 306.27017154317  10.0
201.17111532180232 901.6717177420634  10.0
644.8425847852204 79.89526749816356  10.0
539.4633097381858 702.0862849813172  10.0
764.7660675540309 940.0180793965754  10.0
585.5000498056331 470.0121252471524  10.0
595.8531411182893 739.3213131427095  10.0
620.7007269922167 768.7878118308323  10.0
132.96159139831488 474.66522128792275  10.0
87.34879709173838 276.76938806714935  10.0
163.82476346479115 662.1343158501697  10.0
275.7068739051953 636.2621004810384  10.0
859.8497177503012 501.6588229656046  10.0
227.50225998247896 930.0548044876535  10.0
927.7836913476643 755.5575394600849  10.0
240.3350704262832 616.6422013093384  10.0
164.32030756049343 461.638363714341  10.0
467.9125122200069 842.1339927695617  10.0
881.6937141835576 829.0312888501422  10.0
502.6145809021981 665.0145036653627  10.0
79.5352130031245 923.7181961520962  10.0
499.7474600963283 879.3300976109117  10.0
426.74374458087317 40.7623591039662  10.0
356.9433733812719 802.5457999632685  10.0
86.84785984489073 981.5302943256595  10.0
697.5163087028542 606.2265383559305  10.0
171.3136758459326 806.7367779371323  10.0
923.1852955437781 510.86298802859244  10.0
137.4794957466964 19.93370309920328  10.0
399.4278735628972 440.575064488925  10.0
761.2748224170774 551.1022448750088  10.0
915.8285070767544 539.0913653644574  10.0
409.6076674733877 356.29647579387205  10.0
924.1379758309604 285.3158562514224  10.0
213.28078373581172 926.8264508838975  10.0
698.3611030660072 814.9578750585725  10.0
398.5238646185757 510.25687423839304  10.0
484.04247589233864 454.1154582719394  10.0
473.7056635741458 385.5375105857235  10.0
908.0203435404336 401.36551776614715  10.0
187.51603438055577 105.86964054050463  10.0
405.2716545556532 956.8293362008513  10.0
175.88513514996373 225.45274291181283  10.0
186.07152059889066 689.8452373360932  10.0
997.1326144237805 660.0438837711916  10.0
314.54281704680744 461.29464307406374  10.0
818.31738090712 496.30212918355176  10.0
798.7730794204249 272.291561570863  10.0
360.4840193298934 761.1786516418476  10.0
203.02680664524252 497.86011205782864  10.0
836.4793004345385 390.1526770248872  10.0
184.18382342241836 182.38801511465408  10.0
522.2380712105846 391.9025142995153  10.0
527.3850274994988 723.0588038594386  10.0
290.915127159733 997.0397285218205  10.0
709.9688124168802 448.12889143413094  10.0
908.9655111519563 399.8234910906446  10.0
758.1332222565065 308.8303050811764  10.0
144.25291434624233 554.3119551239132  10.0
177.35988088698963 146.84337853465445  10.0
768.4917765888516 370.19532704355606  10.0
35.48797074225929 773.6983963748947  10.0
349.8057851612423 568.5956977233473  10.0
856.4273628823772 404.12842421049334  10.0
325.9115761596063 404.40665108572307  10.0
842.852475703263 822.3106302124123  10.0
224.4136383108265 439.285372054817  10.0
87.81897300699183 28.096462131877665  10.0
53.92202245658528 558.1990599989643  10.0
858.0978030120875 9.74588928316611  10.0
828.182062448186 462.46585862211487  10.0
736.1223033381702 720.3444367214328  10.0
905.1311149932816 943.5205334687926  10.0
392.7955686517058 296.9962684767555  10.0
323.7742924132107 344.1733961290143  10.0
30.007042212948697 55.050151265306994  10.0
603.9974604632118 747.9203061873917  10.0
79.5587688731757 814.0296420344645  10.0
537.912714639583 601.9010540825022  10.0
574.3032927638486 667.6025038714  10.0
346.0575830271295 675.3914608054421  10.0
717.6466936872797 396.83886394662346  10.0
197.74620927330545 483.25502787448283  10.0
569.1721045907545 344.17133024620273  10.0
502.09716618920663 562.5675241544584  10.0
436.9901506981022 714.8842090490584  10.0
564.7391583358944 280.66818218729463  10.0
521.5246337040189 953.6238276845878  10.0
174.92222882141783 174.1794720958867  10.0
590.7934833315446 55.33495074142414  10.0
438.73902587437374 171.0768848634847  10.0
983.8459919713509 413.1931376830273  10.0
706.3868376670977 431.6790305378587  10.0
36.86948380688426 80.51670513240927  10.0
754.878153166785 959.4674751287961  10.0
105.58014904955625 129.30575609677763  10.0
482.3333067288407 578.9348344380403  10.0
717.8633794305777 124.97043008403308  10.0
245.96644395734978 355.19863927681115  10.0
32.232193902845594 604.9737878357597  10.0
633.1012549037177 38.907608004952856  10.0
700.522208627246 848.5295673989875  10.0
893.0309180661283 660.0059408466586  10.0
437.3441028219439 155.15851385399782  10.0
477.26180754710344 965.2105032331131  10.0
84.1661154643356 311.8214773935655  10.0
136.65851777466344 996.594592137712  10.0
722.5001645835222 921.5112948779292  10.0
806.2330227554461 742.4610803593346  10.0
438.51720108255574 790.5994827367757  10.0
71.79839120161824 456.7270791711368  10.0
670.5186790507627 627.8982274743807  10.0
357.4331484242406 939.3309109133429  10.0
681.0427960647125 895.3116335452834  10.0
98.67994021234605 797.7114661718942  10.0
586.9856849738096 768.1147184645563  10.0
73.62748539773034 468.19926459830776  10.0
553.9689933207183 812.312607472323  10.0
752.5027304165305 566.1969395269923  10.0
215.2874450496224 167.19622192147875  10.0
996.1254404148577 955.3170320377969  10.0
111.12089573946204 733.1250281435753  10.0
684.5547966669961 778.1826482615921  10.0
960.2975408575319 107.73152082406756  10.0
889.4839986534051 575.3871136567564  10.0
874.7458577695759 788.156041983453  10.0
17.415151041182632 534.1462892300516  10.0
205.8751790701482 462.5845219338114  10.0
945.3736556844623 854.4676726021809  10.0
572.4756759908822 51.27608498529401  10.0
546.8974215991545 198.19842700828784  10.0
761.3305392041777 525.4311918363791  10.0
163.2633888164513 195.10420629959978  10.0
614.5844176204907 431.66544850091236  10.0
513.3899446119017 20.169123344412565  10.0
722.0139505753111 480.51758036238635  10.0
255.58041706820046 127.5970506178774  10.0
721.6977749601034 519.335255228038  10.0
915.2495887310893 329.5327096918256  10.0
279.1846169630342 703.0452091523713  10.0
175.00167992758543 541.3103382936762  10.0
363.11034415585385 700.7290877704451  10.0
586.9047008492394 680.0773894404339  10.0
264.31546058268395 331.59036017606536  10.0
611.5326574753617 399.928586003832  10.0
915.867126059172 110.81123274879224  10.0
514.3238933279572 574.2257492393386  10.0
462.99033286182413 803.9631023867581  10.0
57.030052248772336 694.5675203328539  10.0
704.765371888519 238.0480883107744  10.0
110.50690425878994 645.9120539133728  10.0
983.5495601212358 297.91259877142005  10.0
284.82481224132226 638.6449072418629  10.0
333.4330938322222 248.68904819589977  10.0
423.6534383210514 430.9234250963745  10.0
215.64052614301156 268.0848821546724  10.0
342.10108409073035 358.41809214373376  10.0
966.6405495567749 346.75270239833566  10.0
500.66671909009386 103.61018948770973  10.0
163.82904365921348 520.6392471364969  10.0
402.6881942496405 583.0941865541063  10.0
474.0008195951516 736.1249283534555  10.0
378.64768271210545 808.8724745031898  10.0
191.42826889764575 516.9296625886101  10.0
77.92118013587579 88.41921354225745  10.0
595.2157791289208 1.175167176948766  10.0
427.03601480769424 468.3285979972173  10.0
459.7008143606568 847.657329737653  10.0
33.22651457140113 897.6526769427256  10.0
537.0238290078705 972.2969000885806  10.0
13.054668325488294 189.5721584639517  10.0
597.5910598426788 68.90061889676957  10.0
8.08929801541991 493.8334418685818  10.0
662.005471454089 392.7786568023669  10.0
713.1136097226022 657.4234692518766  10.0
387.14310079558334 341.428889853333  10.0
587.0577795898059 547.243533048272  10.0
179.40299843666685 953.4120105995057  10.0
542.8294237426154 136.0821016385284  10.0
499.76128189349845 564.7060340936221  10.0
319.44198059119697 911.9757608786673  10.0
998.1106687366071 511.2424075780919  10.0
928.316859444041 961.0863814654442  10.0
568.4690603799672 946.9903407297554  10.0
35.36231874085338 895.511833870309  10.0
151.99155973172483 558.8695753685997  10.0
391.4085528691581 649.9864030144134  10.0
131.32281177296846 202.93674037652087  10.0
455.80453748003146 55.216681112971514  10.0
457.6771942496386 260.7032470504516  10.0
171.4593889857958 10.636591089604796  10.0
231.13656837983888 820.1078723812185  10.0
444.33726324506915 25.655874405527857  10.0
315.0065532017291 622.5808337999486  10.0
256.3912540042075 876.0140546116883  10.0
706.674057328457 85.79981358731482  10.0
498.14845777702976 130.64168741372694  10.0
810.2602241688802 611.1532066879743  10.0
545.6351547916789 344.4694108890347  10.0
460.46434894169516 815.5893238169594  10.0
326.05696174023103 783.9147634562537  10.0
532.3464680152327 289.44467726536385  10.0
117.62632982714149 654.315467055346  10.0
238.3971468853717 975.0083493956159  10.0
611.1552700446365 932.36695163442  10.0
762.0950058548276 284.9936130258336  10.0
824.5087845260521 71.66105623698571  10.0
706.2542171812246 635.7521705172786  10.0
305.7400257190793 45.712171147154315  10.0
944.8150923805324 156.9798444395871  10.0
686.7057470957367 420.3953627852994  10.0
858.3332035819772 957.8276862821676  10.0
56.186335477390934 406.51115407927585  10.0
606.2738641446451 478.74517298762254  10.0
810.0119636614025 133.22959455294125  10.0
43.319693100665305 139.04769421415352  10.0
605.4222224610533 704.4563975135014  10.0
122.25159585579081 702.1131592416001  10.0
797.8642021631429 952.701925145361  10.0
142.56430818252008 523.277784749671  10.0
270.65926714638124 188.82374894887732  10.0
1.8294733018966447 119.91447806755207  10.0
881.4463531507156 661.0521245422135  10.0
685.9207414656382 308.8416851536325  10.0
844.0359977690143 882.9966504022772  10.0
594.5669853504392 493.1241466581647  10.0
240.28507229333084 467.87207669132755  10.0
940.3011594414468 548.491874519779  10.0
513.8301632101108 614.9694130215972  10.0
381.7243126677492 159.01674110855944  10.0
235.9925836992226 934.438356600836  10.0
256.1049580164209 382.35105844181584  10.0
653.8959207058003 867.7356742471574  10.0
261.68667404753785 686.7458997897247  10.0
531.8125367081758 563.633207093134  10.0
206.67746764941265 695.2313324633542  10.0
578.9825705131899 703.468565812134  10.0
489.74644757468366 396.75463901645537  10.0
320.6255129000447 434.36027401078593  10.0
305.9547326270833 639.7369134656486  10.0
613.5906985311228 265.3984242435663  10.0
182.39940911625564 310.4220863599588  10.0
134.07002382836797 509.36094084914316  10.0
339.4503288524447 716.5568434180557  10.0
72.0223068549235 611.2945200006969  10.0
546.3115684674847 346.3536711920433  10.0
955.4357526843086 495.33816549818  10.0
593.7409780083539 353.3538352228497  10.0
997.2810689348103 882.4571957057362  10.0
242.11237194995195 829.7203256569848  10.0
608.984798443638 384.29328008869925  10.0
519.6068554157401 173.65573213454476  10.0
756.4787156224997 62.12639041490886  10.0
543.171176472802 631.0535046899889  10.0
648.3575341409622 54.98281308760522  10.0
613.9828204571871 397.1553854069099  10.0
840.4043220750401 827.2129180331289  10.0
199.51253288624915 500.9017645428594  10.0
216.71902408842146 563.400951099591  10.0
555.8771895919681 62.82569731930876  10.0
464.91215162310516 247.25878229397125  10.0
167.02711658295988 416.75568608404865  10.0
601.3026340348065 1.1940811217456826  10.0
881.4137071384481 16.25583540122666  10.0
821.7848191222073 334.5326952426042  10.0
612.1342827608364 8.646889784279299  10.0
455.00671202709543 50.91402163564962  10.0
733.1536691260806 852.6146870037824  10.0
76.72766086206128 699.1672530067083  10.0
852.0523615964647 379.82768278575696  10.0
907.7007430023552 617.0155115655327  10.0
468.8537138318795 256.648282743405  10.0
462.1508276833942 813.2436154180791  10.0
140.83336364674747 888.937613957383  10.0
39.89727955510802 161.5048113562232  10.0
164.81627155649835 431.1169524926687  10.0
62.3950405314998 637.7304040402599  10.0
461.31793505650467 710.0629781450868  10.0
441.44591034707304 623.1453949813961  10.0
298.98815000189427 555.0787859812746  10.0
139.0576517557023 616.1827322201285  10.0
733.1669572180796 237.0956423772371  10.0
827.905203525936 49.126924034174294  10.0
148.96429995977113 463.42551185945825  10.0
94.0749290322861 289.1078805531061  10.0
97.1262041554377 648.7975854115363  10.0
937.2494454136014 318.1040117018136  10.0
690.0522749256844 989.0769873072032  10.0
418.216944449735 32.90346432468849  10.0
185.68002759570368 200.97700929329775  10.0
179.5658361590975 583.5106772038832  10.0
28.554287786970555 659.240821823472  10.0
222.65139541577085 677.2749564952558  10.0
540.250445747721 62.18276448880056  10.0
762.3988359567186 316.05708045205836  10.0
655.4224899580908 687.1428876945777  10.0
201.23235994542466 5.03810731705534  10.0
585.0980006313496 759.3229100107138  10.0
264.39762899837996 74.31462377545084  10.0
55.444279254006524 450.63562075552187  10.0
121.17060356227339 388.2131166997339  10.0
818.0804843056058 549.6139340324514  10.0
879.923093286965 382.2955112806956  10.0
457.1135226454965 899.0897372835484  10.0
189.74129881104383 64.3165548987309  10.0
128.4256678713599 285.26677678341326  10.0
807.2705340522838 342.93350089122987  10.0
758.3441500097427 579.9760545709016  10.0
894.6857671631366 806.7570457272998  10.0
401.674751994886 587.3159055504929  10.0
503.16427832377695 866.3714255449229  10.0
913.1821316799685 226.54343589681292  10.0
165.96312666501245 993.2414752762724  10.0
821.9521885402406 394.9976804353544  10.0
776.1806640730697 641.962360155523  10.0
314.67242256732476 97.99913766376889  10.0
956.5084178580929 326.09765838594626  10.0
531.7185548038618 207.08434264924557  10.0
941.7552905125104 232.8903162908854  10.0
959.036788801259 513.5979892000181  10.0
589.6533967939207 708.4195627525362  10.0
559.1625993259419 581.5797820384632  10.0
511.43118962266544 922.3168121822246  10.0
426.31907730982323 272.046332816083  10.0
470.8658896703958 29.94176052104869  10.0
173.38858197842288 710.1834230728185  10.0
139.00385255013515 189.95959489812586  10.0
962.6538219344111 897.6272961782644  10.0
11.464561014509655 866.5490209825082  10.0
77.55539238261433 133.92828913267095  10.0
796.2195101783378 948.0097356376916  10.0
199.31484335793039 904.4534661479356  10.0
861.9649079810046 347.32748325939247  10.0
100.12356190570337 916.3998450971985  10.0
400.68286228294926 915.2933228224908  10.0
293.6996842868369 520.253171071166  10.0
802.7127291953515 693.0634492570758  10.0
294.36636271651537 840.9414620026367  10.0
368.63061732174185 758.5841006015579  10.0
527.4065744189367 561.0968653505646  10.0
889.4617226260826 180.09634752385085  10.0
606.3013848212724 448.2530367179273  10.0
815.2268808083167 879.9731805915618  10.0
646.5596101751925 398.46957741472255  10.0
701.55082761552 533.4318412420962  10.0
521.1987920102933 980.7889754849597  10.0
375.0368362758615 979.2021074111666  10.0
479.5390150907941 210.09578825727704  10.0
790.3382710277425 3.021429827488542  10.0
348.8223123602526 550.3615601807843  10.0
865.3349281437805 769.8656964043478  10.0
617.2722776024372 955.9231561463904  10.0
675.5479102910888 627.1148973384375  10.0
57.55975281880998 95.35643514020364  10.0
264.903670118362 478.3905143297508  10.0
191.2426074439769 770.6710001912505  10.0
987.1846023260404 436.59171130347784  10.0
817.5984602168785 943.9658385153471  10.0
730.9795194083299 4.69575668698563  10.0
34.37099167513924 714.3500552239346  10.0
600.674690324685 604.1775985089313  10.0
663.3028237091451 49.846353263540365  10.0
627.0019627381882 873.4422359947495  10.0
759.9278668723625 72.15971615704808  10.0
862.8876593697657 792.4528260376655  10.0
934.9495166595946 216.6071370162017  10.0
783.8219787687184 354.77631664805864  10.0
543.6309939802563 645.1688446912223  10.0
256.6955669495804 204.55795961584522  10.0
409.97689496981826 877.5350408416255  10.0
467.0263432825084 383.4742946026448  10.0
644.085604506815 723.1867067101733  10.0
101.72621740035048 91.50394793346894  10.0
283.9048384627225 246.96271771541834  10.0
773.0338597874844 155.39440769108293  10.0
946.722964976616 681.229867368247  10.0
138.9665149689673 719.9921187310725  10.0
411.08132565954924 909.6860934585441  10.0
426.61982543413234 530.1418183565163  10.0
66.39380830475439 390.99173886801753  10.0
96.8720911876072 54.65098747245523  10.0
465.4116634843769 164.837368011968  10.0
202.52489685576657 618.8534193324175  10.0
793.7728758632877 888.72071969158  10.0
586.6395592967381 658.5956059568432  10.0
931.2273104345223 690.6198825549562  10.0
443.80477758624136 186.0084820570842  10.0
920.7304750105592 990.9132105011679  10.0
924.2976329690365 566.2160015130557  10.0
84.44959635282345 346.31101288543584  10.0
399.57686931272275 744.171439557765  10.0
729.8280185614952 799.2279893651179  10.0
727.2733503120317 132.10088861450643  10.0
374.2055232093848 177.9394022177331  10.0
354.8200478475919 470.57303965995254  10.0
683.0928325710515 286.02794095217445  10.0
383.0895137421255 110.00283847915726  10.0
865.0513002060519 944.0427459701592  10.0
774.8840413532282 324.4361379049957  10.0
95.22944477806516 401.9553913821554  10.0
737.8499666874134 465.75123005428543  10.0
649.9600003990727 727.9123895436945  10.0
937.3643854392258 993.9523138775032  10.0
826.4227816427173 396.9474978613855  10.0
602.1685420404751 678.0191306972805  10.0
394.2296701560478 452.7310187194692  10.0
773.9995593256623 551.8157069855629  10.0
279.89030006035165 296.0978479333739  10.0
922.1980723505608 530.8506311180079  10.0
420.46819668624016 366.00962171990204  10.0
895.246076526299 948.2201734388614  10.0
239.3385487400753 721.7704269005008  10.0
713.4159895803359 651.8544029143444  10.0
994.8108998818955 809.7300547152611  10.0
20.188335411005397 720.2260636101797  10.0
331.48090965940645 503.37222000589344  10.0
104.82219661145653 299.97026403674386  10.0
724.5274740846129 842.5994568757325  10.0
284.43890624373955 546.4029524933499  10.0
148.77269258623093 766.1909581085489  10.0
91.20607360026256 156.7145577663406  10.0
227.17410445338382 530.8226157827631  10.0
148.68600790131492 525.6543765739867  10.0
317.51962527417356 440.70386365894944  10.0
841.1383684230867 124.81089957445135  10.0
481.4476145163342 973.7987751689233  10.0
880.5441861454109 309.1310960905954  10.0
46.51623269761329 383.7639131588069  10.0
658.3446182456307 388.11243272411025  10.0
519.8970299985401 381.1489038436676  10.0
832.3642984525444 464.1387944413384  10.0
941.3702149876726 553.0698081883135  10.0
944.1159781157742 236.72176700188507  10.0
373.64979548755537 767.4799103236599  10.0
987.659376068007 698.9469497808986  10.0
119.66911626973442 926.3258359084024  10.0
758.4140663613679 411.21491280396526  10.0
429.30805138076556 81.29176987097719  10.0
498.80246083790234 827.4044254842731  10.0
912.145490921365 106.4979675835932  10.0
827.3258144510827 969.8755861304464  10.0
608.1716786849864 834.4341155130836  10.0
188.65253299987384 602.268894501546  10.0
684.9969116052602 804.5723685823423  10.0
94.5246703295466 932.8459061391555  10.0
27.94439083034772 548.5182522973076  10.0
238.76511177439363 796.1555474229249  10.0
568.5170032443506 641.2226162464091  10.0
164.39447816096842 207.09989806584716  10.0
57.07875305443644 584.6910792984878  10.0
536.8433543645617 159.01178949615914  10.0
127.19373553497604 958.791895943708  10.0
234.47201841403043 546.1459349208241  10.0
921.9167437948661 173.1771394028444  10.0
406.0862873603506 131.02414382542403  10.0
256.4312252204881 584.9962407281565  10.0
364.86492610301957 548.364553120552  10.0
276.78199941656845 708.9947672966778  10.0
689.0902420244007 439.8634326944388  10.0
841.0514520845473 739.7554798017605  10.0
182.3006656441767 947.8876637056159  10.0
397.17987242423345 630.253054871851  10.0
408.95968787105176 961.1746256062569  10.0
960.7317897091835 526.5575067170334  10.0
366.46334719745835 701.9255719518417  10.0
906.2617648611614 445.43547781679035  10.0
480.28382658835466 471.2175526423652  10.0
677.5350902330131 699.7629124945993  10.0
516.2741896125591 628.4479387846451  10.0
194.70974038508115 726.0765822299917  10.0
192.63520776997532 170.5647897771465  10.0
690.6880527913299 649.2554977365257  10.0
243.77224348603755 598.1251340563314  10.0
944.1978841727811 131.23816362063567  10.0
439.2464826375774 107.76284769511423  10.0
393.7645627193971 793.8452395236658  10.0
593.2513508117462 534.4359139307287  10.0
414.5866451121029 780.1907783397556  10.0
913.5217285839454 881.8630825056827  10.0
119.42994726749478 824.8302777094129  10.0
133.30978336805498 725.8479692924334  10.0
405.00605573844064 539.7071464664293  10.0
746.0383489587302 252.72837794649695  10.0
606.902589039891 491.1232968546738  10.0
319.4686331816171 203.9774487883983  10.0
48.98480198177424 42.37378538133996  10.0
304.6961820927518 538.0220845253109  10.0
977.2890440719683 867.3496656285886  10.0
975.0154046617457 191.63375754998523  10.0
853.7804793878325 502.3267401481806  10.0
130.6694887066141 925.7851832350484  10.0
751.9489194931556 296.32261306225405  10.0
987.7288891957331 874.6558171595973  10.0
644.0681196381279 644.8179361997638  10.0
232.81877207453527 81.50822634726484  10.0
699.0458290532539 447.3022446864341  10.0
570.1416153369865 1.4460953605942573  10.0
320.14268911090426 316.01847493472724  10.0
213.21815224321028 678.6040899738667  10.0
543.4406591080639 181.44457946076653  10.0
680.9963204547626 64.10862832751107  10.0
590.7920994153571 589.4647942246664  10.0
946.4545855749353 731.1878003296652  10.0
825.0832919785474 165.84659841216586  10.0
455.55217818382863 65.09741105050415  10.0
90.99676691729542 435.55436461487596  10.0
785.3556418420327 858.069893068714  10.0
441.05913103814333 427.59388077069957  10.0
742.3977714352181 123.28104337492152  10.0
544.6121941333765 270.49671655865893  10.0
515.8013180285191 856.8692025485595  10.0
656.4467607069819 289.21685577354475  10.0
94.426359041892 423.3303723283706  10.0
882.190617462668 951.1265216224506  10.0
533.2770555514719 217.15169685754444  10.0
619.1427057280089 376.962059660785  10.0
811.6301203266687 262.3350555290823  10.0
474.0982015832445 31.984545353457182  10.0
963.8232984970068 451.50136721800226  10.0
663.8099283775699 643.2844632865578  10.0
883.3695589655878 197.5553318225276  10.0
889.0836834215429 351.07300848254096  10.0
702.0385584176433 373.4294821266824  10.0
940.1059758313979 594.9674312326672  10.0
927.7740277277476 549.2153188208587  10.0
838.4551173855416 260.6915094301814  10.0
588.7918075737122 701.0285501213643  10.0
150.34720027171932 168.27617668249394  10.0
475.9301887641373 762.2441905473559  10.0
216.02073652818999 69.75979891908001  10.0
201.30069677900153 615.2770258635236  10.0
431.765269430228 942.5512803929007  10.0
198.51393144224605 380.87105567155055  10.0
393.95011194558003 514.0334926060169  10.0
978.2316208989736 151.90131949284358  10.0
668.5122038881236 633.6483540887998  10.0
922.522748663484 639.9804483307537  10.0
184.71212426518636 320.6192584056845  10.0
652.4781356123292 555.7009874812419  10.0
768.5702556855151 58.630185650084044  10.0
535.7642054189085 927.134080660303  10.0
129.24572836298853 183.1954526603974  10.0
214.27374103367058 976.2437617997556  10.0
690.7226931980296 13.117483668489971  10.0
126.75715034300205 619.1654635544544  10.0
21.520002813061655 714.3446300696962  10.0
877.2954836539761 133.83625837305013  10.0
256.74199309744307 752.7046854039656  10.0
957.7016989017646 47.253424759844066  10.0
829.6394428567065 191.40413250174137  10.0
770.4144592518618 834.6769694808303  10.0
33.95151180475475 19.846893564046898  10.0
118.17434840222695 594.3810339658955  10.0
423.6510554499316 162.2409059290344  10.0
327.749571374797 464.09758224659714  10.0
823.3169956914883 807.6242047701377  10.0
957.2044397241608 179.0858671365525  10.0
770.2093865397107 227.35701138068043  10.0
599.680695098474 836.798847893417  10.0
538.2240247893857 301.78983041032734  10.0
641.3881545977374 629.4081719017745  10.0
504.25540582847816 564.7318673950241  10.0
957.4777124222077 32.98745368907918  10.0
509.09778651717784 692.5081311816067  10.0
436.6965240982349 700.9429482095634  10.0
37.86632540102208 13.807548303840012  10.0
914.2013827440492 99.31996579811685  10.0
499.0215200537592 797.1887052507968  10.0
561.633331707737 742.9022154843165  10.0
616.4315994704025 785.0234515033898  10.0
34.532492421748714 743.5601534020359  10.0
965.5094988752267 685.8232399329183  10.0
709.3994834724754 266.09403928581474  10.0
982.3120400560235 111.30657608714401  10.0
156.1854480289293 401.85591876741887  10.0
353.5912124600762 750.2306186158033  10.0
586.7199893760766 916.7240150199394  10.0
556.1381377660938 407.9233609170293  10.0
395.5626008504113 307.5421659749905  10.0
455.3628307468562 908.6173728092883  10.0
66.98965907078825 609.9259232564556  10.0
295.9036507796744 757.1000174119952  10.0
660.3056385894031 440.37575103292505  10.0
121.16215786315232 886.8590828065009  10.0
805.3941105723643 826.9275745799217  10.0
644.0109907848044 783.8167761395381  10.0
641.3999965543744 485.10879393341855  10.0
857.5233002712339 767.9093027455135  10.0
413.6619044880373 329.7582679564216  10.0
222.42444661616213 239.18293033491355  10.0
507.48897447561234 178.30671144264377  10.0
97.06762092769006 250.74211274778037  10.0
542.1044396361624 797.4038134869492  10.0
186.08754338075008 857.7985648202523  10.0
774.0533547570851 672.3169904127876  10.0
175.4866309076749 310.23480686640556  10.0
466.5996237926381 137.3157595969835  10.0
394.76091309119266 305.50956287566555  10.0
70.11320086303286 795.295231769646  10.0
300.77368066373447 199.39645444220588  10.0
28.175605245398195 476.1806637743752  10.0
813.4367138248127 283.96157836888136  10.0
775.107683798975 336.194477513893  10.0
49.86040784364187 985.3492086790691  10.0
22.850958871691198 83.8561139603029  10.0
801.4859957798162 108.35993077394612  10.0
748.6095781336517 733.6241646249846  10.0
177.81400662508605 60.468092585989396  10.0
389.3873814514447 734.3792726502005  10.0
200.69528221475076 324.84111783611326  10.0
625.5302680710046 797.4851130865869  10.0
774.7520876049273 320.08587532695975  10.0
792.6112675796858 257.95455395186417  10.0
382.3485177734072 183.86244902803605  10.0
399.47191246929845 342.2863033266197  10.0
55.63087282589885 948.1690298964231  10.0
449.96036245235047 287.82661543957124  10.0
663.5105851261063 36.01597884212793  10.0
266.88276577868163 861.0504984913198  10.0
318.0631746035029 2.371198896948923  10.0
298.911795833225 455.9445672462665  10.0
752.6689820137923 966.6729822938833  10.0
954.6718791111898 618.7140272621573  10.0
853.3225509364913 239.87031579902785  10.0
852.9477456304159 541.3243178401236  10.0
134.889345535815 235.86533794553867  10.0
3.93969250455406 793.9278347890753  10.0
845.6896167771017 875.3957116021039  10.0
343.7147746197734 325.0146534537347  10.0
556.6416169335 339.80988946151433  10.0
732.4804818234983 548.1654080215283  10.0
545.2968815926982 212.85130212267433  10.0
997.0335283279181 155.57366513843152  10.0
20.452794480707247 760.4821733567563  10.0
848.7130596011748 151.04410931608425  10.0
249.62851717808064 341.9414316977324  10.0
540.4145023361693 478.9616494032126  10.0
949.542538742257 719.6456361034833  10.0
939.6959540347474 540.7663218141905  10.0
878.831001467018 341.20516305558266  10.0
289.7366936778943 836.7568803439435  10.0
432.59809190148303 503.7428251150069  10.0
305.88324937092995 948.5862773671923  10.0
179.9911093574966 678.865641296367  10.0
412.74485204115916 86.6001333531431  10.0
708.8443358335385 176.05443090297123  10.0
865.2776024681357 466.20908226091706  10.0
845.5374719707172 752.900642109295  10.0
217.02197408584613 848.7747382956356  10.0
303.56590511112927 742.5328362900306  10.0
99.63617918679024 685.028087188392  10.0
80.92188478569162 761.7405670904693  10.0
560.0930620609207 432.82799008631724  10.0
474.236784738529 87.71617663418374  10.0
265.3862861647818 786.1070049643009  10.0
406.73662332237626 347.0001080470089  10.0
729.3165888653405 748.1402996745418  10.0
877.4143460534552 247.12905285672338  10.0
341.90671730108613 709.8127659675563  10.0
730.4240883762205 699.6497909972957  10.0
389.21963858422237 952.3484572637624  10.0
616.5537944850408 832.5766537386564  10.0
439.83088269938196 284.00556695965196  10.0
972.7350022241695 71.03380801756187  10.0
443.9333509082762 841.5290256924823  10.0
80.89903638374807 676.7378555828503  10.0
642.0284024963682 439.6922448262102  10.0
784.0913511451249 880.1403550952263  10.0
912.3845416105731 236.04827305805432  10.0
235.60676562590433 13.464078058502249  10.0
499.9210023585989 893.0494830434487  10.0
136.01033292780917 858.5303998514551  10.0
163.9000753345924 865.9849679831877  10.0
273.25950153722323 760.1898890082788  10.0
657.789236610356 922.7224981292429  10.0
822.7456909735504 924.3316560869029  10.0
111.87981071355301 510.03203682476715  10.0
786.9240584630274 718.86168254931  10.0
327.72610674437453 121.30631737753828  10.0
158.30247760009465 726.7036368590439  10.0
213.19508895574126 391.78348818123277  10.0
874.9118118288852 761.7907287221867  10.0
587.8939448157461 249.91507906895026  10.0
403.98166540687055 52.1801681642774  10.0
370.9681165292664 87.31293927424888  10.0
837.3966822258327 318.8367327546301  10.0
726.7407412295252 574.7461758836644  10.0
711.6107908688377 534.2955255058621  10.0
88.38919072921414 447.94984408710803  10.0
375.04746313421657 732.3281351387603  10.0
105.83229387294635 314.5450973925654  10.0
617.6168031501891 357.900642476086  10.0
471.2277818622991 292.1597056815336  10.0
449.83039146858493 296.1257152717237  10.0
263.956142035937 77.87763589051889  10.0
373.09765248232617 899.5754567761813  10.0
926.6935938175441 870.4344843340363  10.0
218.13848970011495 45.2352604720283  10.0
235.15386323651 419.1152294913451  10.0
645.0483366119586 495.5435671309086  10.0
656.3040712435031 357.0996850791636  10.0
696.4038395093246 612.3758407696082  10.0
303.33786775807727 892.040084396668  10.0
373.8983643468423 778.4958104137019  10.0
290.41439314416596 872.9440755304765  10.0
69.34884633898142 717.9102037906032  10.0
666.1488145298497 229.9761408308224  10.0
822.5161088358491 274.7286269654948  10.0
262.0665477739358 792.5783909067246  10.0
801.0331539888533 109.5426901960449  10.0
730.7100439276853 531.3521296732292  10.0
101.8370915672675 203.00369676325147  10.0
767.8131486642042 340.4293124101774  10.0
958.8520227530565 18.191996108720243  10.0
13.935203280617925 579.6030748530667  10.0
708.2717218760902 666.5348559823507  10.0
413.17292193804366 729.2750386316815  10.0
410.6426737794523 446.4441606356617  10.0
870.0454532098437 676.3163618777776  10.0
858.049287075032 679.508977774523  10.0
890.3736514054112 345.22850516140335  10.0
805.0549272419081 855.9925312258306  10.0
517.9522443208862 616.5287201096579  10.0
653.6540830784794 719.546536232851  10.0
286.03892299951593 733.0745944315701  10.0
495.34195900204236 70.47073317095187  10.0
91.16216413442469 685.0803509207763  10.0
367.510190061474 747.5085299149453  10.0
866.4751032472566 385.86775604861367  10.0
816.7280472436502 460.08494150365266  10.0
682.8600449421825 802.9323630759577  10.0
378.0709692874463 886.0557297649689  10.0
438.2145282559331 592.6958804521346  10.0
377.5089921953985 724.4518466793123  10.0
608.8263332844618 202.35387413394702  10.0
543.4696589869302 198.36674154111012  10.0
631.4714198655231 848.5172112365381  10.0
274.0417749511843 840.0482323161636  10.0
360.8455152327462 259.88511057984033  10.0
47.88712306923437 258.4208699409142  10.0
704.1664979981479 579.9760123128882  10.0
389.7797121984501 988.6787277434091  10.0
973.2611734908681 365.98238119116377  10.0
5.793272110332426 454.2523266851399  10.0
714.1768431069236 191.1036485869655  10.0
188.509069366819 533.3680038091793  10.0
775.3345077510622 960.2516661326183  10.0
359.21824765184897 215.58168779616594  10.0
157.46701500872052 682.8110869037124  10.0
661.9438136904432 358.08322218945455  10.0
752.0622593968523 111.17674843593295  10.0
853.2095688794402 607.2312987938037  10.0
419.7577957385159 350.07920026257364  10.0
341.83431323423173 137.6936399491322  10.0
986.1102535909021 269.24813117094726  10.0
124.63160838692755 979.7303318788657  10.0
639.388748974376 310.7530534172692  10.0
536.74665592677 354.5730231341648  10.0
903.5190884356472 72.39928536255601  10.0
189.46364824854578 618.5162757837352  10.0
829.0309562201712 869.8464709081176  10.0
203.66843190300378 128.25155507911447  10.0
295.83793837567674 332.65606217770085  10.0
863.7526521376675 583.1387337236358  10.0
353.90596583287095 973.262983684064  10.0
114.59760104543237 174.52319868285483  10.0
341.34283016632685 582.9059261957519  10.0
903.3770568684281 177.87194504940052  10.0
114.1675758518389 254.83980553981823  10.0
228.2703262797885 460.4148630606365  10.0
97.99572365590869 812.6929252428532  10.0
897.7779500666129 745.1423009162103  10.0
29.102106737366796 430.62042143519284  10.0
427.1844466680129 371.4238032118288  10.0
190.80040552874001 271.9447779320894  10.0
202.8137063782317 723.1769193918117  10.0
670.8041649554787 44.26284870398367  10.0
30.074403799276837 457.4291039226496  10.0
666.211818829049 471.5385829859163  10.0
447.89438186691575 159.27979618784605  10.0
144.98342685637232 817.4890712630943  10.0
739.9942284666345 73.68390751119614  10.0
236.25467995072614 759.6107938752341  10.0
402.55230408701357 120.14164859186127  10.0
566.5592575190151 109.48235765195757  10.0
938.1645724934106 483.2943781951224  10.0
385.0079388577676 102.51832792999427  10.0
237.6046284922969 690.5894993970628  10.0
727.6990143842262 239.13868571927654  10.0
483.74022133355567 237.59177211662853  10.0
60.111120484900304 949.3567738306843  10.0
466.0648574606986 502.18276660788683  10.0
805.9565299737983 674.0782024761722  10.0
429.6542436734242 900.8037026626574  10.0
921.9489615222018 308.9418439292655  10.0
98.95877222002846 983.0614959365182  10.0
210.16697369527748 340.323351714695  10.0
314.6951168016603 435.4312606876083  10.0
373.17046248959065 418.1606388059326  10.0
801.2015578882504 770.4535540225014  10.0
911.7541623468602 556.5497245706576  10.0
941.9728275124572 814.7375502852399  10.0
841.1987618544205 630.5986246411145  10.0
82.69230952074591 977.2464715446303  10.0
859.1069291039604 346.81581114432913  10.0
803.93063748616 678.7546498943581  10.0
36.38782543818342 404.3488684573422  10.0
809.7817680555752 254.03076160784755  10.0
322.68040453506563 135.6782224480092  10.0
564.0582819444795 100.2146711436731  10.0
158.4824845254257 517.9095733714315  10.0
572.2702861624429 838.0204845307231  10.0
268.478737472052 79.59815101208912  10.0
255.46320856790206 776.8114856361656  10.0
274.0379127784284 893.0762875482573  10.0
691.091358796319 30.25759384360116  10.0
107.57545945986358 538.5458256831351  10.0
106.45597564985066 216.19921676143704  10.0
337.45485930392005 653.7349258541115  10.0
901.8378153189723 792.5061698991127  10.0
419.3274916195007 441.7087661985014  10.0
153.30599179208582 730.1338208672298  10.0
578.2867056236332 299.46201515382666  10.0
999.286298562007 405.2429641464316  10.0
495.9395266404508 551.2104664111396  10.0
50.32391728158026 304.16401134077967  10.0
227.47492466528817 122.8382351944305  10.0
978.0766732092463 378.15014440413574  10.0
806.034598471987 877.7454831124656  10.0
737.4271106190329 659.2776785678354  10.0
805.1689871740791 249.38168837125497  10.0
454.70244335746645 54.51704416266179  10.0
724.887222252181 752.0372687543075  10.0
875.3440156561578 71.91023068336189  10.0
442.78688387931095 929.0068585605571  10.0
405.96833734558925 600.9565603820546  10.0
128.9754907387628 306.0250453927595  10.0
208.6141782857226 768.720792014921  10.0
961.9726589935497 957.9159679860579  10.0
509.0715941967534 323.8429953654188  10.0
702.5081148999005 367.68597619858133  10.0
266.5397806908889 962.5430790135234  10.0
683.1072798411276 359.8284911377787  10.0
618.4630129058213 503.87711383364586  10.0
53.58310040283809 23.39873069129128  10.0
62.24507662402567 845.9164509886856  10.0
186.02881351027312 705.4553484460669  10.0
164.6438742336509 190.1850692207896  10.0
987.6335782718867 351.7548863061055  10.0
700.0001596139313 108.60405230003578  10.0
495.6184364913808 699.1240826215741  10.0
510.05532523191124 645.3571118766981  10.0
535.817980642607 82.7242848026164  10.0
50.96490367925155 795.5038338948456  10.0
414.90837485556256 911.4609815705361  10.0
547.216194598738 382.83271084453185  10.0
586.0098936191634 186.0807488714573  10.0
907.5097096127071 571.3591100735092  10.0
978.3680848691589 787.0368605780459  10.0
74.26574713262268 988.0378752399035  10.0
214.04451739136755 642.9941209856547  10.0
276.2692018877181 708.6743713171243  10.0
248.02483865357505 305.8820727879008  10.0
733.067144219157 164.68129944869347  10.0
62.877639313095976 904.6952310185914  10.0
720.0849057550163 365.2433145329972  10.0
925.0752259517986 927.7778257501651  10.0
545.0286774115666 697.6154087429157  10.0
367.3133422934448 792.1197323235406  10.0
908.9935636708899 967.6944911772637  10.0
499.64332682902904 698.2292613063158  10.0
329.79802794959846 273.6686836625297  10.0
471.95716631559037 840.437330840307  10.0
790.4168747554928 767.4617059738013  10.0
911.3424016449034 645.0272350220872  10.0
541.9866863329213 351.85525780618843  10.0
940.0501035191103 342.3723692756755  10.0
38.70932387344439 885.5846039415255  10.0
943.29586057533 844.3044089000704  10.0
311.0801796743711 524.3683834456505  10.0
600.8406140473131 594.222253670303  10.0
694.2201001019885 412.74634748125004  10.0
822.2740237452867 784.9925116257972  10.0
719.6907715626286 59.76369255162683  10.0
133.15034856913576 98.47991536675183  10.0
152.02549550745582 380.95421611497335  10.0
747.6028887360101 910.5865365415596  10.0
605.3085280288172 569.7387656894003  10.0
32.78987805806332 726.9664157116886  10.0
910.4877616435567 673.2695910445163  10.0
321.50103654832606 467.122396325565  10.0
420.7072280820937 990.9150481306965  10.0
61.48088414743413 98.38017707959045  10.0
739.7971648695361 187.99346259617923  10.0
103.50109395122075 36.27416964912899  10.0
938.1614072894929 323.0285734860835  10.0
524.9409690835538 674.1687910887919  10.0
180.6529571313972 823.7137513549878  10.0
761.6118460444995 382.47727252498987  10.0
832.6304987750369 814.935437346828  10.0
977.787158616368 326.63013346637194  10.0
533.2398766443548 101.62079712203386  10.0
542.8773797117325 492.9837119711882  10.0
429.0666357848524 539.8387122084852  10.0
202.91468153221416 383.14840115658757  10.0
746.6563496051429 491.4969414200321  10.0
35.98943374871799 939.7557323518564  10.0
149.00231116130368 551.1425599006351  10.0
563.0069576073702 400.47180857993635  10.0
868.9504485787913 757.7869376602077  10.0
448.60920968379423 942.104168481552  10.0
441.5738394746982 60.34025514678498  10.0
71.83334043401635 172.93813233225796  10.0
967.9201437669443 892.1550327392513  10.0
872.0548861304546 758.9775252818353  10.0
234.13728654214705 328.34192863291236  10.0
782.9904798421029 728.5540291176723  10.0
682.833910252919 448.9350891010049  10.0
256.0111279415006 289.80828434124186  10.0
187.63295364316988 211.64869105460716  10.0
343.7439919297736 316.83484519598784  10.0
817.2280709683828 349.88010512167756  10.0
65.9168702580909 12.822598728383205  10.0
291.85446276343754 554.7791625881233  10.0
811.6264131845426 642.3107154785067  10.0
632.936841619299 474.61733148990146  10.0
845.6874675572443 639.7196156390016  10.0
585.7791187721077 870.3545104617527  10.0
81.44767222246196 847.6055885964739  10.0
755.5118670979535 603.2150210654593  10.0
158.42768895683113 115.62653607264973  10.0
38.11531919266697 998.2487417791518  10.0
520.3745399152147 999.9952070440957  10.0
851.1868207379422 527.2674345710891  10.0
627.7915381229006 843.2360758029172  10.0
873.2236949233119 685.2098997856159  10.0
658.7350753655317 85.35022423495664  10.0
485.54387829066803 395.9041470517788  10.0
52.645386488963 260.03205685726095  10.0
877.5679239301384 276.3588287725445  10.0
34.204416742161904 763.3710165649873  10.0
824.0381222679724 613.1297484647336  10.0
817.690703605874 147.50972671513807  10.0
471.85161069653117 959.9717444069615  10.0
537.0282846120795 388.02011155048456  10.0
84.53593602080733 852.9005570291313  10.0
72.70218042794696 301.2969889259146  10.0
583.9974193211756 256.95244766688694  10.0
853.9402711096759 47.05869327679335  10.0
902.0238827828251 8.344341841306836  10.0
403.0381179498096 441.0826729686701  10.0
608.1248604986702 696.4010077652887  10.0
858.4290516126225 624.5932924906673  10.0
15.644419621440697 141.52930830602816  10.0
964.0790185606568 489.258302726854  10.0
984.6826893071628 868.6847894963173  10.0
45.01231497046998 140.53907041784797  10.0
938.2141890165996 750.1886632644693  10.0
302.25041061481375 597.1793498388836  10.0
186.89242579569364 297.4181362964906  10.0
355.17294545863933 870.9057365836611  10.0
518.3817520998678 917.8070208201271  10.0
335.2866556985441 547.9525132540238  10.0
148.6592309671555 821.7570091376227  10.0
992.6142003498102 2.812606575712584  10.0
555.5806329339486 163.47497319386528  10.0
214.39165733330768 414.65500380405985  10.0
419.1062254664574 430.41489999474703  10.0
75.49004957471017 828.1388176747422  10.0
877.9339492693742 57.91770762972248  10.0
40.95269160418158 602.8923080648775  10.0
578.8885208227044 738.8059847297008  10.0
223.2666986579912 729.71509653401  10.0
543.2671026555058 922.1045226738898  10.0
660.4638223460321 656.6004326702019  10.0
703.4435050403997 550.722303520197  10.0
425.8718413808108 463.9632532954642  10.0
73.38449786878454 174.84487897933786  10.0
6.314979815118749 455.99931941845006  10.0
908.3332277053827 195.95050899195965  10.0
792.7877006087047 493.8896398608751  10.0
881.7667421836269 145.777681496301  10.0
716.1031133246566 686.6029778495288  10.0
261.8354040487716 585.235052140132  10.0
29.74417276837005 376.3390074765017  10.0
304.84451051574456 420.1598230818745  10.0
993.1213850133064 708.1933609086607  10.0
599.9391141026217 173.99369637482275  10.0
740.668395182269 457.4147107768347  10.0
897.0052214894745 31.860336211644636  10.0
935.6829418849894 202.66368683626536  10.0
28.901708939985227 276.1918348962302  10.0
902.5467611720256 379.9717157977239  10.0
899.4890606361903 70.96623498066734  10.0
806.9355238616423 229.6376741074291  10.0
150.52278406624998 419.78158369059304  10.0
110.85585860171953 157.08867947939908  10.0
43.3302350050605 522.4066548470408  10.0
967.8228116879536 568.770906650053  10.0
295.291948021276 685.1122669134397  10.0
443.2186324435333 815.4251483877591  10.0
96.4998985356742 402.0010519304196  10.0
445.84913750815036 477.64062480186243  10.0
298.5660450935356 217.71806578571096  10.0
38.94161373750282 862.3704198459208  10.0
815.4072061685064 506.3380916704584  10.0
362.3036780207125 244.1300027731701  10.0
604.9327762726105 356.8897979465137  10.0
742.0900743213745 80.89003124801653  10.0
210.91421333642722 342.89144314294896  10.0
690.6002985456668 162.21351354938318  10.0
735.9162506813813 71.43603959453503  10.0
405.7567187343201 405.97630898852157  10.0
289.02141408935387 56.77847553928772  10.0
68.38945848298006 810.0492557356321  10.0
406.18140416368396 644.041071451939  10.0
705.1807205164491 886.6091290436169  10.0
676.3798356609234 420.5682742727137  10.0
636.0982049356762 759.2847166176379  10.0
823.3929439286379 795.6247342229021  10.0
557.3729452758656 987.1332982861245  10.0
790.7860878485153 203.5455022081768  10.0
124.55480653722361 94.4821961184893  10.0
956.8855249594216 691.111369106806  10.0
494.90387717256834 731.9585223060079  10.0
466.81659048930754 486.8356219590234  10.0
664.3539872015922 371.5700306493146  10.0
810.3009735498918 518.0134282271451  10.0
591.510262554296 447.48845077436096  10.0
196.75707192988756 740.7985486397437  10.0
39.61918517566265 894.2260277980357  10.0
983.3493307320513 579.2364313472651  10.0
787.1770544488376 105.18508649784263  10.0
396.9839268505538 731.096524689449  10.0
358.81798337689406 437.09925830477334  10.0
57.84947880369329 91.51129331824681  10.0
710.3504853833995 519.6744904079369  10.0
359.9533847807972 569.8424591408773  10.0
365.28709914303323 794.7764151024089  10.0
593.2058331465854 130.86039315624743  10.0
344.9389192907718 905.800403908122  10.0
801.9548019956145 478.23521585359197  10.0
860.1230272227098 785.3991466411982  10.0
766.4774362392278 416.5035507556435  10.0
139.75740683043247 548.5318325820364  10.0
166.78440810875617 77.08787701933262  10.0
960.0946719796308 587.8384327149074  10.0
942.1954219644866 874.6101852777398  10.0
408.07237881749825 589.630802903795  10.0
95.49578279965543 271.6553546994753  10.0
163.2341892990954 541.3324174579494  10.0
707.085388281814 173.30390317777756  10.0
114.90282677075191 184.98673083431206  10.0
722.3830587140152 47.16760767055972  10.0
444.7623667189572 786.4938049838937  10.0
154.85071341958067 670.3259016687116  10.0
399.73384647911035 536.5235319883989  10.0
707.3534612509264 741.4746202710029  10.0
856.0046505150484 376.5931801807607  10.0
456.17325679968434 464.7631152095272  10.0
432.2991841704066 552.5856514861725  10.0
164.8452334305587 611.2094228766983  10.0
348.95414081261436 738.0244122875429  10.0
999.087546905186 494.24769198224016  10.0
449.0888921498499 140.70944864734747  10.0
899.4470722675574 757.8755565677807  10.0
799.1378646194446 608.8584963167797  10.0
634.8846812363008 869.0339142098674  10.0
68.23817469849114 386.6860028832366  10.0
608.3756687365724 730.2649412392893  10.0
449.44253609354456 834.3919973982091  10.0
814.7023758416194 884.3587096952556  10.0
230.45407499144034 123.82175359329295  10.0
960.9673063916989 369.6126614767179  10.0
247.5559723799986 648.5963264484546  10.0
651.9572778111808 402.4921888080205  10.0
363.6357783523616 646.3030478715996  10.0
715.3398946594177 713.8948157137016  10.0
799.6804562862585 320.37421340744453  10.0
195.7757919537567 545.8843766512277  10.0
618.8451006476032 570.5710460830398  10.0
282.3815632301688 27.675682222505273  10.0
913.1744599996653 293.52952449013713  10.0
450.57954249554746 892.814328765905  10.0
275.28340652306724 98.61305166397749  10.0
397.2224245361454 273.9103102016617  10.0
950.7787007414747 199.3567375401849  10.0
926.9822947173577 616.947956567213  10.0
661.9310121971149 187.07661834962852  10.0
808.3451911561859 594.1092141945189  10.0
469.08303941874084 370.75627408817314  10.0
759.1536303530049 262.2108626290716  10.0
193.50548887596474 376.112717249793  10.0
144.49139669638345 613.2708405187891  10.0
863.8902006189084 736.7819351458436  10.0
673.8064922386704 94.38226614190792  10.0
368.3949885601079 281.854041303648  10.0
369.5192124610931 635.9885509960841  10.0
995.1328622613729 226.52673619648456  10.0
345.9645402364613 220.8164155178731  10.0
826.223105165742 6.4349008986203104  10.0
485.3691986810249 50.13806833300982  10.0
14.000145404922225 61.253410764639746  10.0
926.6652790818973 919.6977100292245  10.0
812.7010276513009 969.4588850415898  10.0
393.2941837787799 504.5517335620373  10.0
864.9298662608034 563.67576626661  10.0
777.7557122918784 870.2357411897048  10.0
649.4239376573363 914.8204661959611  10.0
73.50954338328953 677.0859892802971  10.0
185.1226628667152 363.2971093708337  10.0
698.9364604311028 225.20655772100127  10.0
56.267102876023436 96.78686473388298  10.0
493.4202290357095 699.487895202131  10.0
574.2345000325032 126.71220024110397  10.0
182.21055398111054 717.24625305541  10.0
424.0385963068075 899.2465075793478  10.0
904.5806469348748 555.4675293478056  10.0
456.9034787483399 191.77855801093625  10.0
478.8935320139164 240.30346978942873  10.0
385.04451729755306 392.0300766164847  10.0
438.5435951038359 18.38185041621987  10.0
10.767550523717361 734.5640760509438  10.0
514.3404534173771 597.6565400597923  10.0
279.22301122836546 578.2107422090982  10.0
161.75482871215897 944.9370907308515  10.0
882.6290106939681 347.9762850897965  10.0
935.5468020515492 357.90220643396685  10.0
363.50350762982987 336.2895401528643  10.0
999.6490968570627 991.3149051294849  10.0
665.4223935143864 160.98036431165153  10.0
826.7789447372414 10.321336812807225  10.0
862.0471532178693 311.17225643823707  10.0
190.10421308749238 68.1296208584462  10.0
358.6416654304041 877.3115737667588  10.0
878.3906838717674 861.0287343995889  10.0
205.02503100032288 257.8440687181209  10.0
176.40912963407584 100.6219106994386  10.0
284.88331699215485 362.5887090292291  10.0
43.98215216896651 361.3126424976333  10.0
53.590015277575006 591.648286506619  10.0
99.9026893877688 910.4957948054478  10.0
185.16130195594283 658.7345122089878  10.0
971.0571964377278 809.570456594871  10.0
958.6989356487234 149.07520803491582  10.0
302.4387052151695 285.8047181569016  10.0
465.650222875273 554.6096328013241  10.0
740.3355202478285 618.2470854131682  10.0
751.4408625927123 412.96754754931277  10.0
498.8342269178252 555.2934228500434  10.0
818.5130768024115 91.76612463512124  10.0
698.8759037606726 587.1816761686375  10.0
12.528254791146164 706.0486223408279  10.0
529.4568614903487 233.60153349205336  10.0
689.4695506211973 634.2268563363385  10.0
422.1666886173563 874.769615107337  10.0
218.60666900350168 106.67955212570368  10.0
853.1073885864758 553.7352098364298  10.0
314.7614702047177 381.19696312886555  10.0
90.33982380990547 608.3454366061904  10.0
413.03982481551316 90.75163771449091  10.0
190.35430425768328 953.213030802324  10.0
300.1713854679887 451.6138887526714  10.0
813.6646976810114 325.19339544134164  10.0
498.82583683016355 153.62034295240733  10.0
977.4760058822797 830.2926800781779  10.0
964.7505602331277 919.4417951440803  10.0
692.4779104170801 685.5915366794501  10.0
501.30113095057203 915.986994714575  10.0
541.1673035036484 136.68418767142475  10.0
921.9128928695382 428.6170004168066  10.0
646.7054729502453 149.29589113427244  10.0
398.28817769917333 467.634408871996  10.0
154.16624616703876 623.1564093633122  10.0
620.5505374376987 266.55054316354676  10.0
300.13347487544615 556.8707277015849  10.0
365.3433878591312 952.9229220903225  10.0
381.9577175055875 804.4427293986066  10.0
818.8279971682343 25.0941238348269  10.0
454.5834763302251 807.2712893491118  10.0
533.7611767225069 651.9527766069575  10.0
380.7098264178673 959.8524374012363  10.0
213.3105121589246 227.87561807245194  10.0
939.14909112644 73.08527935064745  10.0
608.990907309575 61.299434706090224  10.0
56.59950983474316 735.9937275927348  10.0
696.0832672521698 552.9104500071581  10.0
869.6496361019346 244.83918926490523  10.0
947.1223686665221 728.2276135750129  10.0
246.68355968234735 168.01501717369592  10.0
962.5175474493722 529.3953258716201  10.0
603.4576045540069 545.7758172046683  10.0
937.0966560681098 842.2909078339617  10.0
331.4712749721175 185.77034568059258  10.0
442.3400762521108 837.589908133256  10.0
924.8555928535567 508.5094031729065  10.0
786.2981315842809 838.2226637629605  10.0
939.3550330810939 921.3155298264248  10.0
776.6619250568883 590.6936234019777  10.0
246.0795051569792 754.9642010202068  10.0
57.18416047393659 514.0248011545594  10.0
653.0551227144523 384.1410070009029  10.0
313.6230129264899 227.62301295397737  10.0
859.204030393136 271.0031745705035  10.0
552.6086520421517 418.1604181792948  10.0
878.234737732697 320.54775136599176  10.0
345.3086966234423 895.5962007285058  10.0
524.0264490326676 117.15286843745764  10.0
397.4955565316711 509.75682303870195  10.0
284.4418990185843 323.5726651090961  10.0
58.59453728383923 451.4310275775676  10.0
927.1054716221341 766.8305524826004  10.0
414.5190842924349 345.7250736618681  10.0
478.5341514121377 509.86924019384617  10.0
422.5754679455377 460.46252510523345  10.0
797.1110250292198 513.4803386381042  10.0
141.44595688436678 298.7021104268086  10.0
820.7424378103732 329.9503923596655  10.0
485.2358729920856 821.9863449317215  10.0
711.6412189949098 638.0239890656849  10.0
87.7971045576862 559.7221070550399  10.0
543.5303774397099 328.1990466432407  10.0
802.0163939444542 900.1344500183  10.0
880.6629677324172 278.0330473192745  10.0
78.48399310610831 929.5228638903108  10.0
583.405253540134 919.0532644143672  10.0
968.9342185310928 289.08902078648725  10.0
441.73241721238486 190.02831695677102  10.0
782.0765847552577 652.3938910616071  10.0
785.836840611545 495.77175196961156  10.0
482.9125259073497 591.5410093274743  10.0
52.151302696851644 846.3132224109569  10.0
771.3587642821757 796.4720876977781  10.0
393.44042861541504 438.1863693129103  10.0
401.9760759227752 839.2997191183379  10.0
813.2156479318263 557.7468008934135  10.0
713.8276166300532 934.3915976386751  10.0
977.5802711397398 835.8475462217721  10.0
527.9682949323841 434.95926984626385  10.0
811.7130125173483 563.8632699234513  10.0
539.7928566006497 128.19368075492255  10.0
223.5497031617013 992.9691422718146  10.0
84.44698761142588 743.5287494404436  10.0
813.8245275015229 281.74362868324386  10.0
