1000 1000 5 10.0
80
760.2339934463826 228.98347165480405  10.0
23.386535778190385 137.84364246721358  10.0
271.9279034195783 456.7738244186421  10.0
16.255294554167634 895.3192258286281  10.0
357.9565649670445 8.685097635121043  10.0
896.3044210749471 573.3009414750968  10.0
284.89126625692796 180.6707623721655  10.0
864.025832451946 830.1969390856107  10.0
401.2671188358472 301.8823776064149  10.0
551.942962839471 381.5986920571146  10.0
251.54073313996284 119.36905954125743  10.0
435.9435553059944 889.8939419717582  10.0
582.7184881301864 150.00950369145482  10.0
921.7691001103457 146.2012279678936  10.0
386.99660175190155 3.613554197301916  10.0
598.1466379282081 353.73799462780573  10.0
265.3554128167184 49.294043990548374  10.0
305.27459272794385 330.5240416745876  10.0
819.9021989344021 696.6238638360795  10.0
605.8519611102416 489.36110944553366  10.0
486.8583318977813 993.7571383537644  10.0
965.5656738003307 524.3182669252083  10.0
207.43789456422323 206.60758893035748  10.0
450.92825412572125 835.4916926942126  10.0
600.4668415457058 536.3411552235906  10.0
34.584032593221735 857.5970393283906  10.0
848.4430537122573 156.85399696049106  10.0
661.6789689391754 622.9911945388831  10.0
337.83921200840484 309.57104633488694  10.0
75.61545077819353 86.00919407710317  10.0
204.80225467575076 279.81456693357376  10.0
27.490622322657533 963.0417789774916  10.0
329.0042703879585 697.1556695866085  10.0
900.7421355765745 101.56720908674177  10.0
991.2518210777476 751.5766591176739  10.0
971.0033888876138 681.3910074085521  10.0
364.561691898299 597.9352200146114  10.0
490.89533350353474 872.6353667701766  10.0
243.76301797631496 433.13634002440836  10.0
540.4596886835533 927.5599803011268  10.0
935.2871780670635 473.5811807410466  10.0
116.16415649109457 67.08432001387565  10.0
26.658235849065903 334.8769626425172  10.0
244.88733630423343 937.9209977340224  10.0
834.2986166417843 121.4550157860409  10.0
4.017092335860339 862.5185496677342  10.0
688.6161324159294 870.6594499993021  10.0
204.77339003369167 581.5512950347041  10.0
856.9395601044538 864.0316068352379  10.0
153.09227281123904 697.4827873540239  10.0
827.7225404534231 717.930651084597  10.0
340.8850668071588 567.7686833168251  10.0
883.5361846098571 96.29408053199195  10.0
140.21294903819958 967.553570533127  10.0
375.72268688028043 350.25606739141847  10.0
573.8937199581542 444.2557182020981  10.0
880.1841184057754 382.5059911348867  10.0
18.284240003749286 920.2224879192069  10.0
461.63146421246694 558.6830434364841  10.0
257.4584466924745 764.678427691085  10.0
602.7212344952278 543.7672145367239  10.0
652.7274920624867 252.47700651199924  10.0
964.8579180656246 528.3409504827454  10.0
317.4252254028281 54.7059915006316  10.0
39.04272954362897 427.75976435481743  10.0
94.10845687143 164.98552029426006  10.0
918.0000287013056 286.68421095796117  10.0
819.7983211281812 455.33741028310305  10.0
874.9148296601884 302.0897594288672  10.0
834.6156777475455 876.7923553988645  10.0
169.46625576883977 589.7848492536539  10.0
940.1395985012447 172.44177311198527  10.0
518.4431246814653 62.63201420656706  10.0
46.045105633661706 854.4295282572831  10.0
966.0798869862942 563.0804685525363  10.0
557.052473037591 111.41788597752623  10.0
468.35208765324234 698.28304176897  10.0
146.94728250812838 259.351207600269  10.0
365.82269716527105 662.9840785984311  10.0
942.4066094964047 325.88001123801405  10.0
