1000 1000 20 10.0
80
204.32374585356206 532.2496147484841  10.0
70.4387961687446 398.81397922500906  10.0
447.7678121289326 598.7786525216414  10.0
304.5220377655639 68.50789547015535  10.0
211.06577943971328 242.31356700409134  10.0
519.488108319265 179.52484759961473  10.0
682.0617798851287 419.64758281981494  10.0
272.5163380498005 930.8957203019685  10.0
687.4470722581432 214.86009059215027  10.0
297.5441807651763 275.37783829712316  10.0
537.5069546267417 777.1930013744612  10.0
132.98495792235698 474.79373047754217  10.0
191.76087403661768 439.53853041876556  10.0
79.38737735247547 950.1328258386851  10.0
966.9619179167277 224.60048134654832  10.0
306.6473777905078 688.652931620797  10.0
650.5233513378047 813.9547191865611  10.0
587.6095490118415 979.0087470629621  10.0
805.2912046098372 454.64865828862855  10.0
573.3716462350679 785.4727804238888  10.0
255.68381716227805 208.64389118250682  10.0
745.3326740889567 643.6033046204448  10.0
230.57073765488246 412.31992117786496  10.0
180.0014379666929 562.2534841025357  10.0
404.8645413233947 206.4209160408109  10.0
44.80864702531695 50.60423602048147  10.0
129.6513245796178 521.2419343700183  10.0
306.6428700315876 53.94285341232552  10.0
469.7867578948531 957.5144617967662  10.0
479.5567916434732 278.1984269273938  10.0
278.2361260165356 590.3658044408066  10.0
364.0667379617977 110.78402703792945  10.0
428.0388341059428 841.8907316972579  10.0
637.6952617834182 104.08486800528472  10.0
495.6286063996106 217.2872758504656  10.0
844.8829846799531 777.9704037935966  10.0
643.3430754242615 880.1738087669131  10.0
804.12240635516 318.9979798770737  10.0
184.30719756525926 754.6173877961106  10.0
701.1431905135094 606.5138843800188  10.0
329.4772429596197 84.56815573805221  10.0
169.2045968303232 879.6474619595575  10.0
914.4828501114226 155.8085813069575  10.0
471.0277108638411 274.23272188303724  10.0
483.00719087368293 191.18984985800736  10.0
491.6265420837549 404.9807054522948  10.0
963.7956957974568 266.8426665952605  10.0
627.2733467427802 145.76538823308627  10.0
319.9866477750074 465.2128526906054  10.0
813.0606109597197 769.6745297391368  10.0
972.3071373997728 380.1869451918297  10.0
869.9981821725346 650.5163907323941  10.0
501.78070624621176 520.2364697422897  10.0
72.3110757149501 798.7618130936286  10.0
122.94362655881108 117.42438278892587  10.0
336.57949601332183 607.4405725287066  10.0
685.168932724232 343.2800541605173  10.0
716.5898339660391 317.299918508134  10.0
507.54836407590597 956.9646861129371  10.0
951.2412257524604 875.5720621105553  10.0
181.88463952866152 966.8116979307721  10.0
657.5796340521533 58.986746308227424  10.0
588.6971012392406 973.2419487816386  10.0
387.00712178725126 959.2039810197373  10.0
762.7463877213119 479.21661464254294  10.0
169.9412645830024 187.6307853809849  10.0
917.4343883961544 603.8054735992823  10.0
362.67588347087866 446.62543993448  10.0
891.5380167228429 315.1118752942228  10.0
579.9206958301417 435.38137465832807  10.0
517.0865015050695 510.70989072972895  10.0
247.47452721237096 411.3217758567671  10.0
923.7934854364296 16.91347687875666  10.0
841.7126709844464 111.62565844276251  10.0
593.3072066197819 852.6108290235858  10.0
196.04621084462536 154.54450840323076  10.0
55.642723946767944 909.0622040543193  10.0
349.2368914000279 486.458111940536  10.0
480.51280910622177 533.9724015005926  10.0
286.42877200211683 918.1571392964427  10.0
