500 1000 10.0 10
1000
183.3885106055767 592.0645574673999 10.0 1.0255525766240488 3.6141890747403096
321.6877992125489 597.0646297332023 10.0 2.7271839421528177 5.999588737526665
6.5184444390738445 514.4571542547089 10.0 0.26771835975619973 1.4178662777196545
24.597507698135956 750.9729951991508 10.0 1.996469431961453 3.988876971051678
50.391484279153964 48.60609266211191 10.0 2.805259137923766 4.5252663096245325
198.01083727937802 770.120713200679 10.0 0.03830170612558082 1.7940907620025839
390.73961845191775 179.42504056224672 10.0 0.979096591879478 1.1867695046900242
386.2281439447147 405.80648503424175 10.0 0.46554258254625147 0.1502609165650465
202.11480405015791 696.063245312211 10.0 0.10996880376641792 0.502457010583695
484.206779539869 504.8553563735105 10.0 1.931985537228644 5.0486803234147795
47.337222807330434 951.1381012603623 10.0 0.7630991868397937 2.211708582790332
397.63009076893763 177.32906344865117 10.0 1.110462137047624 4.5876064460069745
14.142051485345863 187.89978280487597 10.0 1.556127001466774 2.7004680894139717
27.71394382648984 815.3715231239186 10.0 2.8194917036696 2.8659558509235254
185.35282721821733 564.2341788596003 10.0 2.200395058489862 0.7297094596650581
129.5789044628055 217.0959206585913 10.0 1.6733021885342476 6.093881475949426
53.9095124679867 252.41071103474556 10.0 2.9590502965010224 5.658538759481233
218.01632435632058 319.41958444065443 10.0 0.946417869671552 2.178178760825592
119.07947787070638 243.4807423967206 10.0 0.6324029056235966 2.2406825322557404
319.4761990997991 293.7527065974817 10.0 0.04091901097160029 1.744005840573392
25.179407046060586 735.2333304780099 10.0 0.81594629496099 3.573101238947685
494.10520141120264 8.447493653695126 10.0 2.110401568361284 2.7800836528008723
229.13642733007967 232.61417296243636 10.0 0.9883894672765432 4.903806417405381
176.6628033045501 111.9136943817467 10.0 3.0738733927227537 0.27593650397933617
308.2163103170496 739.5143581556689 10.0 0.30341884192546076 4.435139163344354
10.143775347738693 240.30697725668958 10.0 2.5780391581953497 0.4277105988099255
144.24718400581065 670.8349251285156 10.0 1.6381168517888982 1.2189627334433621
470.93500281965254 103.69623132055384 10.0 2.8536009675153275 0.5599052296422562
345.66664886532067 363.73348056440955 10.0 0.5106969782495114 1.1915405684100642
209.33498512462518 454.6161660102478 10.0 3.037303508801806 4.295298363295492
393.7205347237114 316.9593316840469 10.0 0.2479096050317439 1.134814499527289
154.26388004548548 192.91139551310664 10.0 0.458443326447763 4.84606758037591
124.14137333493835 537.1830768047787 10.0 2.461684292726923 3.6030024967129273
55.992425665641946 110.77833104994727 10.0 1.7491832002541874 2.8167925952354405
280.6347750984768 621.2273289745525 10.0 1.2197907908976502 4.32689688610961
265.71778408065916 31.910939989879374 10.0 0.2995196874247955 0.8171211280507282
1.5017065550700925 453.1042385665246 10.0 0.6559170121565491 1.9931891330735125
175.81439013533 348.65695596705405 10.0 3.0268567156783766 0.43408037544703887
225.72500987088506 644.7666765386539 10.0 1.151740988391037 0.18553707759427032
369.5879871424405 211.09042754024486 10.0 1.7199772158892077 3.552073600990047
129.84801564675698 99.47890070658927 10.0 0.5399344381708706 4.260811241862117
154.3610185009065 871.9070629055731 10.0 1.7724954468885445 2.729840765636991
331.9736386936552 326.71320165571336 10.0 1.0137663593667876 4.938381535646407
276.7173746302542 941.0486679852049 10.0 1.994786165583195 3.4631280119649697
224.2118639904051 387.47849220168627 10.0 0.6480033239508406 4.782960443872318
243.7346827655768 553.9627107192392 10.0 2.191157661708127 3.352084176368155
419.9039118819599 598.9874934875437 10.0 2.628275735875643 0.8190450139525081
299.0323513714844 707.4034653458037 10.0 2.8770987905320893 5.559646787687921
426.95112011941774 377.5684741761127 10.0 0.6732538486888542 1.4486227237094662
227.46330712473045 266.68085145296726 10.0 3.137533323550488 1.004715606585563
283.576656711434 848.7277562415449 10.0 0.45034071039370066 0.3349618359083651
287.2777591586117 398.26338433458164 10.0 0.27081956925658024 6.101154639838155
17.848261375708276 103.2695175134356 10.0 2.4825035078729005 1.1321141668647112
193.58695459585644 431.64128437843607 10.0 1.9318171196828142 5.663415900446443
417.29008113141936 228.3788884104917 10.0 1.6345607255813344 0.01498868390534545
201.95508497445553 404.35608006245104 10.0 2.5824803821122653 4.028756605293481
219.911734491355 492.57462714805746 10.0 2.5039737395247736 4.181658765476363
465.9475348358568 794.1030726622591 10.0 2.5075430613061367 5.742509245748146
462.9827480257051 313.437840243037 10.0 0.5611074192729638 2.707541137914125
467.4635836512051 191.81267687093583 10.0 0.7834000904527355 0.05107625543628578
350.88048112981386 887.0226377197544 10.0 2.19143522684402 2.4806282780937683
443.6815474640821 919.6170426871296 10.0 1.187843731918841 6.168557963874965
128.33964178966585 607.8553015989946 10.0 0.4979298905350092 4.756706254462585
359.4447359210387 847.6083527519651 10.0 1.7086684924746078 5.375866535172854
70.43158740849803 658.4279837336401 10.0 0.4364682101034546 0.5062226191602288
98.91604343031157 913.2945522904558 10.0 1.926412102147753 2.2722010018499117
325.6013905537335 397.09344451791964 10.0 2.288509367180076 1.463405407580159
175.329658153434 97.65939012554182 10.0 0.5000443474071911 0.39703080048459755
473.0910238751102 423.26667717032916 10.0 0.9155592426810363 5.978514590480792
382.66764424019834 861.7325502722268 10.0 2.893702685683131 5.737165198768004
281.076550920945 448.8401451840812 10.0 2.476663700285866 1.4068313502877716
438.08978787942345 297.57628319335515 10.0 0.5777139934879704 3.558280183418114
276.8475988723082 354.7185148980426 10.0 1.3853119264489788 5.807822831197775
288.9447270715944 497.5949197215308 10.0 3.103056973218204 0.08433382363381371
365.3571452083716 61.37927550589328 10.0 2.439197474159855 2.502267305304167
383.1905284531199 896.0731626386564 10.0 1.0302985251647834 2.2076073232267457
357.4698831468343 92.3655829418797 10.0 1.054087774783338 5.88022899832523
327.05274225414627 586.8499636006916 10.0 2.3732172507549514 4.761656588464382
394.23712709217295 959.6173548824477 10.0 1.8228616508579167 2.0519210368823835
478.74821420367164 871.033515320656 10.0 0.11779418554506828 6.194766571176347
378.52643725394466 749.5470352585155 10.0 2.468131388409745 5.875941457368506
152.10261468338481 538.6643082585083 10.0 2.481208774375673 5.93726320561324
150.3341891634999 538.7663609914738 10.0 2.9891581279480386 6.231253637580957
228.88999747158417 638.2320126989282 10.0 0.7502811161334539 1.1586833408476422
267.1090400086252 518.3700054552926 10.0 0.0581984739576213 0.22669061141117705
103.72228504866565 737.9527703871789 10.0 1.6516095803667419 2.1816036339126144
375.41455104208654 955.6829007643988 10.0 2.9050467184846713 4.453284636309546
10.31702633314946 932.7127981651108 10.0 0.6636392540522714 5.708313074296463
285.25906326991446 372.3768973228656 10.0 0.8997811419491443 2.0705650408012852
402.9713871496681 100.58486542574407 10.0 2.8025603896884035 4.8173873866987975
483.4208882350149 567.8635254816752 10.0 2.32468277272816 6.000244705851634
192.07063361620902 162.82383840112834 10.0 0.2789943096578817 3.160688312245743
447.0970191353673 366.86882321340164 10.0 0.7179090902783553 5.381284793537215
257.45907992790563 351.2472347037336 10.0 2.5617908312369115 2.3621001901837277
244.2034501694252 220.09640605520752 10.0 2.417056379433996 3.8340926613306263
288.5017495487987 736.9075995342583 10.0 1.5423578841011423 2.3051575451213093
31.655201314561342 36.88539143001157 10.0 1.5303254193204778 1.5108429584183867
124.66489637750605 523.9624011069459 10.0 0.32257083256540076 5.302027532583091
187.9542519151735 878.7690630240795 10.0 2.976699549512107 0.6743807135403139
395.44334060028905 862.6479959349796 10.0 2.4568481090741843 4.140737205989254
441.41342440693745 392.8406712640584 10.0 0.2432025835612948 3.021622206110498
383.4628961826143 185.26395012291053 10.0 0.636049833210459 4.693372357139881
480.3443880262101 113.83266535363757 10.0 0.6466652659214902 6.237281069849088
159.58602725192344 319.07360420701815 10.0 1.444660441666846 3.3918764920305957
156.53793186448982 13.815447439052942 10.0 0.035676491557430634 2.5513578402958617
163.84871602477585 880.0277413852617 10.0 1.0860011801622826 4.811694619605171
18.364524380032776 928.4221902327782 10.0 1.2909458324947347 2.4941800587536394
31.056839718560603 701.2169859074019 10.0 0.5432121967597543 2.811486111731045
34.823431661112515 738.505622400104 10.0 2.121698609559317 1.799430854696059
84.86998322158735 299.9595157954713 10.0 1.7742884155021774 1.0443709637517262
496.8684227288941 436.13322618039973 10.0 0.9632356168323823 5.755141056372735
49.20107064342899 637.430409569164 10.0 2.723073217564037 5.713711534231232
207.33819633866662 453.82710172505045 10.0 1.4511507132467123 0.6787472308699253
150.75965683765043 674.7385778469762 10.0 0.2887370738772966 0.4154503808342042
195.81969540314813 885.954681853539 10.0 3.0162818545092462 2.524155141643163
411.5672508429238 479.3578006633432 10.0 1.7568853510251268 2.4444142428532776
319.7723652655101 481.1766187648923 10.0 0.48738911169739285 0.04027957089432038
55.27260546692253 885.8179778347945 10.0 1.9985427372694873 6.2030857213674375
238.2416001769311 534.8579742519003 10.0 0.6659879427748324 1.0288158196072252
76.09526672789913 964.5628971485397 10.0 0.7675873444876795 4.196435869763284
369.4893336234901 60.34911691170875 10.0 1.7913106184437018 2.2623075629118166
144.22529875188573 802.8807543663737 10.0 0.12412128483902748 1.207063946967441
68.87002803307863 868.0424057461332 10.0 1.979289166477732 0.5040790917932825
146.50758587384271 351.81366276208905 10.0 1.3364798784692722 1.6475316749544402
388.2802243981088 431.11111579935914 10.0 2.9738842586795213 0.27957945921606464
286.23856421075885 342.9524681416716 10.0 2.550422310467436 1.923062362936708
403.5095459915386 666.8366926769548 10.0 1.4672256941460355 0.7522240021595631
290.903654069867 529.0229804045964 10.0 2.4410400055296977 2.359014659411827
220.8215961087629 12.430545724704256 10.0 1.871131821213573 2.1762828258802385
401.68353975791405 752.1700344530483 10.0 0.1403505721867583 4.552853743366301
399.0926104852784 424.2568764931168 10.0 0.384972751710765 4.85512174815229
443.5573185601969 593.8455287602854 10.0 1.3685023079603555 5.563438419809163
148.83615903635078 179.36261070509286 10.0 0.9459811652897013 0.23664121445470906
399.83071388407916 610.2067277451018 10.0 0.6412061095262805 1.9212367815949323
294.441917756074 608.2205205706671 10.0 1.9114022763871124 5.61403768996429
39.91748981969906 406.9310135165113 10.0 1.3175966675393065 5.447508179950559
110.95671228979303 137.5922091633367 10.0 3.0630123101745905 0.6920603040318185
274.2021019250989 57.3535295977976 10.0 0.9496408158636325 5.3262515241779225
271.7358502919887 272.4168872397055 10.0 1.6285267776123502 2.8408547042530237
34.811866774810575 617.8336116214119 10.0 2.126497394328204 0.9390695981069687
268.2930893699196 395.63223423733905 10.0 0.20689134693990396 4.209084429918651
106.12653979280418 744.2566636707024 10.0 2.9784844949908442 5.349229147575632
288.6770230318292 514.8336985156574 10.0 0.004364060668038771 4.37682756352395
453.8537589974786 663.5775019198217 10.0 0.8305209657373891 2.5733988406926795
165.70238417691542 334.6784019148884 10.0 0.6975867964186212 3.0916076794619674
226.49809889327997 4.311369762385442 10.0 2.439606000411974 0.4299780112392488
131.36404482058157 283.9399366426848 10.0 0.7509064774697951 1.4140923933851486
228.0521511584329 239.8790111586745 10.0 0.47877644697796246 1.8812735624596737
238.76215571281045 376.12024191516866 10.0 2.2253838450687646 4.622116626340502
285.7376483095629 748.7119840402122 10.0 2.379088779957747 2.100918049908979
437.866290224858 32.524960120715704 10.0 2.911176923666331 2.942930841622314
61.62472289243836 745.024533446286 10.0 0.5062311544210406 0.6881978503208614
416.4468536228833 246.7083183722114 10.0 0.24108842023490815 2.0021506574353167
481.95751581999605 584.1581689783386 10.0 2.7700342503483135 1.172199628601752
442.5018865993224 719.1939128643503 10.0 0.8125386402352816 0.5194905832330323
83.01414817578329 196.40521409273626 10.0 1.6479137457630413 2.9354080736911823
69.50730438849573 841.3777026720308 10.0 1.8562897955900375 2.8477202868119313
197.32930363159318 653.2176282800317 10.0 2.2913079328195156 4.823551187145939
190.81880092009433 657.5192402291284 10.0 2.88183186658556 4.7256331178024995
29.1074246215538 119.70740690413106 10.0 1.8333107011210403 3.5801800011687472
54.55339600709913 183.72770589402276 10.0 2.842181628902924 5.283943155907283
292.65478059731987 697.3446734849679 10.0 1.296655677309951 3.2311847178809043
475.27900030810076 712.8486322801259 10.0 1.7780972825542862 5.666051846644884
212.6583705284351 910.7597468463524 10.0 0.339715111008087 2.8497700827832264
103.83979352134936 984.1578932083714 10.0 1.5543683467640508 0.17871036140943938
310.1399664012862 842.5554692759526 10.0 1.2617988648154126 0.8182439767099128
241.64584642985648 346.76908882907196 10.0 1.0862382386145202 5.157517067779096
22.913241254265635 170.03618987778324 10.0 2.350546347874188 5.008286260704017
310.75487538713537 295.66035787771705 10.0 1.0889711903553962 2.6569814288386526
334.3722847772749 607.7592347787452 10.0 2.280307466034739 2.173053160437583
216.07447418122538 9.227337207989738 10.0 2.7530472676131534 4.371317973821646
209.43945373847373 509.81559364571496 10.0 0.3566961172032348 4.7780821323324645
461.0127304930386 767.2680685985749 10.0 1.2408296638917427 2.939957893740095
261.50084909053817 635.7457957357606 10.0 0.17904407638553707 6.042239242069824
2.9054638532551857 378.30637181135916 10.0 0.8186892081631921 0.33597849591806445
199.15743034926686 333.99725045056795 10.0 3.086734681075337 2.2563776048574673
459.54828661173906 995.1597595690806 10.0 0.6841510319808747 3.013553105940706
226.61991381047642 646.8294353995826 10.0 0.531942056543718 4.257137417088504
403.16142307518686 947.6583463748012 10.0 1.8639940540715856 0.7250240650280607
196.57562538550954 90.57293127147315 10.0 0.4394394327515683 5.486402714941605
103.11558890981931 471.4208193906785 10.0 1.5216265362151538 4.0376690498507735
439.35539129136043 115.1488876840966 10.0 0.877428675215523 1.3014420391956407
203.74694419592444 461.59372213273633 10.0 1.487724613372051 3.522723383710528
317.22860384812867 496.7549118619886 10.0 1.0779242638685496 4.975100268881133
448.58923224125664 630.4605736845242 10.0 2.0648461960992424 4.186543454632438
177.65457169683867 167.62365883775766 10.0 2.400551988711584 1.1130271386731565
187.35144909093714 697.8265749974682 10.0 0.06602385236531721 1.2580679204699894
4.318295415626117 236.76055461065994 10.0 2.884499097199433 4.9803899332452035
26.96878703712102 493.0857453557659 10.0 1.4079588985524998 3.778572808550289
189.77884862784333 205.56659568260616 10.0 2.3851238988731853 1.9606429393740819
113.05534980297787 97.87621822188741 10.0 2.816170837945748 0.3822084039057839
478.5583379420226 632.2528426693948 10.0 1.5196110225369959 1.612250104524114
153.08653544115387 408.2302191655718 10.0 1.6574091261436674 1.9876500225303877
254.49971494950663 748.9526184626448 10.0 0.42260367985160024 2.537078827706158
417.63923071868413 745.1250585894048 10.0 2.59384944295992 2.3822754058662956
471.22155145542524 785.4374847478414 10.0 0.9565536962383189 5.136990614897606
81.01815633806837 392.3410137533588 10.0 3.1053621160938967 0.8439774361408515
149.49777922263718 3.34386417073651 10.0 1.0989606703083192 3.560831237753916
387.5961230615777 190.53278298866704 10.0 0.40180005867738655 0.03865776704673323
490.39062833889545 694.8158380651311 10.0 2.4299984874460434 2.8121575353255825
255.19668337482804 566.4204983621233 10.0 0.20079948193631714 0.816394379154104
277.9649182237559 649.4709050778979 10.0 2.163943926667242 1.744682815868464
51.84704679010632 626.0066146027293 10.0 2.348798529046916 4.53370302243362
370.41173049452374 843.594565880397 10.0 1.6434780716297175 3.6237407514631546
407.2295012816145 190.7249064209393 10.0 1.8802294741482357 3.684180356410953
203.40959908130378 355.4703330376282 10.0 1.1694793828494265 4.4055274492338246
45.1595107016336 905.4279441864918 10.0 0.9129439641193824 6.022466863111726
354.55146660257793 760.7511727853027 10.0 2.089804831029076 4.704458558000147
248.41845127299922 797.1190640282363 10.0 2.430584309735614 0.7071877619670232
342.66532259924804 511.77858290540803 10.0 0.1568445386055896 5.025179757122772
192.2692799414706 913.3352693771741 10.0 1.7703113115907667 2.7539962537417053
460.85685832024404 54.75597655212228 10.0 2.0729219511691466 1.955232152853103
7.983153562739542 919.0873556876007 10.0 1.844474727096495 5.784561497857995
67.1021244381515 688.6819280181375 10.0 0.5386370060899214 4.585172049354595
62.70516132250064 781.263225970991 10.0 0.3703938989043542 1.3537734294777102
381.2183885522174 419.95028556937666 10.0 0.9842821183072165 4.029146143116362
66.98734955181196 919.4010092524848 10.0 1.8403723704212709 4.796749836798498
462.0412719894458 316.52280419571144 10.0 2.3127055177042095 0.13572096099519265
246.31698899462063 451.73797193634846 10.0 0.9353180330698759 3.975284648847832
163.63629943120705 115.58081911792695 10.0 1.2718071603865284 2.5540055866189992
437.9684611300684 415.4415436176331 10.0 1.1096661929211549 0.20158530232380678
494.3730563600713 88.5623356048576 10.0 2.8956533147131993 0.2891249773330334
99.50665772709722 89.9288124048524 10.0 0.9138107921774299 4.3118624181660925
427.6899351173877 417.4903630369451 10.0 1.3890418747474842 2.266045967216302
340.27019200287265 802.1805207182551 10.0 0.786166908975543 3.229582205242037
338.3777427974173 586.4991891451093 10.0 0.2883032481162059 1.6641475450657026
212.16239379364333 842.9560581895506 10.0 2.1509770748131647 1.8935771352700659
363.21021509847463 542.4646831315029 10.0 0.14485173960089257 1.099054585761035
121.07834613135937 372.81549007823867 10.0 2.8592997366075896 1.9527844846380866
109.74956407056513 628.6446008947214 10.0 2.143921269670227 4.821201407241217
345.29602131634505 446.8550954786641 10.0 0.0791995660747265 0.1116623804730475
262.155249166295 545.2357782781672 10.0 1.4580929602816197 5.051903936971178
272.15965094477 537.062297270753 10.0 3.1017817804895684 2.6165354125122358
257.82395424821874 840.7536565729133 10.0 1.4692896516516571 3.7148877343677444
89.38345131114744 181.19680826583874 10.0 2.7664413172789395 3.6784345479439153
333.68909779514274 688.1411826559577 10.0 2.238492376516007 5.577866648202821
292.3038349193151 637.1035253232478 10.0 2.0737292148750686 2.8625013889809585
366.00779563061417 949.5127887655386 10.0 2.210835138452679 2.0709676438272946
493.40824814857757 671.3641523512449 10.0 2.8529299199241436 6.097928809931922
52.46358478966212 783.439771588081 10.0 2.6636483732250067 4.318713486612503
145.46873973143488 861.1932106278779 10.0 1.2164710058514552 0.5155048217672961
110.41286882521467 298.6837069810176 10.0 2.0488296619743185 3.2806876728170162
414.6083516608009 38.48505227687382 10.0 1.3363925875930507 1.7047728035529448
290.1033372909027 8.28357180554673 10.0 2.7238343527442495 0.36059311547822176
64.62857501887804 754.917930214898 10.0 1.3148288846899323 3.376649756109175
126.69239793277171 87.90335075459932 10.0 3.0854970860319746 2.0867963172493496
338.925861762754 897.021464733842 10.0 3.095229128156045 0.2801467966460478
479.89383334841847 692.3460008157532 10.0 2.3133670081608027 5.985137592969766
451.32536417837093 830.1138655082624 10.0 1.7570679242922718 5.465219146249405
35.0807020196226 834.1402010770806 10.0 1.732340996059402 0.05239773063053664
422.16006067599676 700.0147649038938 10.0 1.428382330798729 3.4041280362618482
64.6727066528609 578.1062448034043 10.0 0.15614828737320077 6.092795477447353
120.92339121007385 771.4404609616133 10.0 2.1633124304675677 1.9659750351395018
373.6360534590638 555.806868191597 10.0 0.20819321064558696 3.9719393502113887
1.8234306114159327 931.9873588775564 10.0 0.30659220280246374 2.2346779658937557
477.9240588346163 53.78999113059224 10.0 2.5609568568738257 2.670057597185046
143.56688330211094 740.6100740776325 10.0 1.6700403444764147 2.041158596904765
189.6865084485098 179.52884399977253 10.0 0.3780761792133854 4.0827409372606605
329.700871801745 649.5005146983643 10.0 0.5076065796843257 6.138051910689693
408.0759469665509 858.9663142703714 10.0 2.73657979526683 2.928910332995712
30.840768967693666 278.2739520868819 10.0 0.583043054031861 4.949667996966778
39.479026352114424 669.5695308359423 10.0 0.35323017999228923 4.3336944255580185
275.1120650045473 869.3685386930262 10.0 1.4716265886410984 4.7812567691319385
96.00102764441127 762.8008567348534 10.0 1.3526202755929644 4.525587732900353
18.134575064770065 303.5645129343929 10.0 2.828055713770283 5.446863118958876
146.03163572498374 379.91167326931395 10.0 1.7062880991875837 1.0385799588862825
248.87690024456467 304.52911082301614 10.0 1.5982279557206724 5.058228978341871
415.7202496114631 714.9652230414375 10.0 0.8017379437262256 6.132959196766023
192.709451522331 711.2938039141318 10.0 1.9202978484677138 0.19066107589765374
465.1887028983359 128.9946937451709 10.0 0.5980589952781159 1.0201815606235483
97.98403512536852 947.5698312116567 10.0 1.6971466923784493 1.4780610476133584
488.3097476642687 969.202728278209 10.0 3.0084535361266496 2.5258465957767795
217.46826044343737 66.80827951237501 10.0 2.2892029998265104 4.5787011685805625
409.8793441038013 497.1087292772388 10.0 2.085830373816789 0.7053894194402427
220.9626460402464 1.911164111205732 10.0 0.5973546631942642 2.5373905714971556
79.01080000386385 679.5502553993421 10.0 2.9305350028603665 5.019976306485929
400.428912124193 898.4996823931556 10.0 2.1309105490127136 1.4767621556373283
482.5790519173777 846.4444825721267 10.0 2.63531551127692 4.711102368856598
153.95721209484253 660.645533440789 10.0 0.19318572960809108 3.121210298008269
27.542986868073548 469.216422416189 10.0 1.3149106229776064 2.4415636230709588
359.9007207459555 87.97237770306876 10.0 2.1911686219943687 0.9092150092019434
65.97426407684998 563.7996251933191 10.0 2.09730465614077 5.381116233891003
377.5055068301962 233.03265185156562 10.0 2.6487512130557254 0.3214691257575735
461.62035300458217 472.11609673695176 10.0 0.5797934321191988 3.9991993806522546
35.36393247768604 857.8668650239559 10.0 1.2087397439615781 0.2248016335940555
121.8302434764128 25.94131318046733 10.0 2.7375180900268914 1.8138129333293238
94.0196450092754 118.65113547318795 10.0 1.3314425725475276 5.549576520016337
43.67082357920721 347.06092137881626 10.0 1.1017768613823995 3.836814065170072
294.05233285618283 857.3393860170787 10.0 1.5812551044259922 4.9589649269026035
48.061960139402174 787.6250013884905 10.0 0.03205009946104651 4.97357649054992
225.970314852166 129.20639689097857 10.0 1.602835900111958 5.81891927990553
0.7586760789909386 764.6064267472492 10.0 2.6202894677163315 2.356202343846405
383.23908618109783 845.198022639556 10.0 1.6915712905217528 0.4369881992831225
444.0081502577798 492.2694745901052 10.0 1.356719819300413 0.6116011811420442
384.77408768649883 657.9947641997582 10.0 0.7811634113001223 3.0026890325710354
187.71013899062567 866.5550052761437 10.0 2.9054291582545266 5.769292097807331
478.2255498797083 470.6949208546144 10.0 1.5981680036954033 2.92324269833687
33.90848151785397 5.2881772981638875 10.0 1.884493984567154 5.084575968492093
60.38386834304848 197.0237739802595 10.0 1.102780483852608 2.261723670138515
433.4421582324063 198.1154716351292 10.0 1.5431560380432963 0.7385662863569903
76.0333283370535 651.9747068908766 10.0 1.6692340199106201 4.962575790319762
498.5838582398508 270.07670074677736 10.0 0.9431870746676927 3.584538232649011
281.582504922956 701.7888393638073 10.0 0.704755144832304 3.049435265738597
420.4942084051296 612.7187093151475 10.0 0.9838647048938269 1.4950084529720382
484.7994209051143 52.17926741404377 10.0 2.0144231443757086 0.26780659304583776
465.31984025430273 386.6566729003757 10.0 0.7139743606727972 0.11615914693576876
496.97947225489844 303.7061218219038 10.0 1.8984893698367622 2.1186040678400135
347.76331650000407 649.4895600544852 10.0 0.1419448809645823 2.929161560451211
158.87446036574693 153.20878185225882 10.0 1.143483997845782 3.3303284902685215
405.95320159228635 412.9757162145837 10.0 1.407885147912892 0.15068089890344072
426.71067002039894 870.201584328987 10.0 0.6060563269071452 5.388446434248061
126.4421751289907 883.3750231604903 10.0 0.9666841508424703 6.15971215306699
129.6241498807878 427.13889511644743 10.0 1.7057449173737729 4.063557219879426
193.16158801131772 388.86380842503655 10.0 0.7742578712697625 4.49632148679879
134.84143613011463 912.4563972617052 10.0 2.5123469719656932 1.5480637654251115
359.1603341017032 747.9286976717462 10.0 1.2809745250021698 0.3406693690414923
281.93372334068675 105.29421698014518 10.0 2.8901018870234427 5.134078458817543
64.95632923625728 82.64580049497627 10.0 2.653545906515894 4.960368334948541
72.47260026245894 340.8086001771701 10.0 1.530376433344121 1.068835295508152
352.32861563519003 330.7513854043169 10.0 0.5913605948170568 4.379698572038535
226.41562655205394 44.97808106359147 10.0 3.047454938821695 0.6088272252431404
247.37833513471108 960.4102332826611 10.0 1.5877510243484243 3.7941105671501236
341.54966324623496 567.8107885021807 10.0 0.6903636243634228 5.5372646913631325
411.6865557562115 641.5881007512224 10.0 1.590669380090914 2.0631976974516313
17.32027397779845 193.85849636686038 10.0 1.5400175426447602 5.8740411777916695
485.39719131092585 877.9343560710386 10.0 1.607949257322853 3.5135345929755024
429.37515816663444 458.94441372929396 10.0 1.6251554372370334 4.697657261857465
171.0530544352376 853.0811817613414 10.0 2.6408336611464702 6.207565005028743
466.1499294586331 152.01040311074 10.0 1.3882963183207893 3.737503286226201
232.01327157895412 995.2654885207139 10.0 1.654666027391585 1.6533014006483835
163.82411496350602 630.9900787215446 10.0 1.9219050223510439 4.346218324338414
204.28006681410238 14.179793070383306 10.0 1.6562599905034205 3.650840336335145
300.97575934471905 331.61418073129465 10.0 1.7201668057912671 4.634411096458708
245.56310200837794 413.95848017705606 10.0 2.6089731656098123 6.161969245764173
139.26258009311877 598.054103797302 10.0 1.9107995668554953 0.2535716899668808
170.4095106159591 736.2054705066416 10.0 0.39216791581576244 4.137796456207944
421.45790530054796 214.31032607172494 10.0 0.4423964415505102 4.166980849832464
345.22771204698023 36.96958790640381 10.0 2.947584235708566 5.465016619040948
363.169388693807 265.25144555164803 10.0 0.470485675333426 1.7882556959296363
242.03319974773123 351.57414695578416 10.0 1.2839183821802598 1.4613294986790712
499.56883382809235 206.21053273952162 10.0 2.4222273292267342 4.482195364829583
74.74425956771636 151.2064955898925 10.0 0.3007076860587093 3.1514074792900204
373.4609694633691 270.0447821497618 10.0 0.2705446242880247 1.5686380457323483
66.85600898602512 45.17433910971458 10.0 1.5497207857411879 0.7981878410659244
176.0196458585486 590.5648065504677 10.0 0.1922946542439567 2.098323934867278
24.320620640891466 232.73460273477076 10.0 0.4834548356147765 1.0447711773576456
76.51925302873497 671.2398619498575 10.0 2.030665078267402 1.0989961250998375
12.462057404958038 458.40145784660245 10.0 1.8354769391539423 2.2832985435621906
102.38967796350951 78.08507154490052 10.0 1.0063085466519703 1.8704755498430867
60.753268131799544 474.6395596514635 10.0 1.0140791055384473 2.9158272141489494
55.9228365448054 485.6371825109037 10.0 1.9336805598813918 1.2835700813339905
444.28412288744784 265.848637122852 10.0 2.69822675746988 0.5129484487850239
78.9590487335683 454.924812090823 10.0 1.2853312955863747 3.6881091600681484
215.74813737530997 537.5461162516114 10.0 0.955325538206836 4.2785375625948525
101.88112512569076 572.3397392148004 10.0 0.04645248845074476 4.9424837598880105
286.776075378418 224.65352258346692 10.0 3.0653598670138233 3.118415824991512
38.24454147983592 828.3151012511464 10.0 1.1316321897699306 2.7452055260691854
482.44468381836754 22.79317270837089 10.0 0.9505754384233058 2.827502887433639
211.3716848016371 364.71723838378676 10.0 2.4698405735395093 3.0551967602327714
117.7885188697227 196.50148927738763 10.0 2.2403914068043256 2.4366049082302346
124.23836504766389 969.8568589528761 10.0 0.7906568055049391 0.24151010727145972
270.1431065533749 168.2649649237572 10.0 1.3087669515711748 1.2422719169953758
308.98066916589954 950.02640981463 10.0 3.080592007154979 4.4217483569149945
46.14751918221211 642.285117114447 10.0 0.7429128314718094 3.9502408650777263
117.35028075560344 256.46928780417477 10.0 2.6230551993530007 2.5236941544166838
267.23455520323165 266.8787796837949 10.0 2.8504815655826317 5.500153577709393
438.4464575473038 996.6876496975948 10.0 2.9846148333942892 5.06923670042503
122.43645852313185 89.4197974040748 10.0 1.5535126146614315 1.5418842196655949
455.0526819523757 708.9946430214951 10.0 1.3080094341649862 5.524846454784368
462.3346293571259 307.7286258067752 10.0 2.661213989887507 2.9895716662554457
174.90627746578673 29.2178076556755 10.0 0.13739285818987382 1.0760901641367284
32.98104289588749 71.8157014437506 10.0 0.7680946485517353 3.2343200196059176
98.22888323688595 628.4592247080742 10.0 1.547768818993826 5.342996247746736
73.61989861088514 339.8853306711943 10.0 2.0305859189466373 5.246960663413373
7.846128020592868 550.8194084767391 10.0 0.967820953605438 3.9734255448246625
327.03736177933746 42.50589509036495 10.0 0.6483152126133397 3.744764687298918
493.22450385728024 329.990570132047 10.0 2.0123356263486882 0.4011493851306944
136.3675810476293 58.852875858859896 10.0 3.0155575378918424 1.379165051193705
444.7536354073858 513.6259285589637 10.0 2.169181761790663 5.316419925080741
427.18319006641826 758.9308600848124 10.0 2.656639630900659 1.2422652053888021
379.6019862672398 474.39100246637076 10.0 0.5021737310995593 0.8968028300576042
498.69831682878913 115.68084525329469 10.0 1.4816197852416708 1.2421225920399728
85.47420936801514 636.6034176422186 10.0 0.7767287092399316 0.3814377156849839
172.91229756881415 640.8790421502047 10.0 0.8963687362015931 4.901210984443559
193.59824611422127 497.36730502256444 10.0 3.0501790080401787 4.700229018456347
475.5221374783293 648.7333357707255 10.0 0.1839114085688537 1.8714200403895143
417.270221176166 71.1084285724829 10.0 2.68674397532427 5.015467292984947
147.43195607747617 601.0838952502817 10.0 2.6601747797537647 4.97662879056804
317.28542013203116 636.4167370450972 10.0 0.8345976337016578 5.674980630413348
410.6874632221119 538.1139358428852 10.0 2.6183526666537422 5.9700215349890104
80.58331119230967 914.1020092301413 10.0 2.9135345851906327 5.947607140771381
37.66355829731327 848.4769973249272 10.0 2.2597179993591308 2.79063135576564
423.4347901688304 55.36929420888059 10.0 1.2966892128350618 6.146276880019901
397.3333109216254 882.7470324219508 10.0 1.7799633916985491 1.3469822029135994
355.4998669661496 69.02019620641408 10.0 1.987016049025974 4.783826033902124
277.4463151284436 164.09745356962492 10.0 0.8133274778961969 3.240646613937575
166.08376041598893 566.5861914681216 10.0 1.9365958314122713 5.242942637693689
406.44458966749966 200.11540925471104 10.0 3.0982721068533774 4.979703373418272
118.9196085566262 954.3004961378591 10.0 0.3714191519879805 1.7469596252566881
223.94416912974663 149.65760961059772 10.0 1.3059121248133447 4.386947735088419
466.8060107723707 450.81448630014995 10.0 2.605992759973603 3.953599778983533
73.61049520867601 848.6539501614525 10.0 1.4392052412026324 5.195320961591309
22.427269893610823 559.56489859133 10.0 0.7502500336854221 3.9849407293017354
117.25572672432972 948.7649926192445 10.0 2.4830459569193533 6.110632766933347
146.68479281643582 874.6982670273144 10.0 1.3196502823616953 4.905966163866007
393.98608889891216 172.7997974968495 10.0 1.7088460162199035 6.17474786667806
140.86745441238446 349.4588021011994 10.0 0.8987445008181216 5.040193387525987
73.22741403787703 940.8003984094856 10.0 2.574802176695593 3.2845335240849005
153.98929760564474 405.9457133129514 10.0 0.2894425434799594 3.727667673595604
75.45696057778156 870.6986156155707 10.0 2.9484501733047663 1.9917744844498222
341.6225420263218 515.146546262846 10.0 0.7057609833595097 1.4536315257254677
359.4696812812348 907.4523852883397 10.0 1.8537622989194729 4.297759859954829
137.5541437319377 126.15264722961739 10.0 1.7604525955499895 0.2628970469764463
300.00701636436105 84.56701149666712 10.0 0.898591314404169 2.7093419003274573
124.59384487816617 73.46293148421191 10.0 2.9247597689146665 5.662562809130049
204.57638606239541 171.90798839521636 10.0 2.456402945503224 2.6772460885769775
115.86208621612832 841.2823141292615 10.0 1.5031552066223428 1.3705872722156618
143.28941744063988 713.7115968144789 10.0 1.1784519044816908 2.577243998162796
182.88571757196138 313.721076572722 10.0 2.94148021366315 1.7854160772851664
390.54724014387926 210.6995427712166 10.0 0.7554726155312353 5.478860167683999
491.8297189985024 889.8012815566316 10.0 0.38202815823954506 5.879318905226465
402.4006288464551 450.2037750346487 10.0 0.6687622254621314 0.2870015007607258
434.1929832388006 92.17660670698136 10.0 0.5450383478523438 4.514525322348892
378.4134872835792 238.20789082992079 10.0 2.1284870713508104 2.2091436683318832
163.2964057189109 48.47177658087887 10.0 1.0138717208876262 6.25648382761854
81.85755965950375 37.21118485781672 10.0 1.5010332862722453 5.310461889062652
272.89129918207084 474.147911022933 10.0 0.715721474794633 4.347070325168726
217.06657001519713 263.82183266863535 10.0 0.0028813325004957533 3.082985026510721
479.2162860494554 35.8000219611051 10.0 0.511407903031188 3.850109373409314
287.7779025938487 249.98522631628916 10.0 2.6752150833656523 2.0477928625246884
292.83080855419166 223.79281999176138 10.0 1.8586847239414406 3.3577006924921156
485.29001261098193 121.75382667067768 10.0 2.4300211399031446 5.245553996838447
291.5534060085389 113.14115974172057 10.0 2.8741062247839158 3.145826116077431
280.26353518117827 99.50484088703615 10.0 2.2925015061765563 0.5901659376433095
230.83279121749467 641.5414418192229 10.0 1.3286786670227444 0.14117233892851763
16.99442709451032 973.5118137388291 10.0 0.9447220782609802 3.1974270360013852
352.8799908827347 283.4600842747783 10.0 2.331549440845633 0.7469423498405329
433.98707566707697 758.7765530715991 10.0 2.5493004173746336 1.309535501151054
380.88952613079084 249.18532922975513 10.0 0.9670488472353197 2.464812519340948
159.65560877589857 783.0274706337601 10.0 2.6615926538121943 2.5821984170736174
309.67785703118193 587.7487881663112 10.0 2.041987838875923 3.635141973535985
356.98154519353284 711.7908106958092 10.0 0.2136100387845731 2.0808128172644804
229.06722742588514 822.622760568529 10.0 1.655432723255224 1.6573684821087789
315.9557697382187 264.4406465482694 10.0 1.5152908786716437 2.7790575575338017
41.34289179199263 999.0997368589371 10.0 0.6018414889318008 4.455178817303244
417.63317724587534 625.134482368288 10.0 1.853709040421957 1.0125426104016586
59.112117503972605 272.26035128828084 10.0 1.0233214607690708 6.123611302344716
18.62789164866785 802.5399605655928 10.0 0.17123536650836993 1.7074093104741621
94.89273932641163 414.43572633614355 10.0 1.3440203603560197 4.929750574288215
429.87733338595024 442.259698362243 10.0 2.5581038451180866 4.110863695141967
278.7596855806909 871.0710032715044 10.0 2.163467620331337 5.179396987338607
288.50322397152274 845.8597760686221 10.0 2.496155908944608 0.852386256390805
465.37749496034246 243.89575456167768 10.0 2.0135626763949563 2.581552984300712
246.59755879914402 200.40883375488283 10.0 1.9741608123808552 3.3192313274441063
216.74691933828112 330.30793121768244 10.0 0.3684159958883327 4.578852627300548
25.761894055266467 272.43338073667746 10.0 0.15043061142182654 1.086476766880978
471.9937023211745 97.87737604061908 10.0 0.9489061567811894 0.45277398543044567
11.227751578226142 70.19596910057967 10.0 2.6875512785030558 3.473719255335411
140.52785613685555 222.8751162728455 10.0 2.8660293928905385 4.928391275330798
184.3866328191783 228.20239448157665 10.0 1.9968943849943133 4.9952317805026
479.9012695650084 71.73505521439427 10.0 2.4900336068379287 5.264508035559856
317.557434568138 117.8441804372652 10.0 1.9380839979559843 0.7845294418557611
244.69209243161282 254.35374731720384 10.0 1.4433965156067772 1.5273690407452845
479.8196421164182 938.0824276747431 10.0 1.0827653903327015 3.715901762480873
217.743673498022 128.13503277979632 10.0 1.1931388024565681 4.591314562352956
27.74023780514684 290.0796048497979 10.0 0.23387061359914962 3.9498946822650867
360.08653824335425 881.6853130125234 10.0 0.06088276058138482 2.49379394239565
379.8225851471547 989.6850865228993 10.0 0.14600619923076327 1.6960775080737356
440.8711945469433 77.06620574310874 10.0 2.971279266874284 1.5907339322221556
498.5053792088189 121.68126086075837 10.0 0.160284985131293 0.5130044289667087
133.64020434075303 779.5104728913187 10.0 1.637748754166446 5.4848255888306445
128.5396961964458 589.6959605138969 10.0 2.9691373992042065 0.8325211182139065
190.26733531553515 653.5074458924278 10.0 3.050400861822956 3.61520631905275
465.5724005718405 665.6875698724094 10.0 0.09610715848247962 3.5504355410252995
428.892189772441 654.1646239092737 10.0 2.704022179603652 5.268695734783133
53.76397616926032 292.909299737842 10.0 1.4256322820363323 3.680445739911815
397.17829234192993 192.7510363132172 10.0 0.8513484746507072 5.547095956377091
336.2689018026581 146.25869204072893 10.0 0.115609815389427 5.904492900295046
197.22274681433254 905.3293801499293 10.0 0.631012037887299 3.8737170020090574
407.4066341101224 703.9184954644201 10.0 0.6303949611675544 1.1757247414915721
83.44565614545817 403.382412211611 10.0 3.1031754770331017 2.4143410391938853
140.3515155648062 834.1954588924799 10.0 2.797829644792177 2.1806861166916502
69.78745685979814 635.3405244751823 10.0 2.444891125064211 1.3232307680293793
489.1694953106071 651.4630419792608 10.0 2.0837084321549466 4.560291162186447
407.5421346720057 737.9161836937217 10.0 1.0505867696216369 3.012394878177313
389.0299397736979 645.1143885952541 10.0 1.0890395911886346 6.253709838828197
420.1546252861069 506.1519925373392 10.0 2.236623980311217 1.5140132718226151
303.42064795087794 335.43180831598306 10.0 2.9281164101393933 5.271801172620027
306.31046032538075 861.088284038762 10.0 1.866125527840119 3.691753575541763
92.19409128081396 960.2789850461677 10.0 1.9131105214777553 4.591668047636241
147.6456904061706 943.9564330451107 10.0 0.9956671726098352 4.963805913719662
499.27317553836554 946.5222995089601 10.0 0.32266580368385034 4.169226229562519
482.40540235359606 715.804578742107 10.0 2.740567091347158 0.8508877326414761
183.84443662464471 170.087268625143 10.0 2.2775551410334223 5.619767900118479
431.3787843413315 191.46159177490406 10.0 1.3232005994449896 4.135934000530855
343.8670161217796 258.55652576498966 10.0 2.5053048175963237 0.13863671373824837
487.4389255682587 686.7455404475241 10.0 0.3285012416817075 1.2938722414230508
105.72536946322397 440.21560566800287 10.0 1.1274604388127791 6.0527002301465185
205.01550169454745 707.8233463418621 10.0 0.586833833403694 3.332161153445806
478.8539371045837 693.4527121440697 10.0 0.9903440269196859 4.052618328799019
150.8284246165515 361.62720583540965 10.0 2.562381292766736 2.178381541383896
299.16180977689896 200.41872490066802 10.0 1.3942148801600662 3.0010089208619317
102.21064133068619 416.2347137278123 10.0 2.937140631054871 3.463519756327418
210.08566663612584 358.8536608625664 10.0 2.8611489867601296 5.826692241873406
104.34813438864494 390.1184219176115 10.0 0.42353835157469394 0.2443091217744487
355.09885720327384 855.9860176920059 10.0 0.6682340907311272 4.727555084816209
122.76526026534495 299.17129995270466 10.0 1.4913350755547885 5.106192508613148
80.5050958987487 558.4110435124526 10.0 2.2067466295799876 4.528482356281877
152.3836532306042 940.4144040905798 10.0 1.7719226226036686 2.0486797742183294
72.34455438367971 221.8541742793937 10.0 0.340815264048311 5.496559998858294
269.4826634078768 841.2928417122506 10.0 1.3699237544615033 1.568110685568247
476.2406901266198 274.7261670890041 10.0 2.2288854716267 4.150255535785655
237.88957523750054 253.46638988000913 10.0 6.884105050447064E-5 0.6493329251536369
174.01586835459116 179.37582069087065 10.0 0.22839745339963272 3.05504205680678
405.7276681600396 820.001041147439 10.0 0.3341290973558853 2.8069749601462357
15.903925817057408 124.94680404501801 10.0 1.625750835544497 3.3191703011456903
254.05025770375988 794.8676491472919 10.0 1.604195815324542 3.560380333488057
432.18769999418345 55.74470025626166 10.0 2.2411722989052962 5.339572394813422
83.68889427581755 943.6538353069589 10.0 0.8515113964761906 5.376695032930194
473.08990687125373 289.0204812523275 10.0 0.23020725259753785 0.9363819655463893
451.64372745603816 504.39573899907487 10.0 1.1459009466843926 2.023694950131374
450.74507426093237 226.07694522185696 10.0 2.6756936670253033 4.4172009419830545
93.34426152164122 837.435541508987 10.0 1.7535098600870895 5.791622344413716
482.08113358736506 910.6038180886775 10.0 0.3406225106004527 2.0370410813752624
192.10864038694743 643.2109959493381 10.0 2.564618056602645 4.118543539953117
356.4384180919999 438.1485502273552 10.0 2.976615451936904 2.4835547772412077
482.1294976966189 876.883616209816 10.0 2.4716265677636193 3.901499026500027
276.7543462748699 470.6281893214456 10.0 2.1734776995553777 1.880036482789802
296.31452143233986 738.7112131799315 10.0 0.4470409928662907 2.904065907452082
148.1419892913406 359.78930841539324 10.0 2.839243122613689 5.095106443324351
295.3099364095522 369.07149838810517 10.0 2.573493288119101 5.7019031605907164
212.6904770178105 633.5217500411094 10.0 1.2917440229224617 1.6745580819114587
239.03493854015318 127.042689164085 10.0 1.3641251894121185 2.1167125776714086
454.31546758339914 848.9327258859207 10.0 2.3564356114452787 3.6267616824754967
287.0552581607384 581.4476492034579 10.0 1.3112096946346148 3.5890393796531788
322.4878101697541 66.08744266485145 10.0 2.1461944157923134 2.5364037926730583
439.12394218165224 593.2674464872152 10.0 2.0234622108678995 2.033269466903052
448.6685401943362 446.32238388200074 10.0 2.2142836079336914 0.36184053453718074
352.21750627939525 118.33100399616592 10.0 1.8943431537158784 0.03232217812071067
154.27820629415245 729.0376491119738 10.0 2.1765552055404727 5.948366290349575
395.39557296468354 609.1867177225764 10.0 1.2060470372757128 5.189730195454627
174.02881351161852 590.8745326401955 10.0 0.36576823495844674 3.9578221224645644
428.8121355728399 145.06253115431622 10.0 0.0672362215823069 2.408120382112829
143.44642307771315 141.18463133435333 10.0 1.4503705401532012 5.016734138594489
418.2065081294555 668.8206462076931 10.0 3.075937663448919 1.1153110308641387
24.412592611267826 57.69673064102532 10.0 2.4611593980673065 4.7126302902005985
121.20221662200149 959.8130841127742 10.0 2.5437168484750683 4.702626375618441
267.55264870078145 116.28761701870816 10.0 1.7112629210141976 1.0814268011631165
206.74180594865348 221.5443283814419 10.0 0.8672320934179016 2.338239634567982
135.2990837210209 118.76313275652673 10.0 0.48205988601355715 1.888090797784835
293.98578454739527 413.0475241323011 10.0 1.4717831584032355 3.2077387161542963
234.45810237841042 472.5558822601608 10.0 2.6905725274277263 4.839061054630863
22.00382626298464 702.8800561207535 10.0 2.20942015375952 2.858018861654065
432.10744964998736 926.2455257746594 10.0 2.831301830037262 4.550744997912291
386.58628381678676 674.6451660128716 10.0 0.7468385750699172 5.369255281699651
453.6537355997333 214.8082260878721 10.0 0.3947633535886091 6.270983146675145
205.50422656931445 162.94570692286948 10.0 0.2725336529677472 0.45583525930764957
86.8771689449298 618.5011469312636 10.0 1.210562003988094 2.788425514630799
198.54611281983398 848.6762114650636 10.0 1.496494598246686 3.5130423643983457
40.79214209905585 689.2886505782288 10.0 1.505763824760495 4.4824547307326785
293.6591193430728 992.5595874069589 10.0 2.2586346276569844 4.30329531563115
133.15144172813615 648.7162051153823 10.0 1.5202001443646922 0.4087831721363966
395.52339859486926 935.8347736365472 10.0 1.7148122236905976 4.555365962931596
105.42250892060511 211.13822420384554 10.0 2.057962663703741 0.06362054981543802
477.8873123638325 247.00137995780614 10.0 0.5715090471498692 5.8783417731635295
489.0636980962392 836.206170180973 10.0 0.9715939315248389 5.447204843214246
485.99175956395163 643.5279190989706 10.0 2.192000676916276 5.741643661879983
71.92873151151558 664.5232997817315 10.0 1.07769511103696 3.379331903804067
160.41174007747884 67.42937877608468 10.0 1.3326986048977643 4.294535603615335
138.62737671804553 640.3719437459182 10.0 0.947363389384295 0.47527374169649333
18.643305870638503 543.6210178678822 10.0 1.4608132809119725 1.2366175746645658
283.6706667660194 575.419960360755 10.0 0.4905326432830737 5.380752614914023
355.7639556098102 699.9539482799938 10.0 1.8589237904124905 1.2207040098702087
221.22859737705537 157.31239576607348 10.0 0.6316110421474255 2.6655123662172264
250.49468733067255 77.83937910394867 10.0 0.1799937126208833 3.857986065199132
140.32847559206706 157.05462599317954 10.0 2.2919516230919275 2.0449320579561423
187.99174676150466 612.3673007158015 10.0 0.35310339799198875 6.231656845318164
279.3221633176363 339.0932594337731 10.0 1.2553099331144852 3.1257025986039753
35.69630447958283 910.8261203414072 10.0 0.8176048409861718 3.413677206308048
18.450118330314623 828.0010523582681 10.0 1.4105833142900313 0.18571642305518274
233.56997656729055 208.52948121858972 10.0 1.6806548857372268 5.4660827233814455
414.330591646339 935.672093828148 10.0 0.536485969863996 2.2726737607458976
185.04464918958686 130.85627769432728 10.0 1.0634438899848453 3.0144339013975885
225.20194714612117 702.933460467637 10.0 0.9675837769449327 1.494404386902085
460.0143913742904 640.4105826749391 10.0 1.9523163880302052 3.547368301449631
100.74627982177081 659.4796048899024 10.0 0.8771401765276574 6.157077100313387
46.19777113050411 798.2071197877846 10.0 1.3908968069647696 4.556411169998535
235.32247362565488 556.0359092110676 10.0 1.237436926635196 5.650851829647398
10.198683286891386 217.7892127392993 10.0 0.6081764418947886 3.67885452826086
408.4367970571595 72.65722786299744 10.0 1.4717805270213045 5.730292799348586
54.59379929416469 341.1848218761355 10.0 0.06469355516420157 3.0640470920938236
461.2791886415257 757.0681417107742 10.0 1.5800992788987447 4.230691949194624
82.37465424123924 915.6073098615886 10.0 0.7330025785739588 4.453349143716845
383.15331926205556 696.9508743456995 10.0 1.0311005168314418 5.02691649507368
5.072716022699653 299.8072542792345 10.0 2.2981022838408043 5.601169508845748
306.6285872248491 680.0872870859375 10.0 1.207319133418525 6.24937475461363
155.8953960276807 478.98106245686665 10.0 2.315259001262709 3.9521148956264827
335.2421814461437 846.2610302155008 10.0 0.1252307241469243 0.8734538474608189
294.2011413968423 917.1432055115598 10.0 1.1480617163947588 2.493708055731382
252.57926060799758 84.82622974079223 10.0 0.353926922654122 4.236840342158095
312.64178800966636 625.8680876792695 10.0 2.5869789091559854 1.7085558403023258
286.55952895870945 681.848988361083 10.0 1.57576696332083 5.229408001065638
383.30030307288644 78.3076303223137 10.0 0.8340855962088211 0.819755012302929
227.7581187679768 970.7278638653008 10.0 0.28329981295718604 3.3649373372869142
404.15194373537554 847.3911156693702 10.0 1.8736961475044145 1.6781975170960697
325.58913834427904 990.1995067939599 10.0 1.0425927647074227 0.20501879757661737
232.17711333720348 97.1133473295931 10.0 2.3703278110334978 3.928044679148585
11.179784448619113 403.6359260524138 10.0 0.5562049569831476 3.671845359141772
314.45387093767505 305.817501272128 10.0 0.8172690786769244 0.5069919708785382
120.76333703391495 183.53948235787243 10.0 0.7922200968680526 4.826434478751332
453.5583794553512 850.378821170179 10.0 0.2054931328179958 2.9583002375627214
418.41903572701375 815.141802534886 10.0 1.417002493019847 1.35694690517292
68.60125179015265 330.1953604375504 10.0 3.108762936590339 1.9386581580573
341.98702559745846 23.013079620185394 10.0 1.0945537539796029 5.362495731198766
438.2281137881622 759.8923048364289 10.0 0.8661688670388497 2.3545933433040394
20.986449861077283 274.58773572474206 10.0 0.3016340270754952 6.004554644735372
36.912302441033 9.64572780704065 10.0 0.1694468158835135 3.953978271461231
240.36487333723449 564.5130094714876 10.0 2.2348032308125623 3.6821383713689135
200.86800700474538 122.03227514504545 10.0 2.3425196132242467 0.8319026894327041
148.90712548368373 233.72630339552347 10.0 2.8877491971599554 1.4798657574528589
484.91182730897606 384.3110707615577 10.0 2.1825537347525117 5.765942269047992
136.13163879444505 827.1680542909376 10.0 3.003374278077159 4.5716310286491515
196.60100106246747 285.04391546856266 10.0 1.7605882421556207 0.05250065144316382
426.5025539238698 244.03596934163818 10.0 3.1338764916070105 4.435180299379793
218.976330305015 733.9600630740384 10.0 0.8076725005866084 0.1132195912249111
64.785536937155 684.4869514360672 10.0 0.37613003138312384 1.7019117557768475
358.2379954815254 173.97205551148122 10.0 1.4960720614093548 0.17146525012037156
91.3755837757616 146.6931450990704 10.0 2.9934732378681663 3.6564930740013515
77.68231336579568 464.2485064073769 10.0 0.237051786154424 4.259035190785061
331.42482811851374 478.15828487975455 10.0 1.380595135329853 3.0867238968448203
104.22766828765944 663.2502924595725 10.0 2.734000513654925 4.2424644624064465
346.59854949573736 235.20029334087155 10.0 1.1180200794143251 3.303535306344937
18.857617011795334 90.63655612015043 10.0 1.92568388151876 0.8901490653017144
223.2874760683113 854.5069586890708 10.0 1.595009924028829 4.925368144306072
67.30943024945756 296.94630095292973 10.0 0.6114809041364602 3.209479981050601
496.1045006978926 890.6703486189153 10.0 2.3854382802498337 3.538857773799542
52.33600037090663 819.9623333364792 10.0 1.1146336408993485 5.685834121771909
130.49395314896438 323.6066339478132 10.0 0.9660691531684394 4.936255070719213
293.86952358612285 856.6634734438007 10.0 1.3638641950111712 1.174730419927988
113.28155077425723 189.76738839669017 10.0 2.7007371992210176 3.368953997697823
268.4147483258395 229.67148369576586 10.0 3.0015923625161682 0.8046607679683359
324.99314444715947 41.04856870697804 10.0 1.9674739628332556 1.774184007289057
164.00020926634855 277.0987940816506 10.0 0.21327512803131646 2.4029782338565697
492.7703932685407 985.3035916260338 10.0 0.9051698991166729 3.706278244282206
212.01540636817973 544.7033458839869 10.0 0.43919417187709825 1.3244645814593743
147.71144383340885 312.36662999517597 10.0 1.0948714288621237 2.5224972656513245
282.26208387649484 409.25690887255473 10.0 0.11011838243517683 0.9029233047378182
135.46487051940431 959.4923731091002 10.0 1.6655816785648485 1.2273783613103701
352.54775119252196 12.032992339057191 10.0 2.6964847165848775 0.16649169420364437
353.904851999716 320.1186492523429 10.0 0.40071867309106857 3.702589530332802
89.14956703625992 131.32056347627363 10.0 0.6417262261235115 0.8600194638116948
16.7157696619048 149.85786500891174 10.0 1.4899704779186718 1.3014771921681092
399.4767325350668 872.8699095400681 10.0 0.6154103868560035 1.990430479062641
366.71435587212204 573.6239349222321 10.0 2.9407569290592797 5.491033448666936
443.2594513284278 307.17707336488485 10.0 2.66124144146046 1.947265649904436
387.73758894208015 447.80051454050005 10.0 0.2807586952255139 2.8656137467236236
213.59266565345342 432.51261007524477 10.0 1.6800159563512087 4.6886583009689975
188.92427274845735 581.357083764718 10.0 3.127669312388595 5.737246634832032
424.16262277610974 92.60140003767525 10.0 1.9331978063388258 2.921048921297656
360.21862079667324 569.8190586129546 10.0 2.2974621833647833 2.370234073210284
63.984462106282166 727.8596160728758 10.0 1.480662795531255 0.7363373145584753
222.92385345923293 245.9980238326872 10.0 1.837052341092697 2.056033080865995
105.97888108696546 89.09500627784949 10.0 1.640928363019455 1.5108895757557579
24.134005245997127 1.388659355541999 10.0 1.8163666287355322 1.0872666438403629
480.71604411864695 292.5767767423124 10.0 3.099807164262648 1.5389483572253122
248.8719545618655 482.138281662935 10.0 0.7126083139312499 5.1365918623143205
51.65489319201583 845.3814515759517 10.0 1.3443004406223178 0.02786647992116834
348.7619882932303 413.49541659473545 10.0 2.1818980741162846 0.07272174819011898
453.2058568520017 519.9207188593622 10.0 1.1671324911230179 6.237450296113018
311.06479819468836 556.6436152421009 10.0 2.374095283088096 3.5777339842664575
277.94527635375687 206.55784110090713 10.0 1.6576862331222966 0.983759948702341
116.9032549449811 51.82689220370096 10.0 0.7054444334021301 4.774961831016531
224.30948975423232 123.21852705362446 10.0 1.2698713984775225 6.07724808488771
262.5069201735855 651.6727072738354 10.0 2.3908688737605943 2.7714184703001936
441.0968145688655 10.902791320360095 10.0 1.0862229308118523 2.1456892459697294
142.30345978770166 598.6191902166289 10.0 0.6726864987217525 4.731122601937008
430.1054852210284 194.0038252611207 10.0 0.8908891542918821 2.349824653422335
217.6852131989923 150.35234343029546 10.0 2.866144638328337 2.746126071082007
493.23575238614234 634.3404577848893 10.0 2.2991233341557122 0.451023463156534
20.278794932468315 7.1600339143614855 10.0 1.7647505537908974 0.6083190860336728
335.38418928223547 357.80893896725496 10.0 2.56036388843299 3.3495143044077014
163.54610615145498 145.10853169558257 10.0 2.0788888958572804 6.076255814632387
59.458303975432834 882.5609454510663 10.0 1.1364982475965635 1.6409721390934875
161.5447331638698 808.9481900586073 10.0 1.87990627542924 0.0498165773805046
414.8397821489265 527.6134139115862 10.0 1.1015992245723545 3.4870120962018682
478.6758608492989 668.6542408039587 10.0 2.594837920727249 2.4504698958035593
285.6241725565607 730.7969450811679 10.0 0.7611921087545737 1.0553384445652259
359.2479202159702 393.5092179230004 10.0 2.5018287339932552 4.317318300744989
29.965432741840658 754.9487496933804 10.0 3.090433536136989 4.249879396057074
110.68398254311317 147.63307977000673 10.0 1.7183304556406576 2.155618171601742
406.8532850792385 411.2564988619887 10.0 2.26094569897225 1.5618774268507842
139.20111559251026 760.8673270541655 10.0 0.33566379786684425 1.4373304746774376
451.6515436735743 678.6593408273634 10.0 1.5592252750039592 4.753413494451259
161.7897702240866 578.9193729961489 10.0 0.41326876100811333 2.2373138454647132
286.7256266699584 348.21221561772563 10.0 1.5460157932073386 2.6468168189856827
143.3213421188278 246.6735300273053 10.0 1.3402131370863133 0.4091264465847604
478.4871723662023 71.31984131651048 10.0 1.7639915011684393 2.722587322032966
132.61201792206262 928.5744893964965 10.0 0.8480783895215854 1.576088101996606
177.18418602173202 440.7466003408037 10.0 0.39623350028169224 1.507243552824932
296.2710914885972 719.9901423503746 10.0 2.1783677861920587 2.801749101202389
400.7645128203306 983.308498256457 10.0 2.196122531968807 2.7634657261356668
74.1617664104779 253.45935848180022 10.0 0.4186478283491458 5.188864257034833
449.141030353132 193.15360979935357 10.0 1.812371669550294 3.003761871102429
5.302686388224398 753.7314283511639 10.0 0.34684586438013765 2.84624210119852
60.18653861841711 984.5369834627518 10.0 1.524507720926086 3.6497641904864464
398.0382506045044 45.50325536189226 10.0 2.6696004679451395 2.047787359272722
43.78651366192532 192.99659068353247 10.0 0.6673947855072286 3.9159069854953934
143.305802924188 267.7604601025172 10.0 3.1401052503383307 0.3151444917328938
255.27782578881363 3.8363133390206805 10.0 1.622942414568278 5.4652553842305815
94.82796442130021 298.6288919185197 10.0 2.7023986591808113 1.2394105626686314
394.60160709742706 436.8223544215296 10.0 2.6443143300548546 4.90738691061124
65.05803786932806 144.6424203536859 10.0 2.461707904346778 4.198099953401447
242.49835809014192 265.9991773610073 10.0 1.970427177074974 2.044503086823036
110.70680212417372 798.3337172910242 10.0 2.048149681555213 3.9421266053613904
70.07335517686569 3.531515325126522 10.0 0.7748159599668659 3.077263278623945
406.67865856382247 318.05388008123714 10.0 1.8769340220226975 5.182433298772735
83.06061646451867 826.4783100980388 10.0 2.7031181050653443 5.835815305609081
132.2453618323407 133.92739042196254 10.0 1.1688371087036489 2.3280286808334667
387.11343921930734 575.405174021197 10.0 2.255640305822706 5.93777605254759
418.28545723975566 833.8485945519021 10.0 0.08806987456029398 1.7616954381201346
85.44968816401804 203.74134635617537 10.0 2.180762531929988 1.513856442895019
29.417407470981537 933.4257301364748 10.0 2.573698303887784 2.247610247960875
245.17992622823687 306.7877002999899 10.0 0.2993642695760158 0.845366365948072
79.85476564863315 383.77933360962646 10.0 1.518203971016135 1.4323602405381124
93.64654083669355 609.2817049576231 10.0 0.06319321552974647 1.1295164729229217
206.81134387527845 821.1005541595312 10.0 0.9888046181653762 3.7238574459902396
431.10202068356904 540.4259059528346 10.0 2.546122327481728 2.407010370520988
250.28453685958561 811.8761410675921 10.0 2.1672531095087475 0.12026533545841915
371.05438334106265 275.2859109383482 10.0 1.1844925204172845 2.8766988758847165
113.04496209346304 597.6861595796985 10.0 2.991344155027582 5.229178669494218
144.60808373870304 871.4643468289519 10.0 1.3681351631202388 5.074268659044219
99.6605575581963 93.48070283024678 10.0 2.5764971249707127 5.810244592927158
330.1282585753762 379.95696128311454 10.0 2.9460675381914116 1.130883592537375
158.38318294268154 143.24181146007587 10.0 2.281180561377827 3.4708393403456483
494.5567149316525 59.09698507936567 10.0 0.7351780248999553 1.1462763627177948
74.72588397821012 286.9370100098548 10.0 2.3485280371671275 2.706392607577502
357.7075963754805 70.49424828801199 10.0 2.35695046852563 0.6355716845689279
290.55902606038745 542.6704854655586 10.0 0.12507774655397147 4.392864067951692
215.870900135542 285.8750402245636 10.0 0.6808202901798057 4.491414675019412
147.5532518716743 957.9383393893123 10.0 2.926152488674974 3.577816513592281
486.05202822978623 83.72933274531447 10.0 2.300973159465012 0.2790974266323199
478.7976219120355 933.894006067463 10.0 0.28775622153715 4.553700998879983
357.1753859359528 264.67106629880874 10.0 0.6304925830989591 1.4478444194611888
97.42073246370192 576.5303500655493 10.0 1.3514864970848548 4.935909271059292
159.58027382153955 464.41836416279347 10.0 2.8936483274834925 6.152063707355465
356.04338968965766 578.684289752866 10.0 2.011726030490794 2.569911161565155
189.13712024763467 693.2993668298122 10.0 1.1710295020670582 1.6905012133164177
75.89043695147313 386.77061664848554 10.0 1.7087809897992265 5.2643694291051615
347.3121701789103 881.1904104100073 10.0 1.490702101751448 1.6287734050191545
269.3903550242889 656.1509093055009 10.0 2.041469977026886 6.068360292858142
83.50884485226085 556.7925166857669 10.0 2.6908915599000087 3.710583839796754
205.09039993263417 249.0441743324454 10.0 1.839477414998369 1.4789647358023839
251.0137801029626 40.15237479440159 10.0 2.919054851389055 3.2779519304542006
488.71557398462977 278.88491210298037 10.0 0.9795893117425303 5.872582119726218
112.87576907671098 777.3343856705151 10.0 2.461862405922627 3.7128341109142062
459.1995486308365 955.0355452266092 10.0 0.8825858525250695 4.457745542731568
359.04568045634585 696.1497778609004 10.0 0.6603417279193097 4.682427178377468
323.5156298343335 231.7588104739614 10.0 2.9793360720277593 2.2463137599472214
121.10543264529966 711.8490603698207 10.0 1.1577963900231807 0.8067198683957557
79.13583614951281 515.3568659648911 10.0 0.9368491692891796 1.3850763630597624
95.91434463102927 761.6841415224712 10.0 2.8144004929410436 6.088101769468223
397.94637763656124 933.3829452809296 10.0 0.9195518679781405 4.654386199852484
14.50064222195202 997.2463273504204 10.0 1.5316558206149333 1.6331126059059453
270.4474530722129 919.8323028597589 10.0 1.273896354043296 6.281154573355101
317.52667507443476 13.486431629275542 10.0 0.7409648978131861 1.076919862710985
334.06568711135617 120.21802156292394 10.0 2.0398835925593013 1.899377991356077
23.655544972261634 243.32327812759746 10.0 0.8216348752802065 2.43531183964955
434.40718819001466 870.4387471494139 10.0 2.3811447901202465 0.796679691554765
402.1476225440321 896.7467750432465 10.0 1.3308815509780532 5.086829295475098
93.27940353796271 753.3438534911081 10.0 1.359293266664949 0.023404382740605228
186.01484287072023 73.32205825302019 10.0 0.4483151830538508 1.9814912915674474
182.30993463072053 986.9027679865892 10.0 2.5556918011684595 0.8921219226270588
187.0609852226553 927.0004884709937 10.0 1.9555324777360195 3.2566271061705954
225.9903665146097 647.8844900005392 10.0 1.8380304433000525 5.452928533637743
299.13612167608795 12.14417030477799 10.0 0.01612977092620218 4.497861405377418
382.9732855104845 984.953696509098 10.0 1.1863623408192097 1.2157711341614088
0.9332498587975024 189.67023279052177 10.0 0.7714470044708108 2.9496532691831217
279.45060205975557 325.08946032781563 10.0 1.1724542468758627 0.510483073208922
94.65530575077436 722.2206676779426 10.0 2.3226730939255886 3.1877718731587557
493.44127498722435 327.233131564773 10.0 0.8699315434116035 1.3840862641137517
41.88066492169129 437.2645983455664 10.0 3.110194493166036 5.602366407983797
113.81660982369974 587.0713555214382 10.0 0.2005771642321581 2.3994921857532794
382.9552349989405 87.03881287035897 10.0 2.6723199443674908 4.027013045845247
422.8912088364642 846.8606063204771 10.0 0.5075398230068271 4.208606545082017
351.2393259790455 284.232815733744 10.0 0.39161332857647685 1.570361255105967
376.40777893817256 314.199589462697 10.0 3.073199886743192 1.45866794852267
418.537352747451 642.3249841968294 10.0 1.7640607313487717 5.012316219170383
179.74372238534932 843.6554530080886 10.0 2.943246101409099 1.5773832721629404
133.038500540147 999.4756740449014 10.0 1.6709887543737925 3.679787335054151
384.16796603151727 985.1504809581085 10.0 1.3366551716191533 1.7390618077281017
236.09657535019107 854.883763876466 10.0 2.88364573303532 3.1196814401477084
51.97580875980174 153.01505207197462 10.0 1.0164038127575268 1.3980106427933294
169.17698747336206 396.512862616502 10.0 0.010455025242702042 3.2452435429389244
164.33014227720543 419.6135600458617 10.0 0.04662600755545323 3.6825460937250414
207.29919822942816 749.093274548436 10.0 1.2540190896700725 0.6982013392604947
70.63709684158943 687.4491900464732 10.0 0.14732216103848236 4.496066139735961
80.3026041302931 321.3063265241165 10.0 0.9091238537737963 2.492188317043972
403.2841877067832 243.65407616452805 10.0 2.660831524045801 1.1583539395802616
68.26402089344174 381.05678656784204 10.0 1.6723590132583088 1.874602793524465
6.569203846664873 950.7708018348618 10.0 0.48719507527094236 3.725594345391442
182.39490921001078 237.74014989708024 10.0 1.2654011902698539 0.8617508386156372
53.64783651253763 577.7318199427436 10.0 0.2636749406451848 2.2824588875394745
167.7465009406166 660.4106333346398 10.0 0.031073949291951543 2.1100961247705077
150.32824075586964 24.942791916013007 10.0 3.0349455522672275 2.15003802284285
189.05088196658843 410.75643806809217 10.0 2.123696087346998 1.1713890310740414
349.5407025593683 447.37619155464023 10.0 1.2511684404847738 1.7631605760947027
186.02614194096557 19.78827819340223 10.0 2.55018258822686 5.46705565715958
125.31037746574685 529.5813591618271 10.0 0.4510771000632882 3.1697302644164056
9.473866959033849 187.1475934375294 10.0 0.22765168613073386 1.0738769948797777
480.0614633369601 416.51744858579997 10.0 2.515967246007757 2.162250688283485
74.49688050179381 431.94067446495956 10.0 2.610465177206846 3.612081742153464
484.0806203963647 54.11523666957707 10.0 1.2632199340951265 0.8702788280769751
392.1655720020714 874.0047987879617 10.0 0.7913980005813105 4.372138680061623
170.96815392348313 943.4743196742452 10.0 1.0926802912634532 5.5319409957533265
465.9607370131144 274.5129111593356 10.0 1.581182912012566 1.3784489407353817
337.9046572698281 562.6015693154822 10.0 1.0695721969003527 5.149363021480606
164.32123480177341 714.8227453017682 10.0 2.794140860847074 5.0660395373998455
424.5616119390134 959.5977231561471 10.0 0.7103653947023554 3.7018890193677874
305.6244581266251 542.4770326112719 10.0 2.9565330207271803 4.064936422100519
269.4838323894153 271.19764671854875 10.0 2.8419986835676836 4.232571200094138
316.9278353414614 463.2606127324388 10.0 2.3511807033580294 3.8213959578972725
167.77197290583607 170.57094089353785 10.0 2.2566331702864124 1.773839512760978
452.7993782109528 908.2211735993692 10.0 0.22118900205641714 1.028561313145669
278.8932561446275 498.2891845186731 10.0 3.0765811676376287 5.949947495095164
185.56553655710184 54.55933898246024 10.0 0.024193821778433464 3.454127717205268
58.44841345601653 580.3657480951285 10.0 1.7153061470861741 2.5672505958350835
3.3043693980069344 129.2949279924619 10.0 0.8564292058408599 5.261474808390138
12.723089720347524 987.2747441870736 10.0 1.9110845827123677 3.835208166472864
476.91219311471275 874.6150822302427 10.0 1.0752021423544953 5.420701297932505
199.85187789062985 737.8551175284199 10.0 0.2900205563146921 5.422981381322412
82.57191374805306 303.8109434726437 10.0 0.09305412016620913 1.2971664620477807
26.4228299214605 202.0063733254388 10.0 1.0810233796453714 3.1361113579971986
390.9509841691366 126.708912858987 10.0 0.810249679022486 4.173272793834718
13.351037685095879 206.0819244284031 10.0 0.010234377212703444 3.6570746899666364
359.45732361053956 473.5027795878473 10.0 0.2296696805548809 5.649498630639556
329.84885115796953 94.88654841017762 10.0 0.7099026979753782 3.063423294167167
88.88115892830861 795.8929214520077 10.0 0.5658789814824382 1.370677426172486
19.321361006042924 754.1840171812961 10.0 2.0984004641082166 2.6557866595748925
30.75103940016133 74.43902168339767 10.0 1.6889078608841281 4.165123498126841
466.0149773478972 847.6213231242251 10.0 2.78761577491901 1.251926410456932
256.7319807046962 711.0323181714213 10.0 2.5021294239864615 5.387747746710554
276.2472512615046 771.975556925772 10.0 0.24432403353689622 5.204786311192505
26.39412027216054 735.393687965443 10.0 1.9399011156143333 1.9087292216909353
373.0462439254553 84.62982383743378 10.0 0.9166450393014096 4.72550535308339
14.679694365266894 204.5040078079323 10.0 0.48081620397816344 0.41499580819498233
228.02734036612821 407.1844845106438 10.0 1.7734260867481717 4.893229335000742
185.3967898611218 923.872743431746 10.0 0.7162139954322272 0.22715158560381132
279.335771723388 59.109831465229526 10.0 1.8791609058307523 0.24242277654329492
422.0676848180472 869.5512754232749 10.0 0.015813545256618395 1.387589404478995
209.48293299610327 925.3464202828137 10.0 2.8814865551646913 3.30067128323509
152.46016746842423 939.797070847127 10.0 0.5336574848979382 4.664906250544211
381.9046893995511 311.75972537701637 10.0 2.0559980929198765 0.25971026612620296
328.1297557547575 915.2948433556248 10.0 2.892691981466756 3.106469060105414
360.0695608556174 792.3546316270348 10.0 1.1880719505708013 3.842928166048372
245.3010841155105 756.8414740804607 10.0 0.9371897118942862 4.040882537741004
57.965309298696035 302.15676700258456 10.0 1.9497146203377256 4.295453405967982
318.4165100230704 619.400038817665 10.0 2.0108039225755356 2.6223872580307757
195.79162832838858 979.6663737312922 10.0 0.05555416001148941 4.268034008528184
42.68004679290932 211.43013848632452 10.0 0.6140708828932695 5.509200722561872
359.68734440791076 512.7913282557545 10.0 0.692269278245984 4.4942647807949
6.9248577055262555 378.4002434506564 10.0 0.5849840007608834 3.77668337270753
89.32020539362678 992.1653726098023 10.0 3.102924082013581 3.5102586836310214
443.132295025656 39.38821305516937 10.0 2.6608815208998466 3.0821171473165947
42.16725953797407 525.757757679249 10.0 0.38244845551792617 0.8384296073810025
423.93067798213616 855.6767812967073 10.0 0.7289930153655909 0.7572015144944175
408.31402368578114 118.68075585743776 10.0 0.48519626707727 0.9110379608516957
444.4020130850465 260.2496111895606 10.0 2.584054355881868 2.1370931243859252
374.60073065359273 572.1011467033159 10.0 2.9742817261079835 4.013573688495193
249.52457144673872 727.0947310991803 10.0 0.6906134361283865 0.3596110014003779
61.94341865304093 405.1619766501592 10.0 1.9162761172928011 3.5147770256017243
393.5796866708544 409.2211865686833 10.0 1.445417952565717 2.5186551343255927
484.6583278365199 53.82065911977363 10.0 1.287243433127801 3.9377050673961174
142.85075130588376 524.2953260329084 10.0 2.309192721267011 4.4143148505122065
205.61756426658872 850.5101407733873 10.0 1.7671581401551992 0.598826483632782
457.9425332834942 116.8030680342731 10.0 1.7412533353308026 6.20848965684876
486.06417973768544 538.5287904721306 10.0 0.2665553421843186 1.3430023463590859
417.04906973495275 75.64427776254968 10.0 1.9920973396271453 5.786019199903621
353.9147804884777 325.0656398207685 10.0 0.332364300953125 2.8269981963840496
66.49807706664762 536.0653397624874 10.0 0.1520299193763594 2.43988568645615
139.37786166220795 726.7671757599659 10.0 0.9493482883926191 5.020977173884591
309.90014586390356 44.83661342494527 10.0 1.3383926152661068 1.0875581403373145
151.71590977284288 711.7518148918509 10.0 1.154010345545987 4.654957106504824
72.23084204332042 117.58071654443047 10.0 0.724765158543526 2.5131545140643294
295.979399253869 891.9784313675107 10.0 2.1145542782916324 4.155787971903566
100.17365872257444 67.15770516051711 10.0 1.2814328547819833 4.4000090503427645
53.54090043618787 769.875105274087 10.0 1.6822598053066196 5.075968523388999
385.0522196246838 232.0139219804873 10.0 2.9349147370276696 1.7899133314436213
375.2573393502768 293.1343664925584 10.0 2.337769803019153 0.5687084692523476
319.6796822109673 983.4003506326711 10.0 0.17071435682222338 2.3088403103192925
161.08850376448854 221.58130212955362 10.0 0.834110141425877 1.884002077413124
325.45341725944365 140.3668084635703 10.0 0.7561094532441827 3.9547169968936124
125.00002584445969 60.02042251467077 10.0 0.8802934039706796 3.484376392651446
311.02328188663785 671.4383888229494 10.0 0.5053798862426344 4.19412828506786
468.9789619225353 560.9681232532257 10.0 3.0301590377190704 0.29489520107706113
448.861484498447 811.8801204715309 10.0 0.591719048827566 3.8714810022670325
414.9899203654063 51.17628814861652 10.0 2.1247271969341233 2.5267878769926275
381.0621016230011 975.4564115176698 10.0 0.7574299684669342 2.4208806175839666
268.70008527157444 85.85398224293405 10.0 1.4305912237836966 1.3680581178940254
90.6985766620081 89.59126786938486 10.0 3.090373394070877 1.291324941812222
313.8011205144557 184.49287664755687 10.0 3.1367894275727446 3.768037603390477
300.06712267777675 232.83571204709153 10.0 2.129771049303062 2.650687562560945
460.7561714775754 652.2030787408758 10.0 1.6314426437294975 4.78623854543675
382.1442586695693 703.548519003285 10.0 0.6817177776551573 4.571133999142161
198.79996017353696 740.4654489891416 10.0 0.481653878825905 0.024506382764101713
396.5865988968642 898.6965830358085 10.0 0.40397066221355143 1.7525908188445678
25.02024697257249 651.2066532844887 10.0 2.5689364865044952 4.0021985204921835
486.6009719662757 631.6812783101137 10.0 1.827978296921435 2.411688706867045
149.3487179622915 138.10314381483568 10.0 2.157649493360512 4.205795590704386
498.01304511906864 768.0967172952171 10.0 2.147627140931775 4.419354989221216
399.2893513723088 709.020563228877 10.0 2.1761330597775013 2.0266362455519156
306.8625788647867 308.32670921301565 10.0 1.8807235352178044 1.0047353806141357
373.2125344269151 683.4945043405436 10.0 2.2358185215634627 4.344737684498161
466.8533793645147 295.8860173318575 10.0 0.8787051576272807 6.232511524428536
16.042943081277627 609.159067982084 10.0 1.0883564902177012 0.733463667738586
412.986114687486 180.41269485229216 10.0 2.6445844935972214 4.066883784246315
416.16934797091545 791.029486526271 10.0 1.4575398961992578 0.5297098674837166
82.7021852791362 514.2175676024731 10.0 2.7222270819487253 2.866435241901032
247.40447451393672 937.5448906084341 10.0 2.8266011041422994 4.523144520902489
440.8665875216055 111.296860980173 10.0 0.5373199932928506 1.7337779857319136
404.8230246164281 177.2776579321794 10.0 3.10438151290089 1.217135678640744
19.918135813434436 47.71482166984953 10.0 2.5991522984732796 3.440304610055129
8.3060288986756 950.2154887447201 10.0 2.6049365801651057 3.786573313707001
211.5149410712638 132.26189198746474 10.0 1.4656908679613858 2.8720601081006834
72.61958101325405 527.5225500081323 10.0 1.4189422049790177 0.9153244401312118
171.0034626515068 726.295175622788 10.0 0.48283429063748967 0.8940568837210116
267.8561565002771 163.6856912914286 10.0 0.8902269454015899 4.1429403805145455
321.03911727648386 41.667266721946646 10.0 1.1560872539943978 0.8533813378538352
319.0665714761336 134.95239478472888 10.0 1.8465911376947417 5.21309339872266
65.68663902840738 295.64963718756985 10.0 2.7451847789355783 3.060894301596429
218.91077987571384 167.9663358005522 10.0 2.4442556432717084 4.062212746764821
451.32829693028543 351.75701921774106 10.0 1.6257435208212287 1.5957639970411512
52.15555336857991 12.506985195507303 10.0 2.412269846005572 5.763800814757482
135.7081157483593 725.3788065977485 10.0 0.7385626474301008 1.914229119681762
355.8472314932126 162.23945045237565 10.0 2.4190521804612723 5.695229038393045
151.440195359273 83.12390431527028 10.0 2.5334829024613152 3.916566232570379
63.987679262046406 977.3809048994749 10.0 0.6350064782221723 2.6141623067651505
75.30923333839561 614.7851766728519 10.0 0.4408159307959651 3.511180736631381
210.54144234104015 713.1895708392994 10.0 1.916922510685355 5.504337958786203
339.6915137505577 906.8297372038 10.0 0.3967168230274886 4.4536848962118505
189.60247920036306 208.18294133945224 10.0 2.4181976011260082 1.6212184360712152
47.424239556915936 196.32152113799285 10.0 1.061714192421502 2.393695557864496
496.548247998397 235.99112450147797 10.0 1.1789029432141078 5.535279727286386
276.4515647514634 134.18203354644044 10.0 0.38708548567595286 5.163844810046681
499.009672881958 774.7517341902927 10.0 3.0705264913973718 2.6654184378202723
485.5753861801246 436.6957809663249 10.0 2.7213855283544865 4.119848430859884
411.48476373964456 697.9524569089766 10.0 0.24676879175165375 4.489610242591317
257.63891960511626 54.166778824250585 10.0 1.4348335446991096 1.4068280424587511
272.424201749671 640.6277411533681 10.0 1.7185755712156165 0.650967690460507
241.4712876055763 735.631875049634 10.0 0.7892561798897558 4.819139306104419
347.61700376051067 44.81565697484147 10.0 2.3862085258097907 3.155184492177223
278.92125936114115 118.53767707673501 10.0 0.19501337813897046 4.022717135362533
8.704305899513487 638.1813199316392 10.0 0.41644645947610864 2.435030687825426
328.3082022714109 722.2870386940963 10.0 3.0118089030616475 0.028413207017799775
260.64949493182377 849.7130091135278 10.0 2.992403431918925 2.203552364710532
420.61835193036916 474.56140965215377 10.0 2.8799416031368157 4.295965562629613
216.99275384179438 916.3972914637651 10.0 2.0895546499980133 6.2787169775220955
9.774642947921686 649.3253397639126 10.0 1.8849180194540218 0.8172590064888524
446.7181048729015 684.7794832488194 10.0 0.10632883931270264 1.7790430941227249
203.3080916536218 345.4192988484186 10.0 2.546408502097365 4.328409331036284
241.56123629048298 361.3155150306714 10.0 2.600209578864658 3.5101075345891237
484.75896199887626 884.6472905164353 10.0 1.23092924486588 3.795808107113261
477.5859688605972 715.4215831462043 10.0 2.979831703875941 6.021132440152907
164.13572431914986 758.2651156742535 10.0 1.948252768733602 2.8654758650084746
369.85781594738916 489.1278254118642 10.0 0.4969256616139062 5.540916236989445
417.7601314047203 0.7759649107171862 10.0 1.1619090401378642 6.111122647599314
44.0424894969692 17.242277398226925 10.0 2.5611691511066748 4.245758114476023
403.82619429879423 119.9392626986191 10.0 1.8436885563521919 2.5490372581376546
473.75757856748385 311.9312203327845 10.0 0.8855185323075839 5.130598973886754
65.00164676714626 961.8991818052301 10.0 2.6901196439733916 5.741911834054636
457.5055767736394 115.62242284474632 10.0 2.8611764023239816 1.0422150935558836
354.39955792351225 140.3390712180792 10.0 0.3104792651057494 4.039387344392026
434.01631021671477 676.137290752619 10.0 2.42641264164279 0.7032085753131732
246.24853666857715 908.5679552104282 10.0 2.140589789311572 2.7995386810219256
59.826908740710614 247.95828554733157 10.0 1.6735255136645417 4.179441944770474
17.589571131689407 603.4454437101076 10.0 1.4981605944892882 2.71430702730641
97.92743541560655 573.5378716408271 10.0 0.4448835683383851 5.177180300191041
412.32750346359666 40.05129355254133 10.0 2.0693192907457787 4.976912203335804
291.30035061598625 848.5552710765019 10.0 0.7596859793460902 4.879220491793647
423.96544766494566 486.00574471478996 10.0 0.8305906771820106 3.653180339272379
20.181914420131285 925.0270399022539 10.0 1.4418446356039247 4.75052733563312
58.35017687587401 94.34714678292477 10.0 2.5588003248303015 2.587743575457489
166.8735286091999 756.1780801786483 10.0 3.087088927064694 3.863360606509791
62.756612722792035 923.8728134850456 10.0 1.6366989427160266 1.4990862603422703
236.93141628952435 336.97910927354155 10.0 0.3104935511776984 2.729932050350567
232.6395213787779 925.8496428939949 10.0 2.7359879296403564 4.302354289099013
410.5624653289994 644.2568800407066 10.0 1.8328812877680278 4.635056924213019
32.38068676942735 526.000448582664 10.0 1.9483760999235227 3.738682963985568
323.05455539949935 330.28328529251127 10.0 0.3694302160387957 0.7488766449801556
391.35937128264567 680.6726063911702 10.0 1.5171430251321856 4.7747369970083
498.06942205900486 173.74999034147766 10.0 0.42317977155200576 2.2687479470223755
161.67459145925494 536.0949248358941 10.0 0.16019223485168924 0.010512088073932899
482.62620257673177 542.0341980295542 10.0 2.384819161667184 2.197816297469884
348.847022748194 69.62926186327157 10.0 2.291938877443143 0.39979858332541174
357.6037802648792 368.6625699995378 10.0 2.346767366325943 2.266000891391482
351.8287292523471 341.9229226382011 10.0 2.272182844234301 6.247021500582739
422.59001614093455 399.8788266710919 10.0 1.8515042473703596 3.3088739755670087
73.64902801239076 238.8682493112493 10.0 1.126477752310474 6.076893550061063
478.9061076187318 714.221759103153 10.0 0.5883626385693596 3.503971732548968
389.02429259921007 832.2755641143862 10.0 0.8705732273975377 4.579525539457811
259.6340326670415 769.0197041963968 10.0 2.3870582113253143 0.16939290531866708
