500 1000 10.0 40
100
485.8200610662427 613.8656414623641 10.0 0.8904387415768795 3.5724098056016342
395.17120609540507 942.3210892583139 10.0 0.536174417158437 1.0185740744288514
413.81918954968006 824.9726499639829 10.0 1.4289414709844124 0.04869922526532066
121.46869842764497 487.8807196336794 10.0 2.5593736348712177 4.6743005982975285
293.2212487907324 503.0484028292889 10.0 1.1195067463915802 4.652113648747676
53.58726278812542 360.40864106892013 10.0 0.46149996084651307 0.8554922550042815
83.17965882457595 831.9190334003954 10.0 2.2437988345102506 0.9403238459566053
65.72612808281264 234.72826233112377 10.0 1.800770477673331 5.321031421729934
157.27587256459452 990.4174154728547 10.0 2.4860536834937075 1.4657930391770018
244.3395496316481 198.60841450437005 10.0 2.647394252276471 4.7011523957976955
133.1897648578374 295.77086916726034 10.0 1.6198725238533718 6.173264357018654
78.66232284128077 253.8476520651677 10.0 1.3743257871684913 4.496473644468258
217.53730555386457 188.35865295964538 10.0 2.6974190831077656 1.0891724056059107
18.941597596308757 691.9312955286648 10.0 2.1950835159807434 4.676587326080987
302.20358585314364 686.7452020547282 10.0 1.568283307503596 1.6472105225254288
201.20317159993638 98.16766200007343 10.0 2.668592070633919 2.255619597242781
173.49935102019475 191.89565815664244 10.0 0.18137486206137418 2.0518230283094376
262.3802490425031 988.2092035341387 10.0 1.017112855773044 2.412445865964314
320.4690901011962 769.4795688648195 10.0 1.368792077314497 1.5282656643108345
294.63294341162697 330.8655435294786 10.0 0.19846250781058886 2.4444922268058935
453.6789363140865 289.1694135083652 10.0 0.14467851258833136 3.4185214572740508
112.68657415235388 461.11390009262607 10.0 2.1670821315063 2.379435789388815
470.81235051977876 49.83982619602101 10.0 3.0454399997015473 4.033676718399638
133.01680874834892 137.21384934569537 10.0 2.2518810883015425 3.392142904065074
230.4018526183924 769.574195246793 10.0 1.0089434989669226 2.3105277257401706
288.7099718787107 745.8320591735371 10.0 0.6473619375190484 0.7272714223775235
120.02484405963627 69.38432351382274 10.0 1.1464977332604263 0.05913322794540976
28.82641303396327 909.083700515144 10.0 1.6760419241132447 4.531502768651148
30.291626123764182 829.5499852287763 10.0 0.4937364128605618 1.8579340408651162
76.09528777341978 997.39654667478 10.0 0.5399198684666472 4.189644925592055
470.9539067566863 47.48419053919739 10.0 2.38181590248958 0.09111884517707265
241.76864028218031 302.1041175803102 10.0 2.046429549402697 0.6747592984057407
190.46158396598312 76.03074749693862 10.0 0.9265469303387932 1.30874786896954
221.4631386846695 871.6740210252345 10.0 0.3407933790398354 0.5154038447425516
285.29636305701604 371.09999972534325 10.0 1.290151083318461 0.8644960533664076
420.8174439052331 265.4777956678356 10.0 0.25853463881475464 4.783957965930743
410.4099472871079 127.54935187503469 10.0 2.78405771082242 2.852231179590899
484.79334374057174 729.0086238907845 10.0 1.4760795284642603 2.9480500573210353
327.09517667776186 432.21461755817535 10.0 1.4718566403826323 1.721069278314804
329.4488750784002 544.4528989196483 10.0 2.5112620910832706 1.847460512799893
149.61812650908496 812.9984367926068 10.0 0.6018805939395956 0.5989727733458132
100.01145044311066 560.5221260623514 10.0 0.7295351485968631 2.2491487731984896
276.93930554309577 312.92226703230676 10.0 2.2763262878598733 4.695679774519416
104.07915592347561 155.45134363371082 10.0 2.9961992298281066 0.3666674388218657
120.85211078640268 468.0476956266778 10.0 1.6731112724064752 5.124774000912823
393.77838940006905 137.07022305213135 10.0 2.7101011495866785 5.33642757974263
366.8666378607406 818.1739726658736 10.0 2.7804691346921806 1.4714241437810835
295.70590554460443 333.8532050359363 10.0 2.261762332182859 2.382224715697923
129.1669702642399 829.217370493645 10.0 3.13305287849483 6.188970602820442
312.4833433766111 880.8549878486104 10.0 0.5230737939300165 0.31534277311275016
485.97009502068795 356.1791272838839 10.0 2.6378639892666964 0.611073610255774
444.75254499351627 454.4373445408205 10.0 0.8495734208438364 1.9954591455583468
6.614527021464644 25.607946040792417 10.0 1.2575369435611656 2.4324929782254276
107.43959597323227 959.6938012053283 10.0 1.6139418517555622 1.8421507077759498
6.706823085025404 166.46335193344186 10.0 1.3693891333170194 3.9585052721237823
439.11577313073803 424.47833945717616 10.0 1.1897894098123667 2.9602607989781413
392.65406431332167 168.28621460077554 10.0 3.129709672405862 0.6662904211688762
428.28361697510564 103.94430497797103 10.0 2.9663139603242907 4.030889293513832
81.91049149532314 395.58261167794706 10.0 0.8077163815827564 4.4667766901355845
405.4161320092371 49.49976729303429 10.0 0.4766241261200189 1.938340745195391
110.26630135651693 37.327392334115636 10.0 1.4053769776514689 0.45808441798088634
74.57724653708564 646.0857435882431 10.0 2.0477345125638395 1.1254952070660174
162.5068293827399 520.493564918525 10.0 2.841688565673584 2.31125195527198
383.4517847150754 871.6834199766182 10.0 1.227600880083426 3.391308535956719
387.77031700702474 366.5137408451155 10.0 1.7122984567221726 4.858153583152568
155.6129297755937 282.9565073500052 10.0 1.091886900074797 3.6804245218839933
485.932112633497 619.5801834955927 10.0 0.8897827811616331 4.730259624710403
33.85536037875186 980.935215403191 10.0 0.25662757806312386 0.13612348353728587
176.34377623319432 225.68920998346098 10.0 0.5816682505220362 3.857076854743931
408.4222215595146 60.647900009416 10.0 0.004795106817526832 3.1258884969899268
285.25491835939397 991.3366510211398 10.0 1.2309765760597535 0.16850461214137932
128.95395948949172 298.6068749852033 10.0 1.6139875973048219 4.386921239419614
313.2461427344819 0.7704222064737198 10.0 0.3055822321527364 2.8320649051851796
423.98728210332985 82.05424225779123 10.0 1.4569690937568311 0.9566319119353115
469.00095678356195 620.7064127818555 10.0 0.3655878253836906 4.112604842504018
76.83222638022436 833.8743581329595 10.0 1.6569672875311765 0.4779178595306712
280.7450751461932 471.4140059525942 10.0 2.6010258660114545 4.875693234687826
31.655568253456224 437.07911005150055 10.0 1.4579554124635692 5.154881078001978
21.680984266744087 993.0775634776153 10.0 1.6582956483096618 3.8311601410785054
228.5986192684107 412.7720478374224 10.0 1.2289927308466062 4.621357309261079
310.74598820378515 486.3399576511306 10.0 1.5007365538507542 0.4141118242252066
91.75761988494929 855.4979387069026 10.0 1.5416096172568727 3.272241405763335
375.0219278592644 755.9344908389413 10.0 0.5775058130285273 6.222872142015289
218.85476236872054 379.8836186777307 10.0 2.535773461871514 2.3642384621446624
85.12462612982475 736.3114570513678 10.0 2.174476314625367 4.9554366405771555
446.428004738509 582.4768214069633 10.0 0.15058906725751678 3.276729189254323
499.9010909935237 728.1656484635669 10.0 2.9337115025087463 3.4187508547319196
89.36789870401141 772.688804942467 10.0 1.714028582597967 5.646455778172274
281.7628829368935 124.77084529839155 10.0 1.278067155036829 3.5966513816693455
278.62933601610945 976.7474648666552 10.0 2.4899742648181746 0.7932694591705822
468.98342169057173 757.02777824707 10.0 2.2894207476266875 3.793262653711225
445.94657399976967 468.56667236170415 10.0 0.6547394014695335 0.12409177540674932
216.28767220605204 236.13178810737213 10.0 2.6576149687012958 0.20936024299441022
129.37947076867124 331.4386225321043 10.0 0.15533304441585238 1.5429594044790562
240.06204072114124 922.7662024279657 10.0 2.9344498823782734 5.862304001470084
398.519272265241 804.4550134702196 10.0 1.9526137123832747 5.810935907890664
329.51293202254146 401.72791460894797 10.0 0.8646811055011475 4.799977272972164
323.1817959435197 417.5635657292261 10.0 0.645839693379005 1.591722339167092
410.10177267611306 590.8914311164168 10.0 2.032783760084735 6.174190995299162
34.41637931557074 169.1660081629096 10.0 1.1189281164140974 2.8524154125382237
