1000 1000 50 10.0
150
700.007986433539 460.92036917836765  10.0
586.0564332376636 751.319655585321  10.0
465.91325436564455 339.6697318455156  10.0
797.7300418061233 370.6136266971425  10.0
909.9017289375671 787.3997639450797  10.0
349.06820034861306 761.7676335303324  10.0
140.88151719862063 238.3240992045428  10.0
511.4517062170203 281.1179070880573  10.0
311.6628640156767 162.9021744690172  10.0
47.68744579469508 66.68463411944924  10.0
503.1232254418225 55.27307788312308  10.0
910.9591980438998 428.91151414110175  10.0
232.39670829707515 445.6920497964526  10.0
575.3859210060754 476.7500171157881  10.0
155.18683580425673 251.47644033951366  10.0
494.55702135600376 800.8965700417058  10.0
80.15294132169703 804.3823203436586  10.0
247.88850028419097 201.02925524032156  10.0
242.42236573250864 447.99716969535916  10.0
779.3723921049774 640.1803197249311  10.0
893.6319213007067 685.6475928804825  10.0
759.266995271162 836.9193404879458  10.0
657.5036500547549 477.48559372498323  10.0
506.50292487792 164.81106790318722  10.0
772.8117778115457 434.8307026283278  10.0
98.05592324254731 818.6514657757168  10.0
299.69894743055136 340.5096055253428  10.0
261.2645117749913 528.2738364733257  10.0
600.6516925969239 635.8484140872145  10.0
396.0464944156416 453.2566813369898  10.0
924.0463601703082 258.13753175376377  10.0
606.1955189053863 275.653075256643  10.0
716.0285267983024 486.80266197832634  10.0
932.4150275861613 922.901719116609  10.0
365.5904304055182 262.1794530866421  10.0
74.47354893007152 799.3676318845627  10.0
448.06234735429837 777.7038168207104  10.0
765.8421710442271 882.5002151943028  10.0
173.83580247894326 14.49363464377884  10.0
621.40106650845 548.3852020248205  10.0
671.9874371998538 286.71174813034673  10.0
717.2790412249385 531.5063819304006  10.0
942.5746349107922 796.7641019995285  10.0
381.61617233025123 994.8215924207914  10.0
796.7249454936286 661.30132622245  10.0
676.0165740880643 288.7968888522494  10.0
870.243525150224 862.1555511388539  10.0
829.6845916218143 611.8318167731071  10.0
844.3135315414582 100.75861989295676  10.0
451.71440284782284 449.5474749842242  10.0
335.9669061396916 590.2522016741735  10.0
691.7295278865101 366.6987667181355  10.0
531.3540170823077 406.41363374793406  10.0
645.0454303874005 453.01032731119096  10.0
526.44217871256 136.68628249219063  10.0
205.75496348073096 483.025919138926  10.0
512.6246613748815 216.01635654692996  10.0
259.61235782512216 640.0986959242522  10.0
398.8238294241586 518.8630050157548  10.0
578.3194377648066 475.9403659555759  10.0
197.0228129810011 488.66200158190173  10.0
27.792434424469104 629.6848326927009  10.0
514.7621778163102 329.18770579936154  10.0
735.2159961889803 714.2122625521713  10.0
795.9897687507477 556.6718155769687  10.0
673.1666679631144 692.5175824499779  10.0
530.7529968871166 517.2018422799869  10.0
713.8146928532948 13.19710764712989  10.0
514.5745864548974 310.8358065172049  10.0
582.189932116528 751.6658103951081  10.0
379.9547161990697 932.034037491926  10.0
294.7240626078397 12.506883708872651  10.0
45.293376095848714 335.4233571097883  10.0
607.7576809800959 888.3940468514736  10.0
430.62896710952725 566.5719262447553  10.0
720.42760995608 342.3167165928105  10.0
774.9402857291404 59.36837975952214  10.0
977.3262958811752 482.3764064245305  10.0
156.36091878630242 694.7619298956635  10.0
598.5516935748188 832.2126737196425  10.0
364.506326847153 240.0348232998528  10.0
528.2425883405145 365.15515524974717  10.0
103.21573818711305 343.4423024333376  10.0
337.42095057105917 266.4877394505598  10.0
612.3624116192844 345.969150108501  10.0
742.9392384653001 615.7502739450111  10.0
188.9872575871887 790.1164334436195  10.0
711.5576169375756 439.79138581367647  10.0
760.8627693919327 655.0457354098576  10.0
306.6520130082241 877.326009979174  10.0
619.6952200866854 28.07216045604899  10.0
404.7809404815271 517.0396654785743  10.0
656.5251072919982 134.41182974500322  10.0
160.31544551728584 323.8208192250472  10.0
958.4872835397537 390.25353234912654  10.0
628.5629458303721 951.4917294210181  10.0
423.9434960727202 418.6377607400249  10.0
271.2927259531788 655.447070388125  10.0
132.10208628168562 773.2913500081205  10.0
163.29672543767515 464.89909267770304  10.0
563.5906217170472 452.4791716156761  10.0
594.5965492541959 751.966457593933  10.0
410.0495327442426 153.0986502417654  10.0
420.1336726552615 843.6338561068942  10.0
633.6653317832861 614.6573376475042  10.0
947.2567223795695 862.64762148515  10.0
641.6647587977833 333.4371983813571  10.0
371.04582334372503 554.7023491158501  10.0
926.1418413367514 389.0636502143391  10.0
768.4912122559566 461.81221468404243  10.0
286.19171884345576 118.86166965865463  10.0
444.7693719104594 435.55000639012087  10.0
797.1769372340917 899.7947641296777  10.0
988.3364863120472 148.87548728826528  10.0
21.052891746977444 353.44736871925375  10.0
736.2860721396014 961.5643235652216  10.0
562.0312103278849 876.4246096525691  10.0
477.3936417614927 221.78771021195732  10.0
963.461219000619 516.7079811033287  10.0
127.49817892112335 845.1814590066119  10.0
114.66084062269898 865.9193103871208  10.0
800.3465254964195 802.7830112290839  10.0
790.5307200508522 818.1093476114394  10.0
166.75370829868973 970.5034532983542  10.0
682.1358829938207 757.6016033480003  10.0
245.90812468488787 645.3411294176668  10.0
293.0416821114409 981.5859267506526  10.0
804.877977417317 917.3316559581201  10.0
374.0416604562341 937.5706757411808  10.0
355.851198966563 1.2693259635337961  10.0
148.01705566394884 161.46576481532182  10.0
335.367702601554 578.5230702086005  10.0
437.0190561328623 638.9839476820838  10.0
425.7799931335021 176.80968135073917  10.0
945.2660498229949 681.21046743442  10.0
136.4039524213494 624.5756598084025  10.0
374.6005567788105 304.60673775210734  10.0
700.2986361118756 656.678860435098  10.0
753.0512532944192 536.3763125147367  10.0
62.340330833868364 819.3489189905563  10.0
342.497593141467 28.036541781367276  10.0
235.23283416352925 924.9461193203717  10.0
758.0356699844665 853.2029611589275  10.0
582.3222476741714 440.825861270425  10.0
479.4960970684236 390.0074966801926  10.0
649.561157027199 361.655987333029  10.0
764.6655703050562 744.2356457174113  10.0
13.694076266113186 310.8229442379774  10.0
84.11596220410355 256.1820055763628  10.0
239.71183201428892 844.1017332912528  10.0
