1000 1000 2 10.0
150
421.2567353834584 35.33799756675027  10.0
782.1303871311219 120.34807970114059  10.0
560.5687677511742 458.9705356457783  10.0
443.49624778708505 585.2889591859787  10.0
664.2422144556722 412.096539390143  10.0
636.6330504066871 841.946278356537  10.0
768.8425074660387 27.88778026007965  10.0
36.07163239241451 8.860959116514744  10.0
857.3809120924238 504.6263418037128  10.0
481.6693034479722 680.4151347106651  10.0
519.987863852575 487.8413960547846  10.0
560.8191491430807 202.32582453880278  10.0
331.9945443028064 345.2464026693548  10.0
503.5419571266616 778.797008748343  10.0
601.5528451987581 261.26497619336266  10.0
281.35996642693704 658.9189611217123  10.0
311.7752293136481 727.3477485178141  10.0
489.32911985321715 439.94354528850386  10.0
536.4778418201399 184.9468424625006  10.0
60.332357192136584 346.3521543130735  10.0
343.96178347600926 289.9281893640657  10.0
111.71327076938964 196.17295153829696  10.0
219.86869614120897 510.3666566692481  10.0
256.5561566487945 649.792594136021  10.0
337.99880527828697 544.0823570588116  10.0
525.3948958452313 251.54695510086867  10.0
587.0808080321369 347.9407790227245  10.0
638.8596225703016 720.6643421359033  10.0
121.83483035325693 407.8538842237902  10.0
747.7468403140967 925.6736559406207  10.0
348.2706868107526 246.5824948032489  10.0
914.2252334700337 985.1791189458733  10.0
676.0161719172172 65.85539245099037  10.0
546.3656091102226 977.9424597327131  10.0
74.57076899843184 849.9835621725932  10.0
717.9106209277849 816.501968461217  10.0
455.7320962292112 220.06299035127142  10.0
806.1758506987601 941.0974625627953  10.0
171.0442485158725 821.023045966024  10.0
163.20074665857896 624.4588335527299  10.0
460.96811887184975 48.191181100478595  10.0
598.7444124250428 843.0553477438657  10.0
521.5759097707942 475.7099722762228  10.0
298.44778136850726 866.691487550491  10.0
964.9233918166742 436.0546938040426  10.0
426.46009101425466 945.8743509807607  10.0
840.8550323207007 818.0658804284573  10.0
69.05474383618105 735.166878780081  10.0
60.8485274913243 300.32329479034405  10.0
364.2352502814418 380.78010878000725  10.0
18.607199478351543 917.353531485612  10.0
632.0593647150298 521.9463696355004  10.0
437.4600309771314 68.07608570325164  10.0
71.38577986032612 808.1551176988984  10.0
991.2305505518553 819.0581106527729  10.0
120.97407703283957 918.1215921947097  10.0
43.08772380730241 629.5610539314704  10.0
896.3455148567944 481.39765658442946  10.0
925.99324203181 431.02704115893954  10.0
208.53884375292287 749.8232735799724  10.0
548.7112336367663 330.5668218293638  10.0
546.871344366363 343.5566535267914  10.0
752.9481715074616 76.17490344775646  10.0
65.04271692273356 905.2087472405449  10.0
770.0419854079142 820.8121591012139  10.0
48.395225619042634 35.64875945999335  10.0
329.72124533656734 653.1593313856741  10.0
559.8704736958686 456.334808833699  10.0
458.8067608327242 824.7599589344172  10.0
963.1796222635425 945.5636258465728  10.0
774.3293258073238 596.4344612758189  10.0
803.9306484363651 229.82229598329275  10.0
123.3892543649202 151.2617414424856  10.0
92.9322035746294 676.4639240504467  10.0
751.184414488525 77.08820026675511  10.0
380.6211497290416 330.2180894669793  10.0
788.9857148343988 508.4389603202541  10.0
137.53634544732353 563.5862900993765  10.0
745.4398722301859 135.86910763345384  10.0
862.988714449566 369.96135469552496  10.0
857.4311381704761 940.2074817459686  10.0
32.55364994135612 118.34923325220137  10.0
610.8354634787945 689.8098037201653  10.0
464.7384994767081 409.8599520033236  10.0
476.85180981354534 950.8511463542078  10.0
938.1546293588 528.6746167554065  10.0
926.1968689072364 603.8526627696051  10.0
922.7499067382679 863.9833056223564  10.0
81.30120613408064 634.0511483927598  10.0
102.13391317932785 594.4286225443093  10.0
945.7464912764564 268.8841307334464  10.0
958.7552029434573 872.8781739487464  10.0
10.534613874321973 372.7771205356685  10.0
69.6660567807853 726.8886816135616  10.0
178.38141459573708 377.5841618960066  10.0
917.8367838240674 899.0132309945453  10.0
370.07945457983647 926.4462486836328  10.0
962.4585263363714 891.1424382744439  10.0
881.074991321376 839.4967205253492  10.0
431.39966658894014 548.3590729972568  10.0
541.7571871263509 971.7567448082344  10.0
799.9577078481134 620.3252225730656  10.0
1.557984715862104 26.727729624981045  10.0
202.27523177742924 872.0095973326343  10.0
4.813067503893986 413.60195001711065  10.0
85.26452215850921 480.60206183404983  10.0
355.43615088926595 791.6767482764899  10.0
259.61276096346984 651.7512559445513  10.0
377.81007854789914 32.47113512622457  10.0
128.41566526338056 615.8005491416193  10.0
72.89970335720919 948.2086180852766  10.0
281.2144562198113 423.4861974927077  10.0
841.4434056368536 284.743412477385  10.0
829.6869142067764 250.60097970227312  10.0
600.1815222853825 157.67124846101177  10.0
830.9710018840944 242.4157184755804  10.0
352.431331461889 322.2809827493585  10.0
895.5745998373557 281.1896631190427  10.0
790.9201398508459 411.1657886955544  10.0
609.0530937660087 443.8902833985446  10.0
308.63929096635025 547.7280336431772  10.0
710.1115153437385 332.2820087860247  10.0
872.5837156895693 549.4756471426084  10.0
62.5158547761766 903.8321095614788  10.0
575.5928925055098 271.92122361734494  10.0
334.17368222321784 909.4215085000211  10.0
323.1112499272828 512.060329790367  10.0
953.9718228863237 552.6370161200346  10.0
34.53648986227409 289.8184326319904  10.0
355.4339520286769 525.4607292102453  10.0
942.9274936322569 256.5205361796825  10.0
735.9893186426725 146.46127222456462  10.0
62.1932825324012 441.35175033057516  10.0
561.618828295204 930.1307603778873  10.0
657.4874689109527 539.940566915399  10.0
828.8719899008248 549.80015134147  10.0
602.3834469586907 473.6111228478862  10.0
659.7249265755045 821.6052661194022  10.0
835.5071404415496 3.5146669878968195  10.0
149.4758865186584 33.264083023151755  10.0
739.6563729852134 770.764591420013  10.0
513.8509726978598 668.9655046489285  10.0
158.03629222732374 251.8630536786841  10.0
488.72060028298023 340.4589378679753  10.0
935.0933070453633 768.121923964653  10.0
624.3018540332852 524.4723087315062  10.0
323.53000980385013 868.4442905199888  10.0
585.4503981233652 527.8764486951421  10.0
334.4366328169953 116.74720772899605  10.0
820.6208548536331 954.5515461246962  10.0
