1000 1000 50 10.0
2000
91.27076711112858 925.9295106627433  10.0
138.25045142337856 261.4538686593908  10.0
770.9277049902113 962.9967919589427  10.0
321.8555771036706 894.1750408118596  10.0
351.1402223625668 566.7763673563032  10.0
739.1082662063186 511.3753873508283  10.0
649.305005963031 173.34935301615505  10.0
525.7602435784892 726.0081022325394  10.0
543.2232268532146 140.09653755210104  10.0
134.08906532880638 229.63882480196617  10.0
809.492562405668 748.0092544312611  10.0
678.6340749391152 865.9011097643464  10.0
69.55101845488143 95.80865456220755  10.0
951.61078555448 397.65534942636026  10.0
455.9516655012326 409.8297771113083  10.0
451.54049556143303 492.2961076885245  10.0
643.6744870838116 177.41586169965996  10.0
66.4829105087219 224.06614138808834  10.0
704.7575670137325 426.6071727794295  10.0
632.361145996694 697.9001894285699  10.0
839.2567522320348 421.19799203162734  10.0
447.22042533778625 236.23495325814147  10.0
411.519423224565 17.77414027071389  10.0
963.8628853796114 938.3863899938285  10.0
877.9845163239876 940.1328619976463  10.0
306.1529371220333 321.5089288322002  10.0
131.19729304236105 266.5254595807712  10.0
958.38846378437 182.81581201989226  10.0
504.4546285913072 496.4527564236245  10.0
962.4858176253018 784.6535164279475  10.0
182.47217235631607 666.2818705109164  10.0
224.3268363541331 957.1871588627215  10.0
45.69197005845715 116.74237990270275  10.0
78.46891738556272 737.8682256761989  10.0
39.325706079528565 680.3987037117033  10.0
89.51958649325131 722.5198966321925  10.0
2.9548037594434584 253.48467244863727  10.0
178.82964067365893 389.78889276064757  10.0
522.4855525019011 944.0253882216397  10.0
556.7596162122718 278.8775389969623  10.0
773.4841850660152 246.96053342479385  10.0
613.6264295141746 49.883255274564384  10.0
513.3926465183534 987.0220378290055  10.0
876.5384293539178 136.73694137022275  10.0
349.8533303784546 91.40882930267746  10.0
374.67873849008373 914.6457475184178  10.0
163.3467759361583 606.8393819146388  10.0
272.1980689325929 47.11009085765616  10.0
94.57336769599223 759.3529304187599  10.0
425.7301669234084 951.997877822493  10.0
820.4866056684382 270.268429368127  10.0
602.6442205800914 131.8246287544528  10.0
937.6117025940816 587.9999809201793  10.0
456.5004948774116 450.30031478531276  10.0
147.26043735776594 172.9659747730744  10.0
997.7765358794915 305.3693312023789  10.0
594.4791623552474 481.6191247163302  10.0
220.78338643010252 48.383274979941774  10.0
151.04386158864935 835.662193892853  10.0
751.792486414234 929.7105985292449  10.0
652.5423380452539 933.8051225949177  10.0
868.7454992139965 313.0010186440069  10.0
100.56073179387204 365.956564312376  10.0
9.521048183525615 893.4867227741431  10.0
623.2172351272499 123.53326294452881  10.0
933.5836966166853 180.11694904796883  10.0
550.7635797605685 764.608648839947  10.0
30.942355847713987 556.9854102260988  10.0
307.7004363387927 588.9122620126121  10.0
882.6963624074798 826.4256361475406  10.0
948.8297900822978 905.2294634346615  10.0
69.04975311464356 254.31175316259925  10.0
73.8943121075043 232.54097418453856  10.0
393.525059699262 787.517820630531  10.0
543.9295864077676 66.28018333024966  10.0
146.21019246612553 294.1518370429997  10.0
892.1820873494928 662.3754964539203  10.0
764.2229139904218 389.09469661226603  10.0
573.4224374051154 144.2841400888387  10.0
264.17961170120697 650.5393338054661  10.0
227.7094563884804 122.01264403205381  10.0
119.30595474543438 807.6378643659967  10.0
948.1378682371751 927.1584683747506  10.0
832.9292926494359 785.030349478836  10.0
136.82860699383903 514.29629931028  10.0
320.44351958746995 326.9409905721217  10.0
909.3969799928303 56.571586149809946  10.0
353.4393899465519 291.6934669761292  10.0
165.36139742953625 272.1527079806729  10.0
742.5440673203022 606.9096345278602  10.0
380.4308938378802 558.2328894320234  10.0
639.6160897112181 306.3209451850816  10.0
896.3371675325839 80.56105316549721  10.0
325.29274972206645 31.03537465875228  10.0
984.8525191880689 69.0208080661998  10.0
114.48869777392856 871.267173306827  10.0
244.86241200073079 703.56544841607  10.0
560.2968126566509 448.9503435963309  10.0
954.8376913043489 139.85538758153527  10.0
965.8424094915537 697.3211238690656  10.0
847.7775957423145 420.23483689366293  10.0
323.9951987970162 880.468879858053  10.0
401.6721595694176 243.22189376202218  10.0
196.44364939452487 14.01850848406816  10.0
145.75816810466137 823.4767960320444  10.0
716.4885193637712 997.5219797107364  10.0
671.320434592693 364.25137403670584  10.0
854.0139338657945 449.80019351334334  10.0
5.515495418203731 985.6115636309469  10.0
316.44571501923815 450.3911156925593  10.0
757.672848742897 304.2648585801634  10.0
976.1083478864509 133.42310870053765  10.0
979.7540459663865 244.61263485734875  10.0
512.2436105732384 354.6478131800278  10.0
996.1272629385101 75.68693406455318  10.0
35.05519254415268 458.0297365478172  10.0
552.5415675480735 114.92016414746308  10.0
819.4956612890879 505.2047095593585  10.0
510.1612304028771 17.235290997221874  10.0
918.112946493324 199.2826911687855  10.0
967.7475114083394 76.73314150671939  10.0
345.12607309429444 133.88509088571067  10.0
133.5513258857135 508.29241716947325  10.0
728.0005243685724 928.9703924367976  10.0
488.207225015319 247.6871657964943  10.0
808.1456168361857 276.9162655112657  10.0
780.8956969269512 411.36568797319694  10.0
938.9577576512314 915.4900982925645  10.0
183.26690668868173 190.82344922874938  10.0
777.2852816340576 68.75401543474923  10.0
489.0959719699654 621.5420782650269  10.0
693.4914029876552 952.6148896257798  10.0
592.3665092812736 362.75558508469163  10.0
35.64424393026611 528.6433730946829  10.0
602.4549916820564 351.843575171373  10.0
274.9638195260056 807.9502968999498  10.0
862.3163831316172 955.9405994977038  10.0
232.50796201572254 656.3228824025749  10.0
824.0464163328407 33.39009020870054  10.0
41.18000024976875 232.48733429851788  10.0
205.92401847437202 138.95985819176394  10.0
232.49335691995532 903.2779270144648  10.0
106.01268303900513 959.2754211211812  10.0
354.1294208719087 722.6578317271403  10.0
779.627132011854 948.7167885998564  10.0
822.1764349557831 335.949636436518  10.0
601.4473731766599 51.062875545574094  10.0
291.0390096660814 476.298644185685  10.0
327.7893907784959 338.4571745181085  10.0
684.3594245674702 57.305750175209226  10.0
150.51818809826244 376.8070531291944  10.0
171.89318770875883 233.93051708610668  10.0
191.31489134147773 135.51860374054436  10.0
800.1331180485348 703.1794364377314  10.0
23.487182051213694 299.5074072836116  10.0
188.57772249294092 946.7584478000875  10.0
528.2378886350823 912.7150418970282  10.0
688.8910362926664 79.78243814258568  10.0
893.2838916415545 384.90035887141704  10.0
670.8031432216269 462.7992251550506  10.0
843.9436466028467 27.262926674773592  10.0
146.45132321076017 258.79877371398965  10.0
260.28813739973566 447.4960821975994  10.0
773.9643042795343 672.5429499095314  10.0
178.67716571538594 331.15512072443886  10.0
391.44292092229813 696.465357969478  10.0
801.9785465738195 363.7660277977142  10.0
624.0922251708453 805.5541508712895  10.0
549.9955179769285 306.8886778469312  10.0
780.1121633220835 193.0455396063343  10.0
370.1029245065757 531.3876823739957  10.0
205.05442834302013 819.4193518432098  10.0
497.8204327297291 632.4531556427121  10.0
499.7059591509486 759.102047256099  10.0
608.0269633060853 103.45269742682284  10.0
523.1600298443288 72.4470393365031  10.0
829.7471246397224 429.48506414127485  10.0
900.5879331394414 704.9755566796274  10.0
410.91739281457217 376.5445963600432  10.0
834.3260054008139 721.5262380357426  10.0
914.2657911057429 698.4954145605876  10.0
377.24368890252833 519.874827179563  10.0
701.4158465182401 961.5923927732431  10.0
968.9605962876946 536.5500388360169  10.0
119.55192693786753 695.076009868236  10.0
958.3315249014175 356.98528290436917  10.0
243.45968896386506 616.4063222688887  10.0
39.72029993266779 72.81041309660874  10.0
245.48180159082312 250.99116562257663  10.0
15.934774601120584 191.00151773420825  10.0
466.906084775502 868.8019981356829  10.0
67.29670019875556 392.77039716115735  10.0
46.52909033581787 294.0607933382782  10.0
754.1721393927587 964.4906962803611  10.0
525.6154887818295 809.21915598316  10.0
309.38924700803204 778.6199435358102  10.0
193.19936973519026 70.74142309585463  10.0
387.3220289470404 289.4925755576324  10.0
61.65099380968597 681.7412455347988  10.0
328.02032221026354 127.02175374332202  10.0
269.6582676375601 825.3110156831787  10.0
167.61744893126829 520.762620672536  10.0
398.2494846863206 152.42223582035442  10.0
80.34897702927691 967.4533221893814  10.0
655.2098066945186 939.5641484391599  10.0
672.8674731080464 267.0644680779292  10.0
134.22111696229877 383.826735512492  10.0
568.1392682091587 295.5513943004118  10.0
387.28099238686553 786.9237454625444  10.0
14.061653483529168 656.9180234723746  10.0
362.43324026094103 294.6897722966864  10.0
831.0396899518072 662.8650906208718  10.0
353.56917711084714 804.8753924636343  10.0
873.1136662937034 925.2092169268986  10.0
985.0350686993974 633.6023702723705  10.0
318.8300683521962 214.42404169033148  10.0
411.0080501467289 539.6309061107842  10.0
530.9001377146151 137.06791838426392  10.0
848.0792108366531 745.6294704399727  10.0
927.7916629142321 615.5275842226731  10.0
279.20894152234945 666.926922477992  10.0
295.7514462739278 115.42020747677917  10.0
668.1966521662139 160.76592348989593  10.0
236.35734104246353 59.16159437569269  10.0
306.03325234108456 242.86509248905386  10.0
992.5501403759231 888.6211208281518  10.0
973.9809673326392 383.1373607183946  10.0
725.197592444266 795.4488819735794  10.0
452.95272193861183 688.7000289442108  10.0
422.59373066442663 224.57428685224423  10.0
534.7383774414121 509.85185855092317  10.0
16.89901836976282 874.5394457990685  10.0
97.85333698732191 263.48130245211377  10.0
954.3777564060902 67.74457866482098  10.0
999.2598096209259 558.4087331113302  10.0
420.3911445804912 44.34716201825528  10.0
502.9394662528994 28.45551909432642  10.0
655.455639749353 945.4700982635982  10.0
717.2710303136919 631.5705963843097  10.0
315.27821532581765 994.5386917648052  10.0
45.394271991077815 557.1352018282856  10.0
625.531264294418 659.9797641537164  10.0
966.2174937432883 298.6053307844525  10.0
161.23180976752883 388.1811724959684  10.0
558.4527805234135 894.9400688716835  10.0
440.940903588273 832.5226740129137  10.0
56.03961195570384 821.8036591938879  10.0
167.6010200879896 372.45487402790246  10.0
380.5437151341509 522.3176322398685  10.0
870.6805030353189 116.01547732061857  10.0
34.59527414611241 107.17894493012147  10.0
908.3959060624261 509.83700388310336  10.0
960.1565110799249 325.2487618332911  10.0
274.13451615454153 142.61422011788494  10.0
966.3854632307625 508.25544259844037  10.0
417.8008535720131 321.16292481383556  10.0
114.08963820611417 827.04508609253  10.0
340.66276806036433 522.6166360520642  10.0
7.239238581473462 861.8510754969458  10.0
551.3739318179368 881.9711404977122  10.0
286.7365541040439 185.3438522661821  10.0
81.20148004289629 461.10124901559055  10.0
747.6147151933859 384.7610722872967  10.0
648.0886904485956 163.53817070828802  10.0
408.0654356545944 708.2068714399904  10.0
232.03468225555036 808.7096415123859  10.0
547.1717643110738 310.24888877651  10.0
778.3741411828235 60.00964960507227  10.0
197.9490491453163 893.2298642764904  10.0
480.89212603400597 612.97788898281  10.0
833.272983827278 393.250382444452  10.0
113.30995373716468 293.0338205998888  10.0
14.501033466478352 243.56806520374874  10.0
175.53051145035803 486.62374518866125  10.0
586.0693414822049 663.1975687048188  10.0
200.13232006744042 635.303768894572  10.0
594.0746212970223 364.78484058672666  10.0
424.95334441430145 359.19545222928275  10.0
482.8261823608815 53.36842572314193  10.0
179.20734536928518 144.4146023998274  10.0
280.5804080619786 96.42906686113551  10.0
753.426708311772 428.4887677408613  10.0
424.14659231237505 785.668666997682  10.0
227.62785943214504 348.4416911622482  10.0
591.7790520112845 682.2479571080917  10.0
717.4462719434731 378.13825421332695  10.0
414.74769702966273 639.7520006808119  10.0
764.5900523060016 574.6466155935716  10.0
220.20534383820578 232.94125341279036  10.0
145.81255798338688 177.78908770081182  10.0
21.446597841314528 485.38495130894455  10.0
203.70610354679542 862.7164940449101  10.0
816.380043277363 985.3632574186688  10.0
912.9701289958292 32.25575123504576  10.0
881.0118890322242 706.962576654092  10.0
287.40918664807157 153.9435113833969  10.0
151.96533250469923 112.07883248711592  10.0
405.7673054492107 296.07377336009597  10.0
980.5373608870038 399.08132672846466  10.0
288.6069061661095 697.7504755761721  10.0
510.5204551427424 85.1796934120076  10.0
93.79243784351476 419.8508100426044  10.0
682.9936619099241 462.0752956988107  10.0
614.739526794321 866.9688588606983  10.0
403.5138153765916 848.2671245497023  10.0
863.4432505321067 244.82314841954346  10.0
720.614651074884 976.42206158784  10.0
599.3993871703047 823.2756347940746  10.0
959.247472684633 300.50753917132675  10.0
25.88522720081898 212.02431061725412  10.0
628.7743700214861 484.9244613769812  10.0
516.6673584824391 724.1948387691117  10.0
582.3506717678611 846.6669389415987  10.0
159.055414023899 302.4713965195323  10.0
343.01098607109026 61.574369727945275  10.0
103.32306103437139 413.0705134671276  10.0
731.4983357312323 17.030783188563326  10.0
193.86790103240426 774.7759852795568  10.0
931.8540159585328 296.00505990534344  10.0
124.08472118602198 783.4170189892894  10.0
913.0109609352497 411.1151853074615  10.0
404.7772012524392 16.585554828393857  10.0
688.1109650865455 572.4380288533166  10.0
765.0351508614666 259.0530934649773  10.0
237.99213214384906 469.07602791949023  10.0
214.85587010520746 76.26151646855051  10.0
51.269684747981884 272.03070854623365  10.0
890.389888504508 81.42568113190451  10.0
140.65983561646377 824.7219066780946  10.0
975.5423834605958 691.2006955232429  10.0
83.67278328856109 777.5314149529918  10.0
447.7640805298453 345.5301744567837  10.0
105.52788562788828 244.03751669529294  10.0
131.2158478042622 879.2057814351473  10.0
473.1201179837542 409.14760655768777  10.0
557.0939558861384 975.8329904337294  10.0
501.0937687236856 403.12338403009375  10.0
428.75344915123515 409.31148142774845  10.0
284.5559643728458 670.5337516221317  10.0
68.36940572365269 83.6028221553824  10.0
867.688930622116 9.458429551635783  10.0
82.22716201193336 718.4725344224076  10.0
933.4966737569551 433.8051220021282  10.0
623.333885861227 397.05685087239374  10.0
257.14810064297745 20.39155819175431  10.0
52.89594541857867 90.51970092607387  10.0
103.85548265927902 942.4836115373242  10.0
506.30777406564243 705.7281776798692  10.0
471.95350721097805 962.7684256234761  10.0
854.6493885243653 163.79017615540215  10.0
582.820486120014 761.2821873991888  10.0
819.2916159049706 510.46066318886176  10.0
301.5106463692587 607.5997616446625  10.0
545.0594127629695 83.838385650014  10.0
235.4419990399652 51.63360303034747  10.0
766.505279430271 320.4374566732571  10.0
103.21152390591071 503.6774544573681  10.0
812.1962091475996 867.6338416086588  10.0
591.5858315353623 801.8703014348026  10.0
83.51953440360272 288.6494999076872  10.0
325.9417722587863 124.04455905529355  10.0
317.3642949908545 795.6518925411415  10.0
767.9083672417612 890.9613535190994  10.0
896.1360539749761 127.21019032926728  10.0
823.687823571767 629.2257542848703  10.0
703.9155913309057 898.2637836994564  10.0
697.5098885731651 114.71263753765015  10.0
544.1721980640216 493.9225259916955  10.0
56.90054751836882 501.12400201042027  10.0
932.295114772629 852.8324494768589  10.0
889.9224923596636 553.3368419497577  10.0
155.30701593325148 291.50482008696446  10.0
529.271378803656 551.4902533238934  10.0
851.4760881716531 857.919881543607  10.0
194.08852577965663 909.2992816747114  10.0
4.144208810505701 570.8815831747029  10.0
57.57726100395677 58.87199248253061  10.0
166.94017562866125 301.0127993819113  10.0
286.986265989576 694.3457449740465  10.0
941.6490041375176 979.9453554205937  10.0
722.2508861407694 37.94705373302265  10.0
215.35959406784733 286.17248934056704  10.0
860.5585125968519 394.6189495432109  10.0
430.11443643303073 949.196154039113  10.0
596.3320574594494 895.1489859932487  10.0
206.13708253834395 338.0151886945164  10.0
729.6009430389017 992.7693109516658  10.0
968.8140385014668 55.66450450654992  10.0
600.4567516666178 974.4901844833306  10.0
839.9600270271113 848.4295141291682  10.0
333.2659521679585 475.9668627839867  10.0
945.4964603273189 256.52445996923024  10.0
81.54002847184461 747.4889227160536  10.0
464.52493798893744 82.43658842840418  10.0
352.83863983999885 208.72020298434367  10.0
198.8789225287204 933.8028530843878  10.0
962.809043312581 651.1067498075495  10.0
177.58864543726605 809.5997894691918  10.0
418.4408987755847 299.4087916668676  10.0
827.2952526783629 941.5908643436412  10.0
562.8423632619614 827.6023641665521  10.0
537.5024609555672 877.3900360720568  10.0
127.32008022636754 339.4348846762141  10.0
28.655061187927267 97.16444168915895  10.0
431.27192395483314 270.20815285163746  10.0
791.3853361968387 292.9126332900791  10.0
846.3782567702917 143.90143561141022  10.0
6.870125439163988 807.4195139114439  10.0
798.8038051798933 128.53594723901563  10.0
781.0925727047586 629.4025379094046  10.0
21.598656626794277 372.7219749258165  10.0
229.90445690140183 772.0285102870779  10.0
489.2141555227113 177.61771490370626  10.0
937.1362094816251 823.893642060841  10.0
967.0250131435562 161.069059586609  10.0
574.6039038517841 954.7242258029004  10.0
390.9764064546124 704.4880736327946  10.0
20.71312904654199 682.4688388579816  10.0
355.9507540233894 138.0671007409372  10.0
143.46209971413748 264.1174922709046  10.0
836.1760689992982 316.2143698253408  10.0
523.9975523013701 659.4967883363934  10.0
886.9735876783019 462.6363640378396  10.0
788.4783786647741 635.4546425262567  10.0
484.36951414249995 423.28079741570536  10.0
888.8538362880328 727.2617378273764  10.0
847.572239915969 755.3937786897179  10.0
627.2645206751976 454.7213248702682  10.0
559.0425756311251 402.2328136649258  10.0
954.1259396808903 402.3927695262526  10.0
547.8614273368755 55.51752128580756  10.0
86.55602959639819 516.4986176978283  10.0
534.3259053184146 691.4880075819412  10.0
291.65968616461157 245.49847921139855  10.0
847.1812171503315 181.48073476996106  10.0
258.28459038787145 956.9779195147374  10.0
619.6225099196383 324.2197592756878  10.0
341.21451091621924 400.4136004350123  10.0
246.17710565678263 124.56160936550332  10.0
603.3678486803014 853.5408399559291  10.0
639.8044067854274 652.2198683516008  10.0
504.42026154819507 989.4635259877675  10.0
267.0271513691348 354.03529761818567  10.0
288.37255527801284 432.31002311764075  10.0
158.634252240365 264.64646730180755  10.0
607.9357908853859 431.1533825193736  10.0
94.47224915135355 162.95424213948473  10.0
690.2076732755518 75.07777701503215  10.0
943.0684405096778 355.56345015660963  10.0
395.96559093542896 996.6874387538408  10.0
700.3060229080884 433.4232599392027  10.0
854.0033935369493 567.0181052021826  10.0
116.09759383687613 44.17760568666762  10.0
962.2903635098313 171.72546592856906  10.0
923.9801326309431 450.2753584325869  10.0
939.3325444533195 276.58876849680894  10.0
595.7811429808618 401.67975247871357  10.0
281.9681717361943 639.7821065675397  10.0
231.98200232635858 642.054753670796  10.0
939.9303938814129 209.0296806517906  10.0
668.131777134319 188.59620673523568  10.0
252.86213497394095 953.6756839532122  10.0
128.64025054067264 378.2133415514114  10.0
212.0694111351582 124.8634389013984  10.0
791.5064550013263 556.5567236587675  10.0
907.1511400106854 211.43229234057236  10.0
441.0151205799658 201.4265635666006  10.0
596.7449049764309 164.80488182017893  10.0
980.1598827358766 218.38507190787183  10.0
702.9796428103111 303.052010059862  10.0
950.5291995908366 123.93543193569123  10.0
170.82806822417896 672.4853338613614  10.0
364.61677049963305 840.4188364708689  10.0
56.40286232654101 544.5431277055036  10.0
93.99538832358978 866.8205290198918  10.0
912.3424715880102 156.39816824241782  10.0
776.5194215411177 660.964259267111  10.0
523.7837312257137 765.6304214444647  10.0
706.6979248340419 171.1143360839863  10.0
815.0203808831828 582.4718169312201  10.0
455.6064365634399 588.7927053712718  10.0
294.7976144599016 167.54432476647153  10.0
30.182984361172505 559.6583545032502  10.0
237.29508179413529 438.67634531036424  10.0
226.47916923914667 285.58485474309623  10.0
906.2013766009234 517.296797741319  10.0
457.4150088141126 178.61100940196505  10.0
520.8856086952349 263.0702045608438  10.0
742.8119019038195 986.2289316865977  10.0
336.522622611875 494.85020321330177  10.0
737.9548932249287 597.5126125572655  10.0
164.1298009255634 576.6928695607108  10.0
646.662250627127 60.87910917404948  10.0
891.8258345277582 259.5854881869157  10.0
615.8165029756586 696.8138588424337  10.0
85.22229909325819 412.7101765055813  10.0
740.5378357481834 572.6804226105024  10.0
542.7112808758969 552.476166098367  10.0
122.65761190315405 21.77387227305372  10.0
760.513531466092 883.2182841134611  10.0
519.8755408094097 335.0666058456536  10.0
622.7030711304345 900.3737202242055  10.0
998.9616233314778 231.6340747644676  10.0
273.02599755000944 475.1124095190774  10.0
663.5896567460657 222.5366997210616  10.0
48.182701418176045 738.811467814002  10.0
965.8661864871522 522.9742885447135  10.0
556.3440851768175 16.427074833474276  10.0
330.34516721042553 738.8170024217274  10.0
470.02427750555677 519.7324679454841  10.0
820.2950926987494 156.15718886919637  10.0
369.0336313452004 504.5534715816764  10.0
358.2122260186064 96.31462170196502  10.0
17.08747071135608 120.54814761060106  10.0
576.0495712866987 463.76730191443636  10.0
784.7475450926407 237.74068644475855  10.0
715.3584476774695 310.7686245598785  10.0
541.7248472603545 120.9336239117026  10.0
123.51545150118915 969.9510295755919  10.0
233.17378459880712 941.2869096091862  10.0
799.4348161104454 65.00529029952706  10.0
527.459544766168 763.7662255129493  10.0
130.64207944604544 499.56362037362135  10.0
376.98176092882807 829.8267209492543  10.0
433.3119144960892 345.70361901728853  10.0
68.98946697187769 666.6131986767208  10.0
157.849702215612 406.02975446129665  10.0
359.9235276722376 797.1207914123248  10.0
654.8223483934428 107.07726617537716  10.0
584.6746335383621 600.1751084807191  10.0
209.52117092962342 296.8234607682543  10.0
211.24617906330334 174.75447481230157  10.0
648.1657595942041 465.37928626702086  10.0
171.66347602934275 900.090957798436  10.0
194.7343247158063 885.4742354399742  10.0
441.57128684729616 751.1511431133046  10.0
414.63283186700426 178.13592329148253  10.0
763.814649827822 328.5113930776513  10.0
19.89154062454135 849.0050572591315  10.0
115.39801454525256 992.3067627607242  10.0
30.30427625186094 412.0155553719482  10.0
502.5705182113724 451.8462951711125  10.0
285.90229743527107 819.7087445211154  10.0
935.3860299544298 655.6520047258709  10.0
588.3811449160401 53.23918769665737  10.0
980.9384387367045 851.0927591756133  10.0
812.5753649988498 890.1692952758972  10.0
123.57437024926831 238.44790153366458  10.0
173.80284120901047 64.43878738081477  10.0
270.7364030417413 731.1502160190389  10.0
462.8766086365547 260.43366448082173  10.0
134.69268599386507 952.1215302040914  10.0
467.8089290585597 641.869399944242  10.0
893.2588398406622 745.5281856615334  10.0
989.7088488766003 906.2408956479876  10.0
486.72093647438476 163.94793554255182  10.0
830.1009826858871 176.88185509236897  10.0
143.519273781175 102.85376482764386  10.0
877.8698629064222 397.21472363246204  10.0
243.853940310672 497.48433312556904  10.0
956.2608703543852 275.5615768124311  10.0
428.2258213028328 271.58439128966484  10.0
403.8449605709926 243.92547090964868  10.0
937.0268463049105 33.16321619891538  10.0
458.0816311735403 340.44047683582414  10.0
527.6458957906895 849.3325629359394  10.0
386.0901989436911 402.7282853106287  10.0
957.1580551464626 300.4501748666297  10.0
964.4671226058229 468.1877072488041  10.0
941.5161553171721 413.20856773440363  10.0
348.46255654128464 817.2830572760549  10.0
706.2655600731877 2.973133744365808  10.0
590.556858468323 667.1856925089398  10.0
729.1543856414344 417.5875824501656  10.0
69.45345158450678 125.66302734451651  10.0
41.61311044849991 668.0288388072902  10.0
872.7320735159689 648.8975817279553  10.0
503.9290164829383 455.7073228872739  10.0
739.8815900996608 911.9578913225308  10.0
798.0423675201453 661.8731580449361  10.0
517.159605761435 696.9326681382372  10.0
492.2430158925929 451.50235764430965  10.0
201.70161021912557 131.27778055272933  10.0
423.647433968213 262.20128742355377  10.0
559.5293122436183 367.7155664263588  10.0
817.188047002715 598.0818716509833  10.0
990.5846649383808 587.0643941139728  10.0
13.947829650812205 729.2240914922363  10.0
783.6418850712624 26.665806609606047  10.0
417.02537120881743 109.25619426324695  10.0
154.9273277310429 589.615563512414  10.0
279.71630260551285 566.7470352118103  10.0
496.50279090419724 473.79386610685015  10.0
258.6496130324881 100.51949658229253  10.0
73.94482171849847 174.72934043272835  10.0
233.61767437485082 414.6576010666455  10.0
7.578984631932739 162.61997830479237  10.0
756.1917291573351 165.89380141159515  10.0
747.5050238508508 511.37402966956216  10.0
630.8149075483196 264.2278194017241  10.0
409.87435138007044 766.3219553377604  10.0
554.9173192390032 467.04133053775877  10.0
280.359565170732 377.2903993694494  10.0
448.6987957548237 937.6379327049949  10.0
510.48025193279534 95.01814731524338  10.0
90.5766731352996 401.0511299614473  10.0
533.4279049219914 831.4321107236393  10.0
940.8974267451158 23.12747160006556  10.0
8.257460978032816 618.0921705961204  10.0
584.3626996080166 163.3061558485538  10.0
164.7911391590664 462.1509345182082  10.0
50.72158783019165 707.1800240395781  10.0
266.30571680134443 95.46507285834794  10.0
383.63295977913367 771.8373951272389  10.0
533.0514141684669 840.0327594289971  10.0
219.20261449245427 195.1480425195471  10.0
276.87710477992056 71.72172402525823  10.0
808.5522707679544 369.57073411441377  10.0
185.71314656463488 54.29080300555755  10.0
872.8785757641396 661.723680232362  10.0
666.389411346356 236.9974211721978  10.0
914.8117228122479 870.8734843734273  10.0
905.2428814965066 461.6221419903531  10.0
126.48540894852212 922.6622319467307  10.0
838.196080555502 908.5308482741448  10.0
832.5808062679498 268.806212131306  10.0
535.4631936149149 26.433801554046177  10.0
485.7090984440716 269.1641332793648  10.0
600.7685299444679 136.79005692087176  10.0
591.8486929561702 169.4865196869848  10.0
60.93749949006322 881.344959677375  10.0
585.1548928488877 156.32202709145682  10.0
878.9474503684872 190.07719907835775  10.0
594.3107647550314 369.9708498219733  10.0
662.0019535390095 986.8710070715475  10.0
246.69046721886866 687.038843224169  10.0
355.9191370753621 421.5185960666289  10.0
141.9570075997927 546.0606263687675  10.0
718.1003499286547 19.19614552752824  10.0
393.3184658633988 82.82355676837739  10.0
143.57323083204432 772.346508132085  10.0
682.518117919623 366.4389435094831  10.0
982.0785824937885 864.9405705599498  10.0
603.7353251014265 582.8704295218596  10.0
828.8979834212909 415.3782127584301  10.0
681.9259471250607 599.544079707117  10.0
398.0949353129687 351.8286008610597  10.0
342.7322807482971 462.8283029716219  10.0
494.0694337725308 292.59958310871303  10.0
283.9442578343898 29.586071193655084  10.0
285.80210778128065 94.16371847404537  10.0
152.59503507312 114.66600822487261  10.0
557.8906015943044 550.7585884780798  10.0
167.1261268803298 248.1126134668541  10.0
863.4577460116511 582.0173664888896  10.0
340.6579805464501 379.0403792699559  10.0
536.2371816299571 128.8754238620041  10.0
259.2543636660406 637.530518269332  10.0
332.6192279415692 893.0369689811992  10.0
948.1697009872245 571.5727189239118  10.0
69.16564423827332 1.5753834235971986  10.0
219.42088403106607 112.98898705121563  10.0
997.0792430088915 655.7800572500579  10.0
35.625595274671575 894.4403305078463  10.0
812.3402775747954 832.1507006770192  10.0
847.9018179781531 439.030980544045  10.0
138.69841296248453 143.48055567121975  10.0
569.7240834638106 174.68938928987475  10.0
40.43544215396633 39.25767133627345  10.0
833.9838816396345 187.4188336884729  10.0
622.7909656801587 627.1533140095653  10.0
447.1027247579984 120.6748950188894  10.0
60.168895065002445 531.1553188993073  10.0
501.89899299998973 652.5405520056516  10.0
455.7201332427393 366.94331948674875  10.0
440.01001427314577 538.0346873940723  10.0
780.6229687116977 611.3917326521855  10.0
465.02292252359337 290.8027523903317  10.0
767.3589955640887 870.6258021078306  10.0
99.0699703580229 196.60318383701835  10.0
38.50949860197017 809.8444648231311  10.0
348.49428020143023 500.4168855812391  10.0
941.0734482765034 298.16351008062713  10.0
898.2948398210212 289.671322222488  10.0
526.034815670772 643.021153824102  10.0
990.4102634651377 807.9845766268868  10.0
863.8834855578783 141.2272719740275  10.0
157.50274225514838 676.9991055421358  10.0
419.02112234527067 557.5266932544739  10.0
781.7552663164778 778.2886833494841  10.0
519.4587240914221 556.5862044053945  10.0
527.2963929249065 352.986553154398  10.0
52.94056038533823 560.603121055075  10.0
55.218736867697736 213.69603578496844  10.0
396.6047686262482 982.2738830689754  10.0
71.75900270051561 831.4099547837858  10.0
244.51785012400507 291.64843672843955  10.0
683.0582867833332 459.5783895465998  10.0
435.89665080342996 915.4366049274419  10.0
234.02388938390206 388.1289711524484  10.0
106.55839773678055 538.6209158942935  10.0
294.16461118226545 882.1575486395602  10.0
487.11533821881704 980.7699029162922  10.0
219.87360833927062 353.17138054970144  10.0
453.6574744930132 453.2345862037553  10.0
770.4841852376859 835.1811236187733  10.0
500.1436720470698 668.4499401721348  10.0
584.5253975430024 893.6014995101265  10.0
146.44704424322984 968.8527691573959  10.0
932.9563034843585 681.8352307946753  10.0
921.9783038929163 370.4655055503302  10.0
57.758692811630816 978.5784585077467  10.0
972.0365210984595 174.98544870818355  10.0
577.1203014109628 688.29995017864  10.0
22.513312191255075 594.2573641028819  10.0
892.541307156964 468.01071101417216  10.0
908.3036237735488 652.2969018078849  10.0
268.5495924021348 855.3544066663334  10.0
121.75215077849121 482.57088544772944  10.0
272.3103653032307 516.2130983892512  10.0
869.691452088281 22.029955274972313  10.0
558.2686799829537 4.437239996636699  10.0
941.104138947956 18.428219412593872  10.0
562.0641775333871 731.9723199608999  10.0
282.16825757211217 213.75281985487172  10.0
528.3090110206896 684.5689927082879  10.0
551.4214974112829 544.1265900850422  10.0
438.4216132860381 786.4277044573504  10.0
85.00613052388239 205.3350521151176  10.0
827.5606717521683 716.5424573033595  10.0
640.4336684698121 473.1684784630207  10.0
183.80477869049906 410.17288627933254  10.0
7.0345315799329455 239.05881111308304  10.0
608.0753676084738 440.78744478450005  10.0
72.23436602435451 324.0302722881039  10.0
679.9015957143573 970.9850667085906  10.0
215.02552344133764 767.771416586471  10.0
21.97759184779713 985.3160828302825  10.0
961.4787121255731 454.67557793880354  10.0
885.5644074860227 73.58793292682586  10.0
681.866325339875 634.9858598919718  10.0
189.13974434311865 120.15481520294125  10.0
734.9455108125441 126.71936318425136  10.0
834.3009317951451 872.8544902583784  10.0
872.1757553208064 242.8352669916929  10.0
795.7777702594032 514.6697843475488  10.0
903.1219339853678 778.1492821377924  10.0
436.51350106887367 41.85615618221361  10.0
593.0209652330487 711.787540029673  10.0
734.1235195512529 464.19107587291853  10.0
514.4661394459697 633.5103139579  10.0
621.6434994227026 586.1642150643395  10.0
107.39023629268385 286.02666108582264  10.0
443.32980841982936 402.34294645753897  10.0
515.0045668617385 30.459044284206872  10.0
605.3764209938163 945.8100045079601  10.0
858.0785753865197 488.40650466999625  10.0
861.7648530465661 765.4856554318573  10.0
485.9197968645911 91.59387741825698  10.0
317.06440800161596 76.3100142288773  10.0
399.6421109496432 778.883903313856  10.0
150.8520194895815 25.675328676222353  10.0
481.78548807211496 620.4673666757398  10.0
272.5224452519799 450.1623056063513  10.0
386.07760390058775 720.3368202738139  10.0
600.6111949818636 958.5483468037348  10.0
942.1044933102115 350.6868093587814  10.0
427.3540338992361 170.2201124419629  10.0
711.88315442444 905.6741278335546  10.0
377.05823860719823 462.5360231656418  10.0
898.8064686582164 927.0096439523427  10.0
795.9631991852352 636.3494259574644  10.0
154.15675536363636 150.1429569781303  10.0
21.61830250285035 495.81635422116574  10.0
952.3611734534702 247.33962462994253  10.0
871.4086028154367 456.7763277066089  10.0
113.38851223645274 702.7403329949709  10.0
862.7098615445806 947.4086599634701  10.0
739.163767425731 44.53009460592261  10.0
131.25620490946454 545.5305381558225  10.0
300.60302418074633 480.6347423988354  10.0
749.6552054101031 508.81760637100905  10.0
862.8483254501471 836.9007730037243  10.0
164.58680497958977 597.3914735999297  10.0
468.5080811190798 580.5044872970755  10.0
769.0739702062477 862.6328522590554  10.0
512.185823935116 626.3740116989464  10.0
205.3145864996295 381.7429885951521  10.0
534.3060447829131 570.6986290544332  10.0
853.9157094250916 754.4903580152395  10.0
238.22288638897336 973.1370336642011  10.0
106.97279335204601 546.7429848168853  10.0
691.8239273309681 318.12696759181034  10.0
445.28796965561213 764.8019338700209  10.0
613.3174006208068 325.73625083556846  10.0
44.12323641043925 875.2142497889839  10.0
360.61872146396144 353.78531266364564  10.0
617.2359676736772 846.6589832295354  10.0
744.727481383852 735.5100016643138  10.0
475.5453040597999 183.66280324961215  10.0
69.71398832023068 30.8222326780192  10.0
324.63025238053734 946.3168920618725  10.0
865.4097940592219 334.2659032312152  10.0
154.3611525599774 305.82982402774485  10.0
623.6240707899366 979.0535299535388  10.0
684.3183811574073 272.6661465240962  10.0
474.68370573784136 204.10907613077921  10.0
220.25314493549809 852.1835767564052  10.0
148.32209499455683 609.8307844393187  10.0
449.69722507430464 32.096607469319196  10.0
751.4173612547266 518.3274593544336  10.0
658.9298790210623 686.7575379565982  10.0
864.8082542292254 675.1700881322371  10.0
88.8617015527331 695.1610016694044  10.0
212.3918897631619 82.2405404352009  10.0
663.9968658952774 312.7409545535108  10.0
687.9341581350226 135.04727496487968  10.0
126.48658617327801 111.44419995363475  10.0
838.50032369065 652.9178000393281  10.0
686.3884302999495 608.2280716118368  10.0
998.1400319714105 836.7660887733201  10.0
659.597418294543 39.043917415829796  10.0
141.43693647528931 666.6728609912496  10.0
206.51670801297993 603.5322996047034  10.0
183.76060090998814 760.3049906211173  10.0
207.3868019972057 905.0698901779909  10.0
893.5338267936147 253.23988678651745  10.0
514.2943192227677 241.47168466292922  10.0
801.5562430540809 833.549606882225  10.0
305.2323926911027 863.5671415112096  10.0
493.4005376349402 665.5383760412693  10.0
32.18674933435739 312.03160194179935  10.0
453.12519395127435 571.3164523039679  10.0
503.07281874505946 467.26984790953964  10.0
190.02320265711492 503.9324285462918  10.0
966.4508597930409 2.811341025892755  10.0
724.8537364806982 42.07444516504233  10.0
678.2977316198253 519.592036315755  10.0
637.9795222687907 363.8910987608246  10.0
321.715463498104 756.6605258608904  10.0
789.0598832106854 916.2704522467204  10.0
823.3081966109278 923.2613921266956  10.0
506.4254732772458 785.9557857542941  10.0
564.0607524708778 377.91182206606135  10.0
513.9874329545488 600.1651199618998  10.0
717.90390825445 592.0023272207395  10.0
114.5105388346035 636.9209103526736  10.0
467.75225157946153 578.6159113692577  10.0
180.30613958810036 709.0851176014663  10.0
146.65318173222286 741.6745503821965  10.0
315.8771613558099 301.1343574888806  10.0
930.785914620926 406.18537228263216  10.0
151.77467369097664 383.9982353071245  10.0
571.4021372742116 127.27366934477402  10.0
104.90103377786097 310.8237780517151  10.0
794.4004910487796 243.8533350021974  10.0
97.7223162410733 205.31738077378213  10.0
419.07933436839227 42.199627244656426  10.0
667.3283565167345 294.35495256126666  10.0
951.713459271541 325.35340808841306  10.0
615.0058190549929 707.8399843458637  10.0
394.9520418079012 146.1995697605708  10.0
847.9662806107441 371.3285419332957  10.0
280.6366920631004 955.2270354835603  10.0
347.09748296251684 750.7286851472883  10.0
481.49028862704023 438.39126610634884  10.0
258.08289537477225 373.4215692215453  10.0
186.22814256013865 876.1645504550913  10.0
947.9610597713596 246.43999417400153  10.0
532.9954258483074 941.7733448772302  10.0
495.1728543942285 519.8796372255239  10.0
787.6359324541186 474.78607757013623  10.0
488.3712682398951 2.5068293405372533  10.0
626.1486660892012 915.6285945752865  10.0
197.74503543609168 426.5663823149082  10.0
34.79079557699094 767.2688547641542  10.0
152.3335971693398 680.0813427380182  10.0
576.6365619189656 662.226537661147  10.0
907.788350457624 577.4762662156542  10.0
290.00353415961644 356.22671682698217  10.0
321.2602528883064 123.14422566771344  10.0
282.00934449944083 244.23169932075973  10.0
963.5721087406989 637.6169900421289  10.0
159.6232248952024 800.2484390291373  10.0
393.5589167906325 562.2868446523379  10.0
800.9283904961915 679.223474320566  10.0
895.4371461898763 236.16775898021925  10.0
610.9130481535975 87.50101748775351  10.0
937.2902074523015 446.97225242817854  10.0
328.95907407020474 427.7343186136219  10.0
47.233684237911746 98.81982346676355  10.0
659.2992763130654 154.80408580610637  10.0
23.550371427329075 910.1816282859095  10.0
481.06530918923073 241.2120573113402  10.0
396.06270509153853 658.2051899941356  10.0
161.1504063140886 643.5818053564303  10.0
838.2350748966884 119.3520054986672  10.0
540.9620614208037 686.3128494188709  10.0
792.9766652001812 521.3200391440331  10.0
497.2420543582121 334.0984063882395  10.0
919.8410959416333 17.511937062792637  10.0
587.4819183791745 911.9309213237563  10.0
97.2959238985035 422.8491686623974  10.0
182.06436688847882 949.3837545847585  10.0
620.9617076591035 208.52111395200657  10.0
658.112109746904 475.3714678748512  10.0
927.1970592827377 543.2973211766812  10.0
684.1276477308514 270.2550382932889  10.0
641.1320825039918 990.3201624273307  10.0
359.85823740670264 294.0727063812718  10.0
999.2297388443426 320.83409434699973  10.0
992.4232014023341 752.8408541945686  10.0
728.6812456834421 790.0970294842909  10.0
587.590801130459 39.283653731718275  10.0
279.4175793134572 135.75827070064318  10.0
714.1947869913846 90.01415171540195  10.0
899.246453502536 505.2761308256528  10.0
260.03104113136544 538.1036343156767  10.0
418.60014752343767 496.48834689787026  10.0
739.1776453634254 408.1399488711648  10.0
768.6065021347969 504.23640967090364  10.0
233.5320115627283 0.2898579788455091  10.0
194.6717081122954 605.984779303496  10.0
755.4609783847843 40.54428729304538  10.0
847.4901332895147 290.6646968575686  10.0
803.8114882257587 136.23936626693822  10.0
934.3732663752988 437.5110310859984  10.0
152.13012021155504 69.11070420507437  10.0
896.015751676674 85.45069190893085  10.0
455.7926469216731 482.5514999256886  10.0
137.29405597693767 698.6388706634302  10.0
93.84488283373716 75.41027932387135  10.0
685.4187325001992 830.0294861366624  10.0
771.7090039516887 501.57711885598786  10.0
774.7387739673545 312.4047906510243  10.0
802.5100700519852 792.7717356118367  10.0
764.7226307378469 365.0782082232585  10.0
657.6296818601164 271.36107766926864  10.0
986.116839471311 294.5235410221637  10.0
331.19470913255213 600.6975997026537  10.0
80.01050338323279 788.4729592219425  10.0
298.5613950665852 832.3838527659341  10.0
145.50964321866743 155.56487822780008  10.0
365.455763349759 53.03296798505486  10.0
543.9523956380045 246.4121927358378  10.0
502.2833749447957 507.50874212556505  10.0
521.0726379791499 207.00017218650578  10.0
837.223209937702 881.2928320096503  10.0
903.2457908255144 661.6127891704631  10.0
342.0713086188707 761.5410180194407  10.0
999.9278570907707 400.02462271295656  10.0
386.4021498029807 164.55436764374465  10.0
501.6244119123263 152.48528529514925  10.0
258.4668165085027 416.80493974404266  10.0
601.2035099790033 576.0618986603798  10.0
955.3486323544848 607.3204620139052  10.0
786.092628894334 147.19427703943776  10.0
30.248669553839314 291.1453120598866  10.0
749.8767857484587 257.8568991907048  10.0
51.37510767118059 116.76069639668974  10.0
654.040822680917 446.5102108908986  10.0
274.76163785195473 574.7593846756374  10.0
534.0761933691999 360.06335359040054  10.0
462.4420776052245 120.73588773394638  10.0
988.8985648531408 739.3592300209382  10.0
387.75977513287575 512.2657561101133  10.0
418.49947268189345 448.2321155079304  10.0
461.1918654919297 318.0127720115434  10.0
981.9815674264577 324.97665720568733  10.0
82.92002335643056 206.4162188331672  10.0
136.60369531657736 425.1067264697783  10.0
782.4810686133296 802.0746714076168  10.0
88.1887330026897 45.571041438857485  10.0
941.1823234596999 609.8570078523703  10.0
734.223328978925 773.132261013167  10.0
909.5676950432497 749.9348104055838  10.0
713.2055649155569 683.4044769635276  10.0
630.0729435507834 21.34551630636117  10.0
987.273025759814 732.0839016325543  10.0
454.1093329537972 117.3581153274279  10.0
979.8702006993059 326.1958906517509  10.0
703.1667113897622 652.8289625835246  10.0
666.1909749773059 40.72127822976901  10.0
665.1287935954332 31.898110328440143  10.0
171.3582167259936 454.75310331649143  10.0
139.8447357927003 83.79099057047613  10.0
369.7792757330411 121.37501281429175  10.0
352.10289802770353 825.1549156722748  10.0
698.8426387043332 756.7403832365209  10.0
35.503832790787726 669.272650296116  10.0
901.0975496717653 836.3716457045741  10.0
757.3315566179491 895.6608197664737  10.0
691.2851345223062 920.487245324722  10.0
102.37375689272842 217.97394174140294  10.0
408.06591384986433 195.20318281122496  10.0
162.74238670197715 843.7993339197692  10.0
555.0150550944438 912.7452961768174  10.0
891.0987736574433 506.84218281609617  10.0
761.433914181236 641.3473582965709  10.0
266.28800997343603 570.1642832577086  10.0
100.75205382682273 494.2987815734181  10.0
893.2394280560308 448.5534364266822  10.0
892.7712040902463 797.6454258861253  10.0
613.0915953708379 278.7652823421609  10.0
85.72898761358194 977.3356590241558  10.0
934.8511267864416 978.2931905815074  10.0
65.13651668603715 799.1428653213167  10.0
616.497409049363 576.4852623121609  10.0
268.5710907483254 478.48493388317956  10.0
521.2955305808421 976.242757425332  10.0
299.0811546721852 592.300003493526  10.0
954.182272482517 110.19704629216542  10.0
324.58777448693087 171.42699966839314  10.0
43.44120330576828 792.1773243790075  10.0
426.64313652404905 829.4785253446497  10.0
374.4843103011628 432.94464733575035  10.0
219.13322990964178 292.9827285642942  10.0
5.409610752593497 188.58217543055312  10.0
495.98842431347987 237.6098533446971  10.0
198.10526889461144 40.59586096773693  10.0
886.6922240718691 906.5880005867281  10.0
684.0227445550579 768.6931871166911  10.0
499.3551705475534 589.9522423495692  10.0
50.34263091909885 770.3723257816714  10.0
313.3470659259017 677.0596483574174  10.0
880.1087994075091 205.86785647079475  10.0
646.9576701713245 659.8422780768832  10.0
609.0077396831074 2.663080263263562  10.0
370.282392773272 160.55917069044912  10.0
671.8217990409922 840.6932858512718  10.0
659.5059178483549 785.3472907268637  10.0
403.1861958077653 357.52834809025455  10.0
995.9836568724313 363.6605123135499  10.0
330.13181519767664 462.23703174905296  10.0
801.9970766894078 923.7250052855153  10.0
947.9968071870037 827.2993193089968  10.0
574.7857170923185 575.4279723536874  10.0
806.6418017206253 339.84747345620445  10.0
631.4353173366021 324.5963961447135  10.0
750.5053471951272 536.6803541644132  10.0
609.4278548207324 726.4107400755028  10.0
453.8872186128191 821.9095416391091  10.0
681.1360579019398 200.7383879513962  10.0
971.9493053089282 571.7600549864526  10.0
35.27135824777239 778.4601130515323  10.0
888.2750120748256 67.96245524765476  10.0
554.2708774029848 25.402184055975162  10.0
781.4299372460655 569.3371039184849  10.0
773.835807968741 899.2757099882097  10.0
155.81784970353908 730.5854483649053  10.0
149.30945356956914 335.06393152737655  10.0
686.2278807432253 7.96739384714229  10.0
373.31075191915687 425.5870388604094  10.0
610.8200949049998 653.4576958444396  10.0
990.0147604114064 166.51366056702278  10.0
373.8984876135899 392.13849188007765  10.0
833.6985226066604 868.8764420058817  10.0
167.67165067171396 901.9990526391819  10.0
882.6476305513252 507.18893161768165  10.0
851.3032797681651 770.9780148852137  10.0
964.2445791786595 467.5498160852396  10.0
835.9060152164515 692.9973909858155  10.0
373.03720828664575 387.65922485704397  10.0
915.7336425875898 282.90162116182603  10.0
870.8119692061016 39.46150853846109  10.0
698.6786721623656 39.629098194541854  10.0
726.1731525142569 495.1676022295016  10.0
243.28299196562318 667.6075181319991  10.0
420.8556743240298 138.69915514421695  10.0
744.8221652319871 178.2788842867218  10.0
400.97625704294273 437.1356841565701  10.0
629.6238636870594 936.8232124745401  10.0
783.6533228506041 770.5352998972394  10.0
214.6342111029399 93.5651567563599  10.0
242.90347408838753 33.53821030910509  10.0
168.34593049326963 645.210933203313  10.0
393.44856251646365 168.45162886527055  10.0
369.55474588751224 707.9772234566766  10.0
867.0436284948019 267.053606561367  10.0
402.01135824521526 452.83822152187736  10.0
933.1632709523083 387.14229416235503  10.0
845.8885196742514 552.5304542278577  10.0
954.3600543477527 769.8965518386036  10.0
731.0836182958425 920.6194250524009  10.0
186.334889615996 715.4023608656922  10.0
2.729365556715102 984.8459826421945  10.0
433.73676189710864 976.2389893299435  10.0
615.8862494380886 730.1348063375672  10.0
854.9349321471625 162.80786046339247  10.0
924.2423329044532 271.0607283054124  10.0
772.4835841437211 319.12576204278633  10.0
356.74742577008954 769.2333533907329  10.0
690.7253924149147 524.0936699248691  10.0
986.4599677635453 97.97437324446845  10.0
847.9574549011354 100.7911011036473  10.0
487.48705481181645 774.8253986960312  10.0
537.808693464673 775.135141187665  10.0
148.74902699931636 331.8394080967414  10.0
122.95548375278842 915.2822585403475  10.0
67.4021802583451 474.2715740179306  10.0
134.0279398826163 804.4402738471499  10.0
380.10390161797403 90.2004718489613  10.0
97.53628681199345 752.296565104574  10.0
406.9073615499226 416.7740956632333  10.0
768.8734351587699 734.0581844795366  10.0
880.4228198129532 443.18921259951225  10.0
259.92579749871425 161.13798880286322  10.0
11.985931303903019 936.1768703021227  10.0
145.5518316864196 333.8104493178138  10.0
6.92335104187225 310.68097504884093  10.0
9.163710766620149 103.69973546535228  10.0
782.6087357334928 936.580363837181  10.0
44.87410594688923 282.7514387894904  10.0
65.85324442698092 371.7196986537983  10.0
272.14712027055566 375.37888506396655  10.0
750.2761324385078 442.1778202845291  10.0
638.6185551540129 281.7637214468528  10.0
379.6529216193309 52.616877665229154  10.0
787.7271070271441 722.8293592402255  10.0
889.8399922541126 102.7188551124022  10.0
550.025343183465 271.1953636037849  10.0
289.7259330910298 910.1313171619264  10.0
280.5149806196869 37.459668239755  10.0
790.7617403130646 96.00674923098873  10.0
9.078412081668152 257.44452420701793  10.0
4.973526632455094 976.1355735531663  10.0
997.0541922704024 253.58135273407544  10.0
222.96253480692496 118.83562454103935  10.0
700.2314583427982 502.3984022238582  10.0
456.2496295682099 880.175552892622  10.0
327.0142408515542 830.1147400901077  10.0
882.4220581860109 407.7739836972671  10.0
150.2337827980229 79.63231605387134  10.0
566.892535029728 816.3293119380639  10.0
482.0627476207041 944.7579529197094  10.0
851.6821012399364 981.2004448167568  10.0
753.712705854915 51.275175034446676  10.0
599.4894224349543 670.7714682444173  10.0
455.0720282022238 779.5255286993619  10.0
560.411273237491 543.9984145587243  10.0
784.1683941840793 769.4478899575213  10.0
489.0301291728818 876.4495995007147  10.0
732.3164344578435 526.5630874812189  10.0
281.1867130938922 746.3155228552665  10.0
988.0377086345449 56.180751699389745  10.0
322.6062514893039 811.2783156921951  10.0
481.3166532073428 993.1438923955783  10.0
445.64970843887073 737.794301949118  10.0
609.4829716290312 265.7159001977838  10.0
375.8119394175 806.2581368067257  10.0
186.98707797997193 934.7539709339876  10.0
316.1908069809817 208.6803577011511  10.0
943.5621967654101 483.10154617750146  10.0
366.0026351135689 79.92449458835237  10.0
958.742939946603 495.17185777987606  10.0
798.3210960735985 359.2141507451877  10.0
765.4369694481152 362.9836878791556  10.0
832.567903373287 165.53389419960362  10.0
981.2229044312699 382.44902367890177  10.0
428.8857340668873 488.71283661853124  10.0
233.27399228460288 362.5020820498713  10.0
804.3747303500782 647.3928597691611  10.0
831.2837818991954 659.697669514095  10.0
825.2760889762499 145.74812598359898  10.0
112.49684914906078 372.19626360456806  10.0
164.53743180039214 272.73642401503884  10.0
633.9233801949264 279.5918383192738  10.0
130.796456292824 30.826755630092627  10.0
419.0441581106623 998.8282167544588  10.0
372.67052452433603 755.5620615913639  10.0
279.7878861573536 741.4879805034337  10.0
241.34210634730368 92.97950902134511  10.0
829.2902126431477 4.027693177082514  10.0
454.7807395807566 838.8254314681327  10.0
176.9199598474357 500.0716924293862  10.0
848.5443871835046 511.6653249202182  10.0
454.28457188567205 652.6665788588241  10.0
420.9543744824289 431.4042824774506  10.0
259.40380285552857 4.4363389362546135  10.0
584.5394321872632 505.39645520993037  10.0
825.9666174153141 974.8685659545591  10.0
520.9964684243521 886.2365967629843  10.0
225.5633913747196 496.50012348691143  10.0
803.5167125171579 158.49112848880242  10.0
193.01160435641341 195.56022582157416  10.0
998.1777518816464 736.0392582109104  10.0
228.37026216694346 947.6679051258292  10.0
785.2034992948962 707.3599711269452  10.0
473.96421683654734 835.4698811334288  10.0
251.24568326670084 453.0137005787022  10.0
490.7169750530476 762.6437224314038  10.0
395.4417512733451 977.7322623842646  10.0
465.3160289544448 237.48054459426714  10.0
564.8562019848994 48.94441261810145  10.0
568.2126028006857 129.3005099127359  10.0
489.01342588481924 914.2283572341954  10.0
152.18300792952144 522.2430166854386  10.0
818.5818027734177 582.0969113708114  10.0
232.15636459062327 143.51328740989376  10.0
589.8706325300557 393.6847036698278  10.0
219.23936374078167 226.9554919213217  10.0
834.65270222345 887.3212770000963  10.0
195.34571668243328 87.86180875874705  10.0
633.9268569784923 763.6374826630329  10.0
109.56408309045106 131.2160417176944  10.0
274.5871270534518 95.76737604908348  10.0
153.3753666374522 493.10924085203436  10.0
809.5653404641471 797.3710218817699  10.0
229.05623593324597 23.85392846877221  10.0
244.8670405483423 760.6183209743696  10.0
864.082921222947 861.3628221048516  10.0
781.0211031180403 6.937734042497201  10.0
144.07531045025723 414.646335003095  10.0
21.815433589800538 655.2480618777289  10.0
237.79814844542446 179.82312361029017  10.0
829.7927325743569 505.5551573081668  10.0
869.9631340949335 444.82639695915805  10.0
555.831638253628 560.2097849443966  10.0
661.0513477701957 604.0276608277347  10.0
699.2402411267773 860.7869603674312  10.0
598.1030628954336 500.28926381200034  10.0
665.1407680475717 605.46085704853  10.0
26.397667414096993 939.4956057494187  10.0
177.52511972275508 629.9136758700582  10.0
459.1734064227678 281.4019345306137  10.0
79.21352669874426 984.2309984849029  10.0
191.01339175969977 800.6794889487804  10.0
704.0489741285551 518.8997789850223  10.0
170.2504651351915 333.3233924317097  10.0
742.0127205320314 104.93981816820752  10.0
836.7202703681122 576.1304104882186  10.0
534.5469535092183 356.36307592194447  10.0
663.4184529820769 290.7413291020924  10.0
35.22264929339758 497.56970035502326  10.0
954.0945598392163 578.7827608484989  10.0
249.99220029407297 323.9529968306084  10.0
43.5415702190165 340.9315870744003  10.0
831.6176732065807 40.90081052917793  10.0
423.3166190284433 10.26485909870145  10.0
644.4676284295084 134.54349714890122  10.0
472.8552236459016 659.046529172081  10.0
538.726257776953 327.0138444271109  10.0
414.4175277032555 618.1417851404437  10.0
277.16117693324094 99.64751199119837  10.0
830.0321137051476 819.5387547810047  10.0
542.9465035583976 229.46736980035064  10.0
579.5789193257273 174.99640346333513  10.0
223.64083840121086 277.45857078999035  10.0
241.37989507916436 437.6262592048692  10.0
714.2697976731042 991.5555562550697  10.0
260.14231177987614 158.25529482965263  10.0
811.5658403493381 142.926256012451  10.0
831.8262419829523 544.705478713548  10.0
881.7684229367799 401.0527478850595  10.0
180.9841937853627 259.66539215951946  10.0
375.989913962824 471.27156765016144  10.0
293.3478832298931 451.61805667121024  10.0
440.00376882975945 867.8512328316289  10.0
354.912934749374 603.3276719561239  10.0
319.41336341135593 376.3484377194342  10.0
118.49966923461209 103.67818313529665  10.0
496.51109192521903 470.8981951001955  10.0
169.74409617327336 801.1944053474205  10.0
11.7395797302583 695.2577917465782  10.0
596.7000348653056 181.3662911591195  10.0
220.5171347388518 290.83818041533027  10.0
880.7100857059617 224.93594010423735  10.0
315.292928492783 160.62014070522835  10.0
920.9290171669599 450.5954182967834  10.0
303.0470647012703 594.767590435246  10.0
980.8606649053085 123.08337615020149  10.0
770.0537670322936 51.91327174343463  10.0
2.49513971378712 116.45675415067613  10.0
688.5766771390442 689.5070975232355  10.0
172.11025925017753 462.3533964960501  10.0
724.2668871401845 267.2810286182139  10.0
841.5273747663729 184.35031738177622  10.0
988.3863314162203 509.7983230336971  10.0
909.5886187173085 622.0614000469012  10.0
945.5799958150571 7.219578811906935  10.0
550.848562047084 82.4072159678012  10.0
235.77280999139117 257.83124500495825  10.0
741.9509339277716 320.52932487492194  10.0
497.8679711954517 511.547344512558  10.0
380.8862196377497 49.10953098699211  10.0
893.2752491671952 660.5082535334415  10.0
920.3036656046147 402.39442016467683  10.0
918.8996329115253 541.0649720809176  10.0
343.2773567811636 40.01437457010437  10.0
272.0716218599575 660.8514761835756  10.0
998.4022594016435 365.7249605428238  10.0
984.0028757466841 545.311301119449  10.0
280.82338055260993 157.4881250454977  10.0
773.7016901983551 609.9591352458044  10.0
396.7772199117925 757.8495111767268  10.0
590.8847046788848 707.8218940304534  10.0
481.45132620335596 857.3570993472534  10.0
614.2730647410093 275.91779016509344  10.0
153.44461905748108 818.8057299030722  10.0
550.7621617536432 310.29637775133847  10.0
183.8375552963729 436.3810307896607  10.0
941.306310473629 236.07615989706144  10.0
333.8572966045712 1.3150987042226392  10.0
320.96076481485323 107.0804805513098  10.0
572.3506059216459 554.4557091355448  10.0
503.37549050645123 469.08704323801334  10.0
822.7529099587111 246.18975705790768  10.0
964.1362175774547 651.369365754799  10.0
108.96876541663048 795.4505028612718  10.0
282.70031860059777 213.12375459231447  10.0
470.55559017458114 142.07765811463236  10.0
869.2761228267623 764.5385401566791  10.0
299.82934045185783 520.587813449896  10.0
750.846363598159 406.67684071474616  10.0
816.986623729344 348.45254060337015  10.0
19.637599789525396 590.0081566836178  10.0
244.0652619624718 518.2699208449615  10.0
657.6892310154665 278.33778646392426  10.0
864.5410883541747 910.7545276379857  10.0
842.7772617900503 923.0476223659717  10.0
562.5856943118957 204.26011343423556  10.0
513.7993362377176 901.9757805782247  10.0
624.4864808733556 346.5880464906317  10.0
927.8296415009667 757.9261002065712  10.0
554.4566363457014 376.1238671696873  10.0
176.40311261802532 783.7137205190776  10.0
408.0394681326929 631.8830667690806  10.0
145.19052735255266 243.81555524047994  10.0
678.5379825561989 775.8366468180242  10.0
199.0774104800901 797.1098924715209  10.0
85.37719384751064 465.9258667764964  10.0
953.7612164538144 490.8525368691079  10.0
708.0331139722097 964.464414323066  10.0
855.3328185688589 32.95133418352136  10.0
785.1392053967504 444.165928987633  10.0
930.9101103363284 917.7648783761803  10.0
155.60727092770256 262.8231565039464  10.0
996.242522387335 380.065383789181  10.0
757.0765153498229 17.70469013222997  10.0
810.3078153362387 82.46954296184772  10.0
816.7311871056871 762.023673532616  10.0
152.27275133886798 903.5554893525609  10.0
370.5036456859001 368.3727989736546  10.0
562.792136672511 187.04793876347316  10.0
528.9059464384032 657.8078137547668  10.0
539.4712279474155 336.8675662104035  10.0
471.21046006493884 578.3020766601359  10.0
305.4188970688402 698.5049396499545  10.0
494.42547520497374 412.5825974633267  10.0
880.1696636245227 254.09320781848376  10.0
569.4894011421245 722.8981696349705  10.0
73.85524464879268 776.7178523017393  10.0
764.332832073235 499.05813951716226  10.0
198.35676640957567 738.9159999269671  10.0
581.9349159332859 766.1204699626543  10.0
743.2713884021624 450.98155891280635  10.0
731.2267456798181 729.3960294809772  10.0
999.8778126026551 616.6070128215064  10.0
99.67105130141573 386.97543461835204  10.0
632.8871651818022 736.556068576189  10.0
728.5743166260328 423.7740866296236  10.0
497.617240265967 565.4760716327432  10.0
405.66344377830774 116.12937940875767  10.0
579.3295776945807 132.62281844802692  10.0
84.18638563769065 922.2739622282992  10.0
791.8203090625952 674.1845739771438  10.0
713.7720806722136 411.5473186560129  10.0
513.9576999951513 193.05589069649355  10.0
225.51183494371207 193.9976032893954  10.0
165.71018755100496 261.32659649286126  10.0
352.20113863191614 552.0638741586748  10.0
829.3110675944395 111.41440437420013  10.0
684.406870136232 547.3191619761783  10.0
906.5567731743625 23.684365007363596  10.0
864.0019115396764 477.7924743841091  10.0
69.8378965374693 511.56240468261603  10.0
99.03566132576036 695.1782232930358  10.0
312.3532856881361 829.5638836767821  10.0
247.28517115634975 956.2793814963622  10.0
732.0592262106956 885.3223374037525  10.0
560.5586516244335 679.3209277818933  10.0
794.2572000353628 723.6179228713871  10.0
807.7994268765499 703.308312688473  10.0
209.3255313991379 368.5686172321643  10.0
902.2647404075578 407.3950034255616  10.0
234.9514029508527 959.5617364640566  10.0
346.5310629387025 337.26254360056396  10.0
166.32165248432474 797.1672362214856  10.0
778.8033290115164 806.8051270154266  10.0
13.082102050816724 127.18811970027267  10.0
654.9826182821917 295.950074028159  10.0
878.4767308643715 234.16789872681275  10.0
633.1730547164291 849.2346962394715  10.0
353.92975166879427 690.0881692337332  10.0
540.7856716841828 94.79861704219728  10.0
321.435005937785 409.65481532166416  10.0
899.1228653955117 949.7404849021034  10.0
916.4688461915351 500.48372320676316  10.0
856.3044260049691 555.3263419024776  10.0
45.74397446780243 764.6625303121211  10.0
36.62204461268526 494.32618057538855  10.0
776.9735082573869 107.57793981716001  10.0
252.886133799459 882.7948413133599  10.0
121.91610394498275 40.56271416120616  10.0
248.05529403579752 499.9012249391064  10.0
219.3243425912289 925.8301934163331  10.0
633.4149722137143 721.9504545691353  10.0
691.0202505875726 605.3286754257099  10.0
972.7992519790116 660.5311572749  10.0
992.1735200914081 579.5615156123743  10.0
525.8251443457063 569.7602010710522  10.0
905.9592194665219 958.0833968586543  10.0
507.8364729853353 283.88572490974076  10.0
943.1238386142 990.2968423793055  10.0
850.2299267479095 174.04853771979757  10.0
298.5895056359642 103.33750010231557  10.0
352.0633888238762 871.7909834257288  10.0
190.07828548699445 23.25036170136641  10.0
802.3224924049639 796.9414256334204  10.0
857.8396314042958 736.3235471220225  10.0
121.94826836221917 348.7916727831869  10.0
239.9161387683738 759.3601258960397  10.0
825.7051618087986 472.02352481372264  10.0
353.9833048911806 430.83255381443144  10.0
136.19557002863803 192.62998041536062  10.0
714.6521844403467 709.278320002224  10.0
895.802889112709 634.1152629814268  10.0
694.2234797294901 270.9595039201026  10.0
17.072830984408817 970.5473276189708  10.0
595.2349002863884 535.7232237173838  10.0
588.0177030420034 750.5755450490803  10.0
344.74384653131096 618.1634481014386  10.0
906.0566282819694 35.314776208871024  10.0
143.14008678300672 100.59934022647255  10.0
652.7799616967756 833.0368569025895  10.0
104.38375402063926 955.049073173355  10.0
141.4532569402902 384.8990717406644  10.0
909.916309848543 903.2918411651649  10.0
70.1528354506158 958.4785076085972  10.0
765.0930382978338 997.2756467227109  10.0
495.6510699951363 939.6699426212756  10.0
494.8379875764153 226.5414657840702  10.0
806.6464954790056 178.5446072564063  10.0
444.3226910832202 514.9994993975503  10.0
319.66032662125986 741.0552467282383  10.0
960.8229253807701 556.30637373375  10.0
746.8975504032784 446.01297903708104  10.0
624.5080614717546 555.2567473143065  10.0
192.59684518369147 825.5500393431103  10.0
68.77006462652258 92.01696287734184  10.0
522.871050499501 437.3210886783646  10.0
184.80032088046417 6.691813366994204  10.0
923.7657468994263 777.9860869645503  10.0
740.4738989944659 413.63009939654825  10.0
213.2401623739001 400.0553612014006  10.0
960.2029527757988 698.0388000638255  10.0
5.001654021896562 217.9676549373102  10.0
410.27194205161567 621.8888535541782  10.0
135.6007366966421 404.3102735917  10.0
613.2691831271245 471.7612205212137  10.0
860.9213674592065 723.3801754190632  10.0
175.58118618741182 518.1939574110033  10.0
204.17629657868497 626.8231239637643  10.0
853.5166437869165 924.2569241737608  10.0
494.7454249914256 944.8779141939634  10.0
906.4801226504585 640.4935770490155  10.0
575.6701848957717 546.7910669774827  10.0
289.715594525815 754.0339995016786  10.0
377.34482576823393 915.256862875249  10.0
724.4923000993264 221.59716111343107  10.0
555.9209271355055 182.27648744906733  10.0
450.20703317600396 909.2642891685601  10.0
677.1690018772526 807.6191463691366  10.0
510.72786474222744 386.31995077494906  10.0
990.0168700687418 746.1070262431624  10.0
756.4067141372744 976.1204712343048  10.0
178.7114344230618 646.2351795929003  10.0
353.5391712377971 153.864397212346  10.0
608.5268755275566 350.17633783947167  10.0
484.6515313590974 499.3031704727629  10.0
487.1691364682691 724.009796264158  10.0
95.84701919050231 61.84440861524154  10.0
52.502645303286634 637.0523034424738  10.0
1.5443531082979245 176.1642099210926  10.0
366.9522140121169 730.4587402164494  10.0
392.29325423562057 478.35917199602005  10.0
549.9094936998039 467.79822023402437  10.0
807.9537124815901 115.83238473401114  10.0
311.6997199074102 844.101540892455  10.0
936.3764599106651 918.5223898543524  10.0
466.1414939328071 44.91396630889599  10.0
176.82456763243303 604.7476971065765  10.0
693.4582726615764 293.1772007228398  10.0
767.7268592878099 931.8533417071772  10.0
201.27743493068394 99.30278855292673  10.0
419.95621529650396 70.01088882410068  10.0
88.67923033954239 138.58884270194494  10.0
819.6764298578717 376.93610971648894  10.0
156.7336413875955 20.170407530022082  10.0
68.90389196021285 181.95388982786363  10.0
628.6913459996563 282.98369371424434  10.0
117.28089453278633 149.75296864585408  10.0
743.9700116679511 56.762392111486925  10.0
505.15998979436296 287.33777348606884  10.0
472.30441920885977 959.8744848675638  10.0
285.9494059926237 682.0984805436817  10.0
657.9057063925346 970.8461328354823  10.0
824.7715632584126 614.5844553569013  10.0
748.2007732107895 206.70868163988544  10.0
280.83860959581784 776.4803465382358  10.0
887.7003878200343 768.8438808201441  10.0
972.5497480236379 942.4482865488706  10.0
564.7704075691385 75.79158784282947  10.0
497.16699893620387 593.9133102732509  10.0
187.5573907001732 392.5226820292611  10.0
431.02811829794075 673.533860421689  10.0
935.0464248919594 586.9699522754742  10.0
671.6058841870928 861.0124261394643  10.0
980.205372912704 497.14784507739984  10.0
999.3255520465364 504.06628059041424  10.0
714.3967230202737 675.9817718943174  10.0
234.90332690022709 612.7918005664083  10.0
915.7141336644697 696.0059735390518  10.0
447.07020550817157 131.32002271159092  10.0
898.6281862082137 642.3790172305905  10.0
25.897368850430592 37.575305794291914  10.0
558.3013487244712 900.2038805737253  10.0
78.54085940510369 690.1128838832814  10.0
880.1599403727732 850.9294879707861  10.0
527.0744243060564 240.42518812580138  10.0
923.7862308441061 632.649662700715  10.0
492.18163474946175 859.7709956755267  10.0
509.921466356137 690.4035782078772  10.0
31.829409185205158 991.4951371328707  10.0
840.3463507524616 445.12215367792584  10.0
70.64667592034768 832.9713424690651  10.0
62.63230764201533 43.65286708424409  10.0
403.58397566672124 775.7137750711601  10.0
355.2340366557587 817.334968263258  10.0
986.5307169579137 587.8679771856843  10.0
453.11909941373295 772.886306883207  10.0
336.91864340497045 710.2051255267082  10.0
660.108446069795 166.90143876931606  10.0
758.9419871877393 154.90817492236053  10.0
301.3267522530445 974.0504698047652  10.0
280.8754566877315 145.8520578004009  10.0
257.63957145229597 849.1066616405304  10.0
646.073767002518 819.7446793196573  10.0
693.6794205098766 4.21997565972565  10.0
434.587323764655 19.408945679758038  10.0
342.04053423434056 275.39302401867826  10.0
408.9304613185102 453.6505727491796  10.0
738.4480811913905 535.9045542672452  10.0
475.3901982990415 272.57020020535026  10.0
616.1842871567388 529.4652114590559  10.0
231.3650156238316 412.8427090837192  10.0
262.7805545662407 142.17870832777356  10.0
929.5745646441991 904.4002519796793  10.0
17.961116763431818 109.92120832432106  10.0
831.5833558715208 698.1200836726948  10.0
249.05044215513428 166.54048271048737  10.0
345.93206652216503 473.5318288903442  10.0
78.53305850721138 678.3153739746424  10.0
50.272595178067256 316.2234443649722  10.0
858.1811336785339 881.4054921917166  10.0
682.2540909833417 116.53851457726216  10.0
885.1415492646023 941.5598902143389  10.0
450.50878543789196 34.32239154179606  10.0
137.60111276344787 189.14239320848748  10.0
564.9380652684426 398.8878449198997  10.0
871.1245265727538 47.570879180483196  10.0
714.6009046603979 969.0359953304396  10.0
761.487018453956 369.5561081258779  10.0
331.8580027798186 564.881188644601  10.0
905.7993664404089 123.0653902761033  10.0
873.0270295034346 701.3935877432333  10.0
400.95037195244777 627.7251291433373  10.0
18.655420862007666 2.9867363831976856  10.0
406.8676082754772 832.4154435747481  10.0
650.6191081383155 859.1414971422604  10.0
571.824492691448 446.0990091729945  10.0
698.606980334065 992.9718815358882  10.0
447.99803014463134 86.46557416821143  10.0
465.1523946789373 357.8024796319273  10.0
57.70778883448824 994.7623742656834  10.0
836.224857714807 51.24096709228265  10.0
84.24420917197017 280.2199233231482  10.0
863.4960422665284 741.8935924279542  10.0
255.91955142512668 103.7717064787429  10.0
564.7465800631351 440.7851064466961  10.0
367.95272051023653 688.3052389619897  10.0
430.48098309780215 317.7092563544147  10.0
44.024698052897214 551.4711349037722  10.0
47.66999809844996 662.1497617889437  10.0
777.8184002642722 897.1159579937643  10.0
455.6411976072677 19.075259967949677  10.0
14.583498397741312 672.6933719896896  10.0
334.49000086344796 991.8269892723948  10.0
33.74266933800929 402.54771065848627  10.0
892.9850002803772 197.4804301090417  10.0
175.78285418157358 540.7523830565646  10.0
370.79322128901646 384.4779525841534  10.0
520.151574552678 752.2255311694302  10.0
398.95207922980967 777.9917884347016  10.0
465.6048306124098 227.1335312547975  10.0
72.86677712997891 305.39241295344743  10.0
790.4293577430135 861.1327050350188  10.0
483.71313307841 472.3598665783896  10.0
677.1894663351211 892.7879870307945  10.0
626.9775723028849 309.59125170850933  10.0
875.124067618112 379.54708123702574  10.0
60.96773052237459 990.7200218432632  10.0
643.0472833027649 714.9371518042927  10.0
423.4780764347269 433.97830873493626  10.0
366.5813603698469 242.19042946953496  10.0
931.3972733711025 443.29629941470563  10.0
775.7784118238444 903.293862566741  10.0
285.89513000551983 718.9477494080057  10.0
502.6628622544602 777.4977078682584  10.0
984.9286362832421 373.5139437685445  10.0
312.95417688254236 309.6060004460204  10.0
905.1579387627876 425.8532806048375  10.0
722.2051134703728 5.911948094526331  10.0
156.96543105057637 113.92687429292181  10.0
863.8176512053484 384.429441310265  10.0
639.1213950089576 766.7454805229413  10.0
414.8756677235046 6.111600851807619  10.0
423.7426251114691 406.3663693612514  10.0
105.45911802867292 485.03606831361435  10.0
87.54103100073762 212.7833915476892  10.0
838.0821656374711 478.0758177310782  10.0
371.96096295661687 477.71711741203313  10.0
726.1230607995766 788.3633150700788  10.0
102.6560773376065 697.7265738400241  10.0
423.59118736794545 881.8948626401827  10.0
127.85740439656435 12.72706553747771  10.0
963.3026749182706 312.9114883495748  10.0
145.53640258726765 282.91423827352327  10.0
946.5125610175231 781.2309275478286  10.0
680.8679463973449 715.2570378721927  10.0
334.2782579841983 803.495137816633  10.0
148.35012740016361 100.13723170903322  10.0
279.3057310447015 270.33644893981443  10.0
887.0389157938325 399.3768597576909  10.0
406.755630116544 482.7545354413211  10.0
292.7076968114816 638.809366576125  10.0
703.4644518591762 613.5355796977393  10.0
687.3429580261342 801.7135352908765  10.0
707.2609631627232 923.3338673790115  10.0
364.23898791590995 693.8443818396464  10.0
1.5358222012035183 476.07539870773275  10.0
326.05626369402853 556.458355793302  10.0
114.94820761860147 544.6319401782168  10.0
593.5594973838969 540.644706945656  10.0
802.1300819594201 375.2529226913894  10.0
604.3529078974879 24.43898599824934  10.0
338.4753396118033 488.03211587182994  10.0
143.78204444364073 153.6082785721128  10.0
900.577417992868 230.7243312030889  10.0
454.27277710306737 917.6625337745023  10.0
323.60574343173056 874.5173597673771  10.0
654.7299518411753 534.5595892291835  10.0
527.8879100389762 142.90250653879133  10.0
368.2193235826461 910.7362536808889  10.0
689.190840198941 698.5768547213041  10.0
504.00840117310133 467.5114783048675  10.0
790.6710644389177 778.3492026429413  10.0
469.14327198701477 680.5718529175568  10.0
539.1904942243441 862.3103264832213  10.0
695.089664334006 266.16361363279873  10.0
754.670969904549 991.0681459242446  10.0
256.5687192664744 65.77972959309963  10.0
248.38706178170565 103.63637743293552  10.0
532.5689447260256 330.5440475180553  10.0
894.573485805449 558.6052256047594  10.0
313.61765564338884 287.15946205078023  10.0
69.44974050378761 822.5111595607115  10.0
494.7467907429135 579.2001603762877  10.0
882.7416238601296 161.86208396364742  10.0
510.18934039827724 420.69275251310137  10.0
659.0050766750348 59.06339344094547  10.0
963.6944798999401 73.34502574470491  10.0
939.535377247748 987.5292417482843  10.0
487.4507464389044 564.444853215326  10.0
870.3701917735874 127.55233972117641  10.0
722.9584627818615 399.36584509635856  10.0
217.8723889923877 582.0452851809114  10.0
458.7940976320206 390.781266883064  10.0
410.60480160236636 660.0545287109414  10.0
383.06034713666503 626.100136038975  10.0
944.6854081624351 835.9880039643683  10.0
612.4182716607554 25.30539954724098  10.0
209.5384179986589 63.78601105459369  10.0
144.94838462746074 903.2864638908082  10.0
291.9331418039561 227.80407377031707  10.0
650.6896677042225 443.92371168240527  10.0
598.4287990113708 645.9659127208471  10.0
561.5570672300983 17.595690787405417  10.0
199.8205182058248 705.7831353605897  10.0
251.4392893505968 829.4445895540721  10.0
645.9079406778228 910.1278263251677  10.0
207.63068403016604 472.64895861705213  10.0
624.8845447324146 837.183020287264  10.0
486.35208162447816 579.1171474849344  10.0
248.87217547815953 777.7852019973867  10.0
417.967452857536 909.4288642265293  10.0
935.6024091209539 103.4119380691999  10.0
481.6046988450965 904.516190376222  10.0
825.9720671022199 739.3569792380109  10.0
504.2401296661726 933.4898122269483  10.0
428.17758279626486 470.17403951450876  10.0
855.9082711873942 215.179673853904  10.0
711.3588826737725 188.25970493199463  10.0
110.54977715259673 665.374085797685  10.0
185.16043353895296 611.4847149790751  10.0
721.1119964852528 727.4047796173118  10.0
596.3434438256787 442.0724609198313  10.0
617.868394355045 580.6396133675968  10.0
749.5596499521515 416.4616920533144  10.0
280.52413259948105 989.6090253162623  10.0
616.6241154191396 204.6807643383457  10.0
757.5272898923932 455.905830010512  10.0
337.1005454786342 657.7982840167053  10.0
310.1064478578294 265.66250418251605  10.0
932.7395470360766 473.3056821746574  10.0
843.9067590238517 487.3239020068215  10.0
559.2865816663004 950.8249206075067  10.0
57.69857822977753 967.5975321806204  10.0
901.403082499999 144.32452441137212  10.0
286.48401424372673 897.877467539  10.0
879.9205435122967 382.0656030198376  10.0
345.42831149045827 579.1021182789367  10.0
185.3745196096246 821.7892156454408  10.0
291.3949519439991 599.9202141269496  10.0
277.7411179879141 436.1947813761845  10.0
910.4641501789151 761.2032003297751  10.0
399.52593417493733 582.5487766139674  10.0
912.6666825072707 729.3565277273841  10.0
837.8317332576152 100.30185538105685  10.0
269.2664939800228 581.5462484239508  10.0
140.7573622986572 701.881873948375  10.0
863.2763393076042 117.87145214675654  10.0
244.45749165071896 274.3686399416595  10.0
640.4935325649489 58.677155856945554  10.0
499.41903264106037 593.5461601628548  10.0
746.1930865312285 19.616201142528823  10.0
397.9865845125211 866.8666909875047  10.0
711.7182565747086 462.7329227144357  10.0
399.89614377680283 468.1499971200573  10.0
615.5591765707604 658.7554395105476  10.0
628.5524466764683 204.38048147533883  10.0
285.11261072646687 63.94723847888972  10.0
368.0123940939483 463.7535904537542  10.0
28.166447913691716 414.28288100712564  10.0
229.11286732081436 634.1626150061522  10.0
87.25536809049484 270.37726749932136  10.0
572.9087287304297 252.60500153156218  10.0
995.3843899502767 708.5107712030836  10.0
280.562322401954 448.52755132838706  10.0
278.2196079563998 346.25790018808846  10.0
241.05338433827538 377.91795267874693  10.0
495.6962624791154 915.6403321095728  10.0
991.5538422854115 509.98981508727127  10.0
445.0963837871205 152.38961732463497  10.0
790.0395099063124 824.5971679176804  10.0
457.9993143791814 856.8188335304812  10.0
25.68646369984462 206.05322914962133  10.0
115.11054563569112 599.9664165945823  10.0
279.8267201031638 577.8179488771323  10.0
375.8252986539461 698.0897346818946  10.0
538.7148404053564 612.5571513146219  10.0
73.48520666571746 759.2497624795487  10.0
29.082613502090183 173.365735576551  10.0
962.6378871098934 317.64223903624645  10.0
898.4368903381279 994.4861290800558  10.0
21.210915008119002 814.49517998946  10.0
494.28075371052415 493.6423889924165  10.0
508.3627869943044 458.7662365450529  10.0
309.9160759744022 23.149286550615212  10.0
357.87592373752994 306.5374011986628  10.0
759.2111532164284 313.24511647517284  10.0
847.3070957993818 234.9192965728324  10.0
818.6942478298969 338.63540367235754  10.0
124.71364255265627 354.44043920844814  10.0
232.5597803260677 348.02448635118253  10.0
97.62403183371993 803.3115590362336  10.0
414.6516105847766 336.45030735373706  10.0
393.02380550501226 797.6189827850326  10.0
401.2128831361679 811.5275496357572  10.0
582.479420305996 273.41494121181466  10.0
209.16983860780448 307.24246760204886  10.0
633.1232520958199 449.83709141483166  10.0
736.942911685369 732.7326418515747  10.0
593.076005466666 166.8030665000405  10.0
908.2546843029704 308.5233809828195  10.0
848.9827741291072 906.490695784786  10.0
104.13195888782045 538.981800922154  10.0
903.691901497314 994.7277589142348  10.0
54.27423271208654 397.2887313885225  10.0
513.7063354227207 596.5799057813136  10.0
266.18897240259855 658.0173070794698  10.0
198.88949856259708 769.8388746605037  10.0
758.9692724565136 102.44673906080138  10.0
591.008751686841 20.777712972035346  10.0
338.31717213185897 143.0283180082824  10.0
823.0511143626942 518.4532773244654  10.0
900.3917501869973 265.95982941361143  10.0
177.84817492461903 367.0008735970114  10.0
284.28775413804976 574.6141722214913  10.0
512.3973425227521 109.77937785351199  10.0
6.4277711741960175 631.6059804473966  10.0
553.3696410278731 944.8897452981498  10.0
804.8762188155474 743.5703860431494  10.0
19.644693631039488 968.5036195451464  10.0
297.5613888803617 810.2659175546162  10.0
669.3157939544698 130.60287106410408  10.0
215.6174711622707 868.4035819173213  10.0
791.458785736109 487.14488964586513  10.0
611.5351320546941 500.64247725383547  10.0
367.06132083180944 763.3328228490029  10.0
161.5362023499862 351.4818130036789  10.0
108.85885310023102 204.58333462867506  10.0
182.56408588753604 94.31827139979043  10.0
856.4270251085223 184.94953792658197  10.0
266.50843966853967 327.7262312053715  10.0
350.7304633187479 67.16968741358897  10.0
497.75911068748036 44.058114967674754  10.0
241.42999014241195 364.1772506561288  10.0
64.91070698750146 509.75067534877473  10.0
290.60224885551946 338.8214271369925  10.0
703.4160369682974 624.2622073980247  10.0
128.12606582055562 796.7114389863254  10.0
813.2131372958784 83.35507450659108  10.0
586.8431333221725 976.5120808999038  10.0
283.8267556858832 962.4764039405818  10.0
599.700720817666 122.68192562630331  10.0
29.172629286090213 657.2793400414533  10.0
876.4361789262915 537.5597124295383  10.0
985.2684241139449 470.8661406782152  10.0
93.96505188216753 652.868441451286  10.0
856.2823671911212 521.1234998004734  10.0
132.4852448436201 935.1210188429062  10.0
207.82727979332972 56.55955245715805  10.0
968.4122700497749 245.07484322619666  10.0
601.1337734893053 715.3408150931115  10.0
195.61097782018277 608.2973561183395  10.0
337.7131861861685 739.7669509016702  10.0
787.9920735722154 222.06833046751274  10.0
41.34768307223102 667.2097307403586  10.0
639.3921235937191 923.2586748794197  10.0
742.7210075889664 558.5820154748644  10.0
620.7581008010147 272.48983117499915  10.0
351.7302347955192 396.69124236541273  10.0
380.00852397814833 871.7918286582342  10.0
403.49536161890506 889.3716337958123  10.0
876.545373625085 526.141789494894  10.0
746.3102615573792 546.0775684667435  10.0
690.2419595638104 383.67948211159296  10.0
403.2547201676233 561.6602731658877  10.0
473.8337964199661 245.05966660721379  10.0
183.9143677286924 737.3387635977936  10.0
527.9912252289417 819.3158205868123  10.0
748.6313698838311 396.415156412791  10.0
369.9537493895304 821.7734251516476  10.0
734.9356927685656 11.073227249434826  10.0
339.45765056919754 458.96528106011704  10.0
244.28316582612518 46.63872750224096  10.0
739.7905043596719 26.165181824844062  10.0
456.95287022406796 350.9684839891044  10.0
747.1571171645517 55.0706772076196  10.0
393.9336862049093 269.17446395893984  10.0
338.1432113321493 692.3292612106546  10.0
876.8553225091288 547.6785545311933  10.0
782.9151647699964 764.0168119720612  10.0
550.4967889100096 6.63209686370525  10.0
830.8949081866218 286.84094723484355  10.0
427.1311100886619 906.0238835106746  10.0
576.0012010964687 23.75597273701191  10.0
787.9418424667637 908.339033075851  10.0
130.15000964420187 49.84030686686525  10.0
433.9736766285722 549.4204789106736  10.0
656.5580123876555 193.70142482345722  10.0
217.55592268981627 169.22369027042637  10.0
18.495124383536734 650.3369577771205  10.0
504.8637012871317 325.4442363665477  10.0
284.4831482526493 23.295305871049887  10.0
721.2594041395938 815.5372935702327  10.0
597.5397532802917 547.1425345519032  10.0
413.28219854269986 566.4366488117587  10.0
463.9179532770116 265.65698466488965  10.0
324.6308278687551 816.3202988476442  10.0
345.8930827394945 496.8366283169047  10.0
828.2113524047622 209.0585079874615  10.0
553.5010647413752 2.7183689264951294  10.0
682.2975863223029 649.519611496544  10.0
821.73288219923 900.1728873162579  10.0
486.07917324919515 26.697343795671568  10.0
632.5420372114345 498.2521287722852  10.0
398.34850804432807 201.6631159266864  10.0
295.1231593594016 928.3311054520544  10.0
652.8040692439586 978.6353644801269  10.0
33.27177176742357 645.1993576111346  10.0
154.42477129636057 129.9973642058323  10.0
845.2363512460497 620.4218298691258  10.0
973.5960241031568 929.883695768774  10.0
699.325850221186 323.70268933838634  10.0
868.1452217897208 65.99503595951772  10.0
707.6368760282945 393.6497541742731  10.0
58.170286871149116 245.5894807963176  10.0
280.6170125046804 236.2514159496286  10.0
354.52242677929803 289.1382638229613  10.0
906.7815629280765 657.541884482357  10.0
399.0297513845927 13.922063623853065  10.0
124.75301913905923 36.34445306826228  10.0
213.0257120845006 749.8840416741974  10.0
458.89403100891957 473.64699074758954  10.0
470.47268362273996 901.3441103688701  10.0
575.1562189245483 817.0776602572663  10.0
912.9473578226138 570.7180409109426  10.0
680.3685565356324 452.11254663927735  10.0
105.9816095154199 894.1747028759296  10.0
236.0409818038798 276.0619820073759  10.0
299.72841548714746 404.2030296485366  10.0
386.86004520575557 326.54523083610354  10.0
501.64989475916 430.3497895547221  10.0
114.40530958892647 123.07805945531047  10.0
994.9000315837658 276.9282573543711  10.0
18.21644615679563 898.5614686696783  10.0
443.3021346846798 675.2868122489772  10.0
799.1929260643186 546.8740394945897  10.0
412.2969714243798 798.2657688281489  10.0
974.4094417390903 293.4341540466724  10.0
604.9646547582155 945.7595270622785  10.0
87.78185368388947 807.5128348296031  10.0
363.19922084141274 862.8403900229947  10.0
697.6201299379553 718.241769809942  10.0
16.342351518614628 535.6894878269694  10.0
719.9561136498559 270.6748091268264  10.0
473.05806885017967 225.619088846443  10.0
285.63567499599066 163.92624763363483  10.0
46.95812237859731 447.7599940753645  10.0
129.5164001283887 450.3221780667599  10.0
882.4630035068037 578.5263118752894  10.0
671.7132035349385 742.6657632609457  10.0
504.61121094966967 784.7593521790616  10.0
373.6863281385747 876.1317635521511  10.0
955.0054291088404 7.491454608749226  10.0
656.0672868064231 601.9686368161553  10.0
695.8105151534098 804.5591397568631  10.0
650.4701729236526 852.1018032802099  10.0
964.6957977563545 958.8347458189447  10.0
324.1371746122542 606.8948096711034  10.0
545.8393859442905 892.6341357525853  10.0
64.11867798978155 422.7395497919275  10.0
985.590081464231 93.8976365679367  10.0
636.7900991718816 231.8109558390249  10.0
126.1079266538513 956.0299266582286  10.0
548.8589017752877 113.23533885446457  10.0
456.28191707314716 660.8242352206453  10.0
227.6168666317484 353.0854535067335  10.0
186.449164319196 992.6845756123078  10.0
111.04455347578002 260.0301816646874  10.0
141.91693874585397 262.3997076595209  10.0
692.4758980319384 884.129729163502  10.0
540.0153786771094 840.010461706361  10.0
799.8829444502715 998.1823446629766  10.0
466.3850864038077 148.85220638205197  10.0
906.4421385905382 444.191834859176  10.0
398.43068451528484 356.642668778857  10.0
66.8948790738263 221.93959146578123  10.0
437.3475613529939 414.52431474219566  10.0
153.31707907749882 502.30888280857545  10.0
4.856249919506173 541.2601874917126  10.0
424.2637083194195 84.92319890655031  10.0
636.7544484219859 727.3203986534654  10.0
102.85585365300088 687.8243096334318  10.0
162.6244472739521 342.38601939599357  10.0
562.2296985711724 856.3301758243583  10.0
999.5092213756586 469.8361127850813  10.0
920.867963415911 208.87643799672162  10.0
507.09786506804954 163.07254363956224  10.0
335.6862295242955 199.5596699299861  10.0
352.9366799188257 421.0763269090466  10.0
47.347955115784934 570.2643749758719  10.0
618.4099765559434 314.3785404970483  10.0
280.1337576070668 189.66992433354469  10.0
939.710110370126 357.6675480662048  10.0
427.79183686420055 32.09763297330892  10.0
322.7432368598172 921.5436884825208  10.0
567.1480662307538 636.0721788453423  10.0
396.8943747826187 203.4713202759757  10.0
232.8560445866179 500.635758379986  10.0
779.8009053742323 36.767398611817995  10.0
559.5187169510672 526.8674827533057  10.0
913.7608919547694 606.5048041176956  10.0
351.5147335999681 792.7240930200431  10.0
204.12926658297226 962.4975865080748  10.0
376.21443891389316 661.2330004531724  10.0
541.030775524028 72.0745336205224  10.0
192.87199299032932 465.23190143816737  10.0
