1000 1000 2 10.0
80
598.3745752269933 262.6624154503112  10.0
575.7345328821697 644.6182140869057  10.0
568.7007666749516 182.06163388476492  10.0
81.8425296663946 226.89085503089535  10.0
339.30959256852276 416.9443987870718  10.0
941.3538911189743 374.6347604894197  10.0
900.7395705315984 401.6810361055991  10.0
626.4471932186838 806.767907168724  10.0
500.51214574647696 529.5438414056975  10.0
541.8634556199469 714.3949131800844  10.0
66.49930957031248 115.31008759608652  10.0
549.7261995135323 93.9246867012563  10.0
152.60082323579394 312.15845586957715  10.0
685.875594747389 465.03837841095753  10.0
511.0089746343386 885.2329362385066  10.0
895.1398196416918 56.05793306169626  10.0
286.9416950843211 862.4125357233702  10.0
520.1928334709655 298.0543925395516  10.0
4.575104362130489 732.2393033249772  10.0
967.1256583949094 259.0738614882877  10.0
967.0089789975427 39.62091845163651  10.0
440.58291830348264 471.14876503186355  10.0
428.45022597128803 941.838704785587  10.0
892.294909355952 455.300262523559  10.0
913.4001467983005 530.5552341864258  10.0
359.0604154562078 133.52751612194623  10.0
355.48409066836007 499.9304914631234  10.0
679.7131645112279 231.81807241967013  10.0
307.66238558554403 46.61906438087937  10.0
175.33082242122856 724.5029705918828  10.0
335.91412068229374 724.3354180926852  10.0
252.92199142413918 347.81889617455874  10.0
850.086139548536 343.83775922267654  10.0
50.05360904730194 219.32929044840853  10.0
48.45132473182523 908.5955570556754  10.0
176.35731591865812 639.8947600326194  10.0
356.6223263855839 7.069694466569132  10.0
327.580160866109 226.1728981781126  10.0
726.8176742414977 44.44825911588446  10.0
48.82127779667833 624.1659716775827  10.0
430.0792448563683 189.84487292202957  10.0
205.82334620917396 188.1245423894602  10.0
521.8916963055027 939.3809697565798  10.0
786.6633218671499 174.15390884371251  10.0
990.755536448939 751.2371222840338  10.0
500.9144191020379 194.15919513104862  10.0
709.6178957344206 295.67255117224465  10.0
269.32710985416395 903.3045028142798  10.0
701.6654635596087 481.1764427435166  10.0
104.303972025369 152.94979508686092  10.0
904.8369186462461 567.3280153914334  10.0
69.91951465089596 131.06894696078598  10.0
573.5126809023018 355.6073909870704  10.0
979.9628665964345 333.4413314117324  10.0
691.1920326838748 661.3122068256749  10.0
243.45758958257647 561.4476873645406  10.0
284.5688445019743 12.899912461394546  10.0
799.3395358856515 526.0914388699862  10.0
327.26884377101584 799.4893024679889  10.0
395.45024353197766 52.90408411303182  10.0
0.6131679334354656 892.918903392838  10.0
561.7299067966081 328.6837233689729  10.0
439.1238915439316 107.6741225213631  10.0
503.47049223884244 108.5540312806953  10.0
730.0894117212215 730.1588026788332  10.0
797.7161797620792 310.6201599138234  10.0
859.3589018099391 748.2013522709562  10.0
214.37478565874423 965.5376336138759  10.0
499.6362740008181 342.3491151619527  10.0
203.33063222803904 59.59853620598909  10.0
22.896479731104534 662.4192267739172  10.0
589.8254381549988 412.4791906766833  10.0
885.1475118946895 905.9377251969318  10.0
802.6008992450364 364.58169369381324  10.0
579.6138656218742 239.51365252071488  10.0
522.7726986620189 713.9419366548275  10.0
683.5183652004409 159.85756674526363  10.0
986.1326815720972 38.964278527385154  10.0
133.9908425328765 478.0693548947752  10.0
297.55230132921685 270.783645013101  10.0
