1000 1000 50 10.0
500
476.13932733569806 554.0147507459266  10.0
259.27362296640246 157.45740457032852  10.0
158.99943369448587 309.265398740176  10.0
778.8228991248291 454.36408266612773  10.0
943.234047877136 288.0704233198813  10.0
199.46183814934747 95.63499675363984  10.0
718.4545692951449 120.82500608776736  10.0
433.7355007717787 465.76669988672626  10.0
330.3959709996763 200.81364931426526  10.0
296.9190554667294 11.984524962294852  10.0
943.2538698643682 999.5587983303233  10.0
98.68326107323632 720.3963149814151  10.0
177.2755218372324 434.7446513536636  10.0
347.43183356400044 862.6323210014395  10.0
91.21592297586811 802.9535175353998  10.0
680.3783648375907 338.19652783554045  10.0
736.4957482530667 298.2416078241897  10.0
55.28186134956137 337.1698183792676  10.0
448.3751720580705 677.6195555218751  10.0
443.8616334376021 978.5685550154905  10.0
259.18346827144603 205.7929016533634  10.0
752.2640582232007 41.57682774115534  10.0
819.6217235956192 614.0557129191606  10.0
460.55484042397035 900.0342006695976  10.0
996.3815435080445 442.02092719211885  10.0
521.0624007110208 294.97547186140326  10.0
877.8003239844212 795.908608644939  10.0
384.4992465633227 635.6822128276134  10.0
263.99891445768134 253.403674290675  10.0
633.140011713923 106.62084747873702  10.0
843.9254492352709 372.6328787994231  10.0
591.9362292686703 975.804921261998  10.0
168.95447097913873 21.600163373678093  10.0
461.299575464847 149.5348277137175  10.0
221.16799413257527 534.4586355249583  10.0
969.3866599760406 199.13065609040848  10.0
844.1709095479094 522.2863007836356  10.0
277.0705324454528 797.1891245082771  10.0
555.2704220868314 18.572108762125673  10.0
885.3848522812642 744.059029547144  10.0
290.0751051020348 523.4072058463125  10.0
593.0790503022155 539.6439279679847  10.0
444.04633167395934 425.4162320238162  10.0
131.0236971377271 761.3046024546702  10.0
170.2609180838852 226.75215424401384  10.0
960.5572622655217 345.54836870712467  10.0
268.6206827019478 974.0167151388143  10.0
864.4669941935787 239.35563784337256  10.0
158.97097195362443 306.7587479439678  10.0
382.14780636464343 786.4090828242914  10.0
369.0670624810125 575.2405513508832  10.0
844.5853646012071 644.1539922418842  10.0
688.0534484370787 550.4521805962539  10.0
750.1601792939186 989.533043652198  10.0
637.0981531813368 351.8927475940479  10.0
488.87201514779457 264.402496908849  10.0
191.0502644204004 352.42600748281137  10.0
970.4348264643055 736.0509622611409  10.0
748.4656989982083 984.5578006469729  10.0
540.7942994555106 703.905961484851  10.0
192.07284911759814 568.7707732197142  10.0
681.9715193485421 270.42751771736806  10.0
507.726096755719 512.0919091528082  10.0
381.73788999253543 212.3521746871141  10.0
837.1217736646164 483.8565561169584  10.0
732.4780981162736 637.8646967240506  10.0
28.028094933355895 465.67243675681937  10.0
272.69923097199165 795.9391015809291  10.0
715.5064443154558 893.8757749473654  10.0
819.9958996993767 616.004362085074  10.0
718.5786725925853 465.31068340340056  10.0
60.88286981314117 299.2544359835717  10.0
69.02117844924138 561.0525479968497  10.0
960.7579716355864 557.3364115757346  10.0
302.4432777139565 657.734323582594  10.0
136.35986623314324 899.813998107316  10.0
736.5338522119876 542.4247638831378  10.0
693.4366824032999 708.7188627273964  10.0
337.3369658084012 624.545665425263  10.0
673.9433774548345 706.6648901281437  10.0
431.643446452551 147.1051465646035  10.0
179.93653802301756 824.4158600317437  10.0
962.0623873452593 639.5621862945889  10.0
445.43789427030765 404.4600115454644  10.0
201.06259782013046 525.9276453896642  10.0
612.888659176103 139.0599922257485  10.0
841.2510531019968 404.24519329923424  10.0
737.4182338963291 134.40986937118947  10.0
161.38160834267535 147.38520164040438  10.0
590.0033917179966 16.94541535188754  10.0
531.0640420449841 640.12338475081  10.0
159.69439928292462 53.518217958246964  10.0
861.8699383971767 663.7654086853817  10.0
365.43679703140697 844.0573869437683  10.0
738.5084541864303 167.11715354040723  10.0
379.6190739128462 263.50754546327016  10.0
870.971688545266 921.3901246458679  10.0
138.32774096577526 979.2453105287241  10.0
197.0258251809057 346.6699390702529  10.0
67.39327315738197 50.840785291351494  10.0
434.1509833863867 118.86523431551099  10.0
788.6615289742114 830.9446946318612  10.0
131.0087827548082 18.593176520408704  10.0
587.5270776884128 629.2454408809501  10.0
300.7439491664765 367.2471184265711  10.0
720.6165454238773 375.8550286155745  10.0
531.9021095781372 310.5306508976704  10.0
221.61118607901787 826.1464351216191  10.0
67.47302693107659 156.03170662775233  10.0
723.5500011532091 685.9791658035235  10.0
718.5446491341288 948.9489462076201  10.0
957.5558768164059 404.4138951143811  10.0
636.2803651148657 478.8725754092341  10.0
10.779060987438305 280.43102995857504  10.0
904.4080478327583 950.5597450429236  10.0
130.45352664140307 960.8321612156786  10.0
634.1361451152445 622.9344069241798  10.0
846.3137458584454 368.4174665317025  10.0
744.3888220777283 823.0808104898562  10.0
450.220761348218 592.6961044148567  10.0
892.4783378728107 875.7877707534252  10.0
419.6976204700865 299.800734376379  10.0
83.80985529165974 654.2414130967302  10.0
201.17679574064528 773.9413464599081  10.0
333.9400504801535 653.751790431787  10.0
879.1126388032876 789.6477946215844  10.0
382.2876422457481 717.9386846289204  10.0
648.7140761313304 132.21419110995691  10.0
864.0206553680033 805.5907536402386  10.0
682.9045681839729 733.1726912322863  10.0
535.1214080503444 476.4510264326083  10.0
938.2171785832318 68.28797268792064  10.0
115.35715166280858 95.47105651904064  10.0
679.6848352169052 677.478187401096  10.0
64.8606501207224 107.61509138484482  10.0
21.38696289898967 409.23163776240614  10.0
142.25170539561606 119.08453355549476  10.0
577.1655495846306 266.50306405866763  10.0
905.7069399018483 935.8721766794101  10.0
395.12527245566906 536.7371543735709  10.0
413.1119448161971 156.84463055663045  10.0
709.883362750089 225.5811030855104  10.0
253.4065401169937 396.09059858013387  10.0
688.1372916492927 682.0118552046483  10.0
698.4599947451985 718.0615243145594  10.0
265.96905912311473 702.0182881726537  10.0
203.29011390826457 409.07026637076314  10.0
380.4072161250797 328.64188443077455  10.0
702.1666101514228 780.0025794195826  10.0
383.11858888345284 28.094208660929375  10.0
149.11531422408575 297.635393333694  10.0
190.70381856658602 914.8331601206203  10.0
533.5668026689514 975.7442085758788  10.0
773.92210474439 222.89408754760422  10.0
165.36932703383633 622.2221952860021  10.0
917.2720048039172 276.4360740765277  10.0
368.11280615115203 234.72151942428178  10.0
790.7071663350401 799.3775754523192  10.0
845.6866575357768 564.8671196243171  10.0
766.8666822438854 522.1599163055646  10.0
894.2211996593782 629.8820302938111  10.0
90.05224980228942 693.0906497746802  10.0
320.03922548788057 740.5024181540739  10.0
457.2850577340275 282.38378989957704  10.0
393.9698328177277 435.3495622149822  10.0
307.12713609237517 378.92687259416755  10.0
423.35455801661413 564.4650313377806  10.0
628.5539774359967 522.9698023509775  10.0
555.3012750741186 648.5046268694631  10.0
400.01590573117073 492.34407087322774  10.0
238.21846803044178 555.1250980489331  10.0
347.9279862359895 365.48485949809526  10.0
363.3888882844665 480.387663678262  10.0
574.1793743334694 521.4430128891769  10.0
484.318371671547 200.54033413769966  10.0
743.8548757299149 605.2376304377872  10.0
668.8215661573868 568.3311700315346  10.0
947.212763715566 386.31406249939573  10.0
477.28377449358214 268.0426311479114  10.0
54.06470378476824 868.5365104102362  10.0
280.2637689674292 914.7271896209008  10.0
364.0551075653038 972.0580349881576  10.0
629.579789226292 685.6628279188334  10.0
622.9386300308282 600.5751276418952  10.0
679.2467853155591 805.8361656244574  10.0
22.806566523494887 931.8879141024017  10.0
716.110237166564 374.3003863908667  10.0
633.313721649487 325.35148192182197  10.0
704.7476481792147 214.54370566176485  10.0
821.3098461570746 326.7170654289282  10.0
377.18639722243006 659.5436784794958  10.0
607.8801408665622 869.027089534012  10.0
805.2118530974952 440.9712280160899  10.0
584.6521385470617 917.6407472813553  10.0
581.5177981873776 142.04766749069353  10.0
965.326726954867 488.13224467271476  10.0
705.6762088762587 994.8469838871176  10.0
583.7435500036855 177.71675541499522  10.0
21.88121512904251 155.374653689198  10.0
166.39158532156296 94.02380921624243  10.0
587.6480208127509 973.5433879185139  10.0
5.128636797425923 339.45186117695624  10.0
666.1240941062904 190.20499415274227  10.0
234.9734059114309 15.001573931034407  10.0
129.3969144728002 439.6873380280647  10.0
282.186914560781 44.39979745323874  10.0
936.158722560948 913.8233845672645  10.0
689.4603693707408 987.4896998390309  10.0
4.31541806381408 552.249389729548  10.0
447.87900050241126 411.27751907536145  10.0
237.60342175225801 663.7875460409547  10.0
169.43244515924528 317.6892306660578  10.0
685.0047082941609 455.01820520374645  10.0
919.1941125274441 589.0057379174438  10.0
812.7268923158028 544.6850461531967  10.0
292.89335145911 405.10816275253194  10.0
650.7417197185565 176.36650738620108  10.0
373.4557855712628 111.07990055273443  10.0
139.35207127135706 506.88492595290825  10.0
529.1888974897169 69.37507079477034  10.0
345.9837914920456 44.214832669248416  10.0
626.6415366911447 617.6781525928999  10.0
348.3756986166409 36.19012289265711  10.0
122.76719576619399 371.74279814995526  10.0
487.56719309322284 370.0993199365203  10.0
673.8730784527517 761.9122862157044  10.0
382.5598549738847 333.29711554389917  10.0
352.93778528557175 872.6882473259399  10.0
568.2557550933508 406.2495091524821  10.0
302.23304312383715 366.6279095305914  10.0
869.2517503825653 111.96868322216635  10.0
664.7851904313218 517.0146825314005  10.0
654.2958347733137 829.5830056233799  10.0
936.0647948604291 148.16048248831538  10.0
929.6878990453523 394.8267353587732  10.0
456.39382992030994 587.8627214685506  10.0
824.6338948191218 256.5226478760436  10.0
624.9112700461131 573.45275017897  10.0
397.539146385141 935.670544954326  10.0
557.5400166497551 421.0361823747617  10.0
849.452872743846 542.5427297971146  10.0
334.2492218039991 666.9406131053362  10.0
169.3525863626625 147.22752721511733  10.0
685.0075827886162 821.0491497598238  10.0
955.6837906300503 870.3505184761709  10.0
949.1752633274092 833.6130770346076  10.0
659.5466938515165 663.2420541698829  10.0
409.6831466424804 370.30062601086524  10.0
777.1484922679572 880.60925331687  10.0
651.1996762669415 14.652956936963445  10.0
582.6159856915974 913.8091110918766  10.0
420.5876673950842 72.78270762856897  10.0
836.9902329548964 349.1089051124854  10.0
578.3044011716872 742.0641638785632  10.0
535.201319150925 342.858814514963  10.0
121.00007328754204 23.728690519611796  10.0
160.04783766791908 164.29094770518293  10.0
928.4215562018649 908.6923015314981  10.0
100.6822829778794 146.69793456700987  10.0
841.8294528762204 46.60751249553818  10.0
862.8302348315134 609.033294265542  10.0
916.488446625235 320.04437881653047  10.0
448.94767801514257 662.5148958946969  10.0
207.39216862504017 488.87057232454623  10.0
818.7471335463679 200.6019115819887  10.0
245.23562738139702 344.31423868128684  10.0
654.0005798102522 785.7544967605706  10.0
438.74976407495416 617.8571174195624  10.0
746.252435434282 592.6750334286475  10.0
999.8640035780686 227.01975539889497  10.0
202.05407705161315 45.268187287110464  10.0
629.7645081341205 308.26478340146303  10.0
317.5563203285229 293.3464491483757  10.0
126.76746414822948 886.6579906077978  10.0
412.77396219803774 215.14689893727746  10.0
281.0280081472667 962.5911721470169  10.0
135.56264911879302 203.0139896851646  10.0
906.4570707851312 257.78487456779675  10.0
746.3246841974989 592.1419160290216  10.0
626.820115267372 855.9529696040198  10.0
676.6875559248814 226.05964994976557  10.0
80.84321542766571 497.9252973792513  10.0
218.87475770677722 317.58055040522015  10.0
540.2534420294558 346.68860174190365  10.0
547.215716445971 460.2272834882127  10.0
545.0319695787734 624.7199903759733  10.0
399.21788655362434 372.6826092454256  10.0
51.76041017579569 644.151086382485  10.0
650.8504105288355 717.6044498981311  10.0
763.7916736509338 399.7156412322883  10.0
709.1660629083483 126.18409676592634  10.0
766.0787819317119 75.09674400300659  10.0
115.11367953738105 381.1143882154047  10.0
322.8464441068346 525.2041834105453  10.0
0.3709222581848026 563.174162146243  10.0
712.891870074925 40.07674563110497  10.0
74.25292753476631 850.4246594631894  10.0
275.1524007201033 470.5177258412906  10.0
630.2295187938132 574.0517865826274  10.0
416.2799834946527 101.23691505469634  10.0
656.3099911890748 81.17836453062299  10.0
192.31307565736046 494.1851752210961  10.0
509.53088325776605 932.5082441584273  10.0
218.13895340616173 892.9329199286059  10.0
772.0091540736414 971.4544731226318  10.0
81.29033569769972 678.3571434801262  10.0
844.4994161053849 841.4418070801445  10.0
140.72236397216952 796.5662019457095  10.0
553.120212229394 599.3634456196728  10.0
576.566869508923 41.90494693527646  10.0
545.8917536995491 175.71078212311164  10.0
823.4633548485522 571.0477732038304  10.0
537.9528952969591 565.6841545975863  10.0
67.91653404373 48.60035673619101  10.0
527.8028549160301 800.631132768779  10.0
319.23280567026524 380.2954152006758  10.0
951.6388618446014 945.4488317387796  10.0
673.9390962629315 76.78195927405807  10.0
368.8379384301157 595.1249899443737  10.0
785.1893900153295 909.1709083991549  10.0
678.8575955514871 602.3818755215694  10.0
221.5151054553417 666.9148532157149  10.0
58.30639804096438 58.426447407952885  10.0
353.3784504238148 509.26344719355444  10.0
776.6624134217611 870.0988207358014  10.0
641.3375590212855 613.4494151730912  10.0
800.0938569177623 629.2504156983938  10.0
716.2356513962519 565.9255776462686  10.0
625.0626668197672 853.972013016736  10.0
439.67653657363456 217.38573401065352  10.0
96.86877869678202 96.33142988223963  10.0
212.15143062583442 527.967701066851  10.0
63.01875628383469 857.5689243668696  10.0
156.53280212163423 265.9498853851324  10.0
587.2798037639964 729.2382073686854  10.0
446.2530473044448 291.4175329571499  10.0
107.5058546444474 687.5694665931649  10.0
970.3371079849778 555.7882367382654  10.0
358.799952980867 8.370217725274909  10.0
731.5599422830625 878.7508956704206  10.0
103.30274333737843 841.068573905484  10.0
859.3508500261065 26.086066095543316  10.0
708.8742024640858 83.04285797771539  10.0
885.6689630574294 604.9997649215995  10.0
401.1620215160562 829.1703445484757  10.0
979.9248003976063 818.0168115515646  10.0
577.0264003135353 336.56710044560754  10.0
168.12559304262598 172.1441198599868  10.0
912.0179810950391 140.77984134935727  10.0
171.77203677925934 826.9279740246652  10.0
120.58199164634298 687.2300203329853  10.0
393.6375965463981 383.1937031060368  10.0
134.88813165737866 600.4989677137077  10.0
750.411146101112 563.6702807340698  10.0
156.66264949116737 504.0825693143622  10.0
506.2869432334085 417.36602439666717  10.0
506.1250483373605 124.53254130345981  10.0
996.9361719044006 391.476109630492  10.0
443.10922574652534 266.44060745440646  10.0
149.89677366754273 857.7666322843979  10.0
167.67441485269487 128.51095957746384  10.0
5.269495095408305 454.7933575503339  10.0
20.9890228997498 346.0055671525223  10.0
19.709292076180663 912.9783675143427  10.0
501.99573363196816 91.13549747242344  10.0
797.0538266714524 866.4812515133143  10.0
91.34401677722714 540.5111414300703  10.0
30.53087853698855 523.9652872482358  10.0
31.301880685232987 27.552713360963878  10.0
864.3395990316194 969.7742188784486  10.0
148.83575535101923 237.80188596376672  10.0
586.5008357223662 297.6978769019694  10.0
528.7736865909046 876.3640706198571  10.0
550.2240909136423 741.4200699090504  10.0
344.94373523587365 339.2504028544744  10.0
487.639920841071 458.9057826582107  10.0
439.4059969183227 54.17704977949056  10.0
927.5983416015399 652.3986308134229  10.0
303.37316716624275 321.4189731831841  10.0
258.334846944154 261.36407792354123  10.0
958.1412369969548 681.6040150497945  10.0
86.15834590760252 552.6273713845474  10.0
860.3283732937697 64.87225418933684  10.0
932.9151352027316 550.1196916724608  10.0
362.9467629882468 234.6151176442942  10.0
987.8366377274089 396.0599939420878  10.0
452.30830128956745 329.0469304750245  10.0
583.4784054671777 416.0637511773806  10.0
450.49247865651046 625.1514624446024  10.0
300.81046309881634 872.5843414355036  10.0
124.08016712375169 2.084808410351191  10.0
125.12055377048515 134.25656392449125  10.0
172.0847390245369 964.9046490636624  10.0
872.2428815316068 263.1258968853908  10.0
379.487644451328 504.5356529254258  10.0
183.72698604176995 827.4112817872756  10.0
817.5126999353575 516.1692789285056  10.0
749.9131082974396 84.36313516429993  10.0
347.7496199274734 975.8356821695606  10.0
61.48100651537636 545.9424283651696  10.0
344.4637382028689 583.6742786705152  10.0
912.8922203799572 339.46082793079466  10.0
987.9061484481516 122.46842900508082  10.0
85.24580577304097 705.9856082306205  10.0
701.1638704047474 351.29957928989364  10.0
121.42044191714518 441.22776388367544  10.0
304.06750097923174 856.7137581564477  10.0
872.9762735644424 76.79478015772467  10.0
239.89941502075706 917.5842770538097  10.0
546.142482013082 124.10500750187636  10.0
794.122603693922 104.89166602571731  10.0
303.3168652767575 758.923077799565  10.0
569.0765337750355 33.93252502227773  10.0
86.85692468434392 911.3910615794093  10.0
604.5634092822002 414.0068978641923  10.0
223.54159073635915 844.5936865473018  10.0
441.4742337837859 299.42348232692075  10.0
540.9360916641334 954.1098108517043  10.0
114.08104466663815 235.7007485409719  10.0
180.99271929172457 701.6667972910393  10.0
526.3478910500545 816.1313987333187  10.0
31.57251939042871 307.92815591510515  10.0
918.5903132412019 16.41613375232076  10.0
713.1742177066261 72.6091532661034  10.0
163.03875024715376 558.8624223824128  10.0
356.0083740436778 964.528968866708  10.0
440.338626835424 472.6824394735909  10.0
981.6561646353848 429.87211384720405  10.0
443.746215463248 963.2139027678611  10.0
163.90399811439482 203.8459445901758  10.0
633.7555804420839 680.4260651342665  10.0
784.9465083865468 279.0848334305037  10.0
223.11903504917473 485.862828998884  10.0
126.00199432256987 83.56646340245489  10.0
510.6996546927203 857.2132800765739  10.0
235.48634469153674 351.4684569143263  10.0
902.3213533264113 140.9896298909089  10.0
503.24264548848186 132.30894212947874  10.0
457.7579834476324 966.3313460311291  10.0
635.9250141294254 876.8778926656214  10.0
85.2303953989324 266.7432085237512  10.0
776.4877392784927 562.8804391484982  10.0
568.2557832434038 521.614309103227  10.0
339.8311139679767 378.8772358462752  10.0
454.42157156135477 25.653981702025707  10.0
247.00805253303338 572.0214002470543  10.0
461.6312553047328 221.91965987240724  10.0
631.9959848424313 683.2550975125761  10.0
464.5974173698247 392.90081930926624  10.0
767.891556649779 543.0433033856524  10.0
312.8326686223143 294.16212353786574  10.0
913.4855360641977 81.38620293457055  10.0
701.1167444639125 636.3381548015485  10.0
16.528261830893175 217.76563472874057  10.0
64.39363596923198 673.8108010640922  10.0
726.5969923326459 839.8453133829425  10.0
1.2800829298430516 542.1898249337654  10.0
968.3277707401253 154.15837871414107  10.0
43.84268786057832 401.7560350180092  10.0
404.8766566101736 497.6799465888575  10.0
686.0276338311345 890.3154256766138  10.0
481.82622678843643 36.09652158076382  10.0
459.1038343315952 866.4520198863171  10.0
383.3549068552935 642.7480171796334  10.0
499.70629698471095 932.9557945715036  10.0
155.33852642826497 651.6323860463043  10.0
494.54389916408536 770.24162742187  10.0
454.154722539584 108.52664132767842  10.0
105.56147851850196 880.8637268564149  10.0
865.312324212915 606.1924530169449  10.0
980.3231897765213 948.769608368817  10.0
502.630085303124 782.7983237731074  10.0
234.61059346588343 650.72623013611  10.0
646.5397074517572 87.10458487830897  10.0
857.7055034744351 422.3904250484959  10.0
509.19034850857935 469.6210769312812  10.0
835.5538561742601 377.7844323803049  10.0
824.3833299880487 245.8622987991086  10.0
912.9840556282584 308.4768538040735  10.0
851.9668529933326 495.9880420451663  10.0
823.3791322221177 447.5576342877247  10.0
559.1727254678663 14.531863035703974  10.0
502.67920381532895 473.5359172597233  10.0
195.4781445501479 4.583899701242178  10.0
274.31679479912907 50.577434535130195  10.0
212.9274331647698 422.7088423172701  10.0
242.66448643800388 54.03803952317499  10.0
500.4500480840194 124.04309577646677  10.0
164.8009047582273 514.0386052137561  10.0
198.56294730133118 731.4302303782415  10.0
883.8771255260791 224.8658278252339  10.0
939.9465590949233 458.11722228909315  10.0
2.093081977326272 914.2724001030881  10.0
221.73577275485877 950.4482816276687  10.0
847.269162058168 844.2888729140051  10.0
756.9681725125721 585.1571380143931  10.0
944.2251711727605 723.9492487559019  10.0
75.48408237619164 555.2725451006052  10.0
140.6557236875273 854.3705321131657  10.0
348.67384050088765 509.31625191666586  10.0
