1000 1000 20 10.0
120
200.34512552858575 697.9760058476918  10.0
961.2941309128089 137.81684310521058  10.0
794.7458113356754 927.389763926952  10.0
517.3561604654755 941.400236788109  10.0
344.60754030489807 764.7864627217897  10.0
216.76624815871858 188.55196603257485  10.0
120.33885258787546 302.6739516054071  10.0
960.3783219774866 697.8237024490326  10.0
260.4919857680177 86.19224620453991  10.0
122.5583185559801 140.274907579246  10.0
889.8213931762808 426.4435584130731  10.0
763.6757245495717 17.5680896104361  10.0
930.1836993530547 136.49970991670057  10.0
276.90737775095795 81.1886374280133  10.0
509.3390944674857 674.4918522068557  10.0
910.0572583645869 669.8711648606276  10.0
389.31540134237275 421.35239505631716  10.0
135.32349486515093 826.1021584393948  10.0
633.8477373833285 95.19277132853776  10.0
153.41996410149005 467.60898760184324  10.0
813.5084815473023 109.9645842105088  10.0
913.1864103012902 336.03291082324995  10.0
407.49339844976475 22.966151122711164  10.0
903.797927483346 922.5246296238479  10.0
702.6315045982302 83.91994184982288  10.0
633.9107076964982 78.78811182718847  10.0
413.03822792447187 297.76114202652815  10.0
150.55801612279873 562.1388889831162  10.0
447.93212115265055 343.94114301588996  10.0
170.336342145606 334.4314661003448  10.0
740.4878074167095 156.96387906684507  10.0
396.3990218804313 37.24941285706929  10.0
817.1989081897306 966.0372299034323  10.0
377.00033726405746 699.5413428896687  10.0
835.0763661614731 116.13571964536062  10.0
824.8102094326016 398.9244242507091  10.0
143.1091884480764 48.43438178052062  10.0
660.9461975420184 294.16659445698355  10.0
34.766243143397716 404.988414921125  10.0
173.6454989880526 173.89737036757856  10.0
249.91910630609237 340.69675599174644  10.0
588.7271093294381 425.3865365570557  10.0
957.4177475725807 775.0021069879282  10.0
37.46976813762126 117.26870987413307  10.0
403.65228583309886 496.4435548747811  10.0
377.2592012322009 711.3811238038932  10.0
147.78560374210258 745.0928971355536  10.0
571.3332400060245 771.420985506094  10.0
820.9432067495717 141.068447343767  10.0
366.18130233756153 919.9175948963608  10.0
644.4983637374133 601.7358401395043  10.0
818.6304501406285 210.05370471967544  10.0
521.6917804868629 195.8677160368506  10.0
819.3770890693951 25.15986639948753  10.0
377.17708578607466 719.949759690898  10.0
135.69990086720708 596.2438246589702  10.0
560.6848821051517 149.98335563884856  10.0
653.3162602571298 236.7070320089395  10.0
553.8491029244777 21.55016459423098  10.0
435.82066457960235 433.4386696161865  10.0
923.3418641523725 221.56736661648745  10.0
939.870713175278 4.767029928198996  10.0
448.8138726740234 637.0765490860032  10.0
225.26220115548213 638.287010200797  10.0
620.7394729467401 599.573507230111  10.0
281.262054663634 255.3717235272117  10.0
251.11642692958148 87.80002162577205  10.0
654.0437180203328 814.2148716239725  10.0
769.0729623976184 207.58263630058704  10.0
404.7968298669815 359.54006140907256  10.0
883.7850476742649 554.2180447015302  10.0
54.05918158969136 354.6521951951317  10.0
688.7095187513551 681.0681107609843  10.0
575.045467428256 590.2947797425495  10.0
953.9894551331374 47.44208843994324  10.0
687.2243458646576 254.81660006201457  10.0
307.99015807746935 499.50739282349076  10.0
671.1213311245843 71.43976747243019  10.0
244.27556028518492 549.8845707814096  10.0
676.3019888670763 760.9606151602703  10.0
406.9364110474961 464.74590610805257  10.0
26.71625675975786 472.0036988265259  10.0
405.0331652037169 441.65143090286153  10.0
341.0615513260764 235.9884123371302  10.0
486.0181132840682 967.0198841590721  10.0
380.5484651136599 950.256524740091  10.0
758.352789804398 779.0465372849156  10.0
412.4297035784853 870.3485074727027  10.0
295.13835506221255 730.0438111123862  10.0
534.879579939493 101.20486720075006  10.0
373.42797121817284 241.59410574294083  10.0
847.287565708226 117.10855742101234  10.0
307.99210980612355 976.569428906864  10.0
569.7564555448132 911.472841079467  10.0
823.659087708415 813.9853809727117  10.0
216.57153157031073 980.1186227367673  10.0
676.9545132070024 205.821799044138  10.0
710.6346845082445 975.4741611861285  10.0
285.6153290210444 519.3560922063457  10.0
889.3331609542163 534.1688377454664  10.0
453.65530495464134 24.21946034602851  10.0
197.0393932103368 476.78220067631173  10.0
890.010604316623 770.3004820437751  10.0
485.41520229096557 306.0482081001169  10.0
110.39547196357158 720.7841185591145  10.0
749.9200392682458 688.6038808995505  10.0
484.84992761678836 154.02859041880436  10.0
319.39920270811774 395.4104103269465  10.0
647.5624039207752 528.6468272996242  10.0
485.3552730381149 997.2640364639246  10.0
220.90251149828643 718.0726747213911  10.0
808.4816411771234 464.3530229307413  10.0
822.1999353119055 764.0565506735134  10.0
372.2642867021947 702.6059940462583  10.0
619.6577587896796 72.9493809799776  10.0
66.93439173453464 974.6162349255452  10.0
282.8893537850223 284.2972698527824  10.0
581.7804225319364 99.21513538262106  10.0
33.92034575108616 878.183658884218  10.0
159.80586392565797 301.30773703283273  10.0
