500 1000 10.0 10
100
263.2962787999195 67.86349490826427 10.0 1.546514983856071 1.1942132157675365
381.61261480398855 415.8952339022376 10.0 0.28664943291910183 1.1905743558916815
243.70565290033585 620.906704354994 10.0 1.6364920097532154 5.554732086195348
85.84097348746688 745.7808783952743 10.0 0.46115315558303954 3.078738526558398
246.12728042197378 308.00564104534965 10.0 0.30401088925623115 1.1726826090925653
255.51921814355975 12.294103954673897 10.0 2.7697524555036215 3.0279856134977217
361.2013360482212 74.7509101438163 10.0 1.5263302046947151 4.927288134791128
117.25624049423101 171.32994497117403 10.0 0.6122711407805895 0.6561451294824415
84.25801146514605 958.3679793036721 10.0 0.015263167150403571 0.7418514356266779
476.7954606537942 59.26758967173118 10.0 1.0049650689572767 4.104975943529168
285.91815962346766 388.9419273728094 10.0 2.4664337792662288 0.2525086182988212
482.11105782297994 696.423007614995 10.0 1.6496936608107704 4.111294862766021
373.64233383939734 246.0742055659264 10.0 2.396601994415961 2.642673802678127
54.991904962284735 629.1365934939078 10.0 2.444219743726153 0.016009978250455865
130.55657039728575 799.8779896853373 10.0 1.3564876917778417 5.642262583391453
39.94112863047478 564.4025641525138 10.0 0.10050421551781924 4.3008751716657265
342.8827287378569 915.217915936393 10.0 0.4459186362413661 1.3500934511938154
244.21943310360516 800.9457467634238 10.0 0.14626376093456536 4.079059302181177
452.30186082954395 148.1008161726599 10.0 3.082452920105195 5.205997107048088
167.86041170894157 210.65277074449727 10.0 2.8306377561173495 4.049681259079504
94.57850203780454 613.1236250964639 10.0 1.6449874904241037 4.647142620753425
347.48585410398334 774.2632790094525 10.0 1.9216230014391498 0.5371095813918507
10.773993736771736 750.8845462587211 10.0 3.0806700362701793 4.580412019841309
362.74923890736386 925.2276123374178 10.0 1.610808150723893 1.7003975755189484
442.3772030899852 374.2639548574668 10.0 1.6939763241419887 2.798254481191059
179.23555079698644 205.63748397638636 10.0 0.9776747966637647 3.2239128162183346
246.68049319952917 622.4811614319104 10.0 2.9009570184093225 0.2132204444515581
126.64551089933434 988.1352861523059 10.0 3.0652779946721807 0.017014317289641066
93.7291786651609 701.8331940764597 10.0 1.4551264626619302 1.5607225099517705
436.0922962553778 267.7091341946285 10.0 2.731960363061349 2.9240946625687614
231.17262895185098 542.022147954636 10.0 0.6492379343260739 1.4894791133293002
385.33907188030486 777.2788950692849 10.0 2.4769314461610654 5.884358666684106
428.3451391233197 746.9769989670028 10.0 2.702955380523854 2.795374653223442
225.80516160805016 930.9803730851298 10.0 2.550385101766783 1.347952453138471
335.9045552513478 469.07633349548496 10.0 1.8627953885117476 2.0279318801227855
190.1692296666212 349.05333914908 10.0 0.40881921365241997 5.095778676572887
122.35699385057197 85.67831576128926 10.0 3.1013320007782275 4.933095035504283
4.397541319066334 968.239764222707 10.0 0.8041025135245697 2.915646010805621
373.79562402209274 806.8639051345524 10.0 2.1234615616675905 3.8199231975071553
453.0253131629247 991.598606457177 10.0 0.8811178499096447 3.335165583163274
368.18169146812295 593.2997566916365 10.0 1.403000838969913 1.3060450637977785
171.51940396222693 181.6434903075611 10.0 0.26721195294490463 5.191485329554373
460.49589834732444 13.126958919225329 10.0 2.6698030194807636 3.1046943732439933
464.5504497371448 250.7090683098606 10.0 2.09907906804812 4.54801598381107
440.08828460544987 916.7819748059211 10.0 1.875979136055895 4.6179164511552715
74.0025039955528 352.45300731880104 10.0 3.134028529464082 3.6762778759274557
346.55468377274326 58.65588806642719 10.0 0.8888371419982707 3.954509687444949
445.5483874144385 928.3991738229022 10.0 0.15232018100346806 5.24135213897872
355.46800689613536 44.49840269540495 10.0 0.6780687665076843 0.16384488136352082
167.6188339324558 413.4287589691995 10.0 2.94353741517908 1.5329589078267074
470.29225995962383 233.4724517269301 10.0 1.2403719419625212 6.162535340664446
381.5935295281407 554.1254022018667 10.0 0.9730672692001745 1.5709033911058299
381.8076266919697 473.7663178820519 10.0 2.87416757761877 0.587579840895467
87.04220887617858 343.8803612431154 10.0 1.2561616217315836 2.2543549715718214
481.3746823025848 800.6687420007727 10.0 1.06087680154416 1.9909924352844643
390.84398438733933 828.6644951257807 10.0 1.2834425086344419 6.073961898474593
139.36576084564513 476.0139889961735 10.0 2.552139535644612 4.2555739569143896
374.01288283466505 287.372728026359 10.0 0.38815821571405146 0.9810442664866683
485.0917615454333 997.9025930961658 10.0 3.0831624669766606 3.7707305523446704
375.05786465436324 540.6477382561618 10.0 2.934445643129255 1.7912757062057931
49.55241305765473 959.6042529216926 10.0 3.006262732050844 4.902845857851066
113.7053868056676 392.08872642386916 10.0 2.0487718007061906 2.743648180641746
257.33814316398906 886.5492314662113 10.0 2.8355918679614307 4.962851675509595
203.81259428831498 455.7517910603104 10.0 2.517164877369886 0.2823947100491879
379.01165855629904 430.3141578305755 10.0 0.019235634833476734 5.426726986773915
229.29941354344624 873.8479668844282 10.0 0.8845725934391242 1.6561072892861355
180.29748279059643 548.5090402635633 10.0 2.7571001481612964 3.4876812463790903
181.92742794561389 678.5454465506753 10.0 1.7993110656855482 5.614129200314928
129.4073447256394 549.4710073825601 10.0 2.070168967677924 1.2709736930115836
184.75392409570406 801.7818249899641 10.0 2.7761080626357564 5.882944726854623
148.82979591142208 130.67180319148065 10.0 1.1917454268377505 2.498086904446453
50.08904500180855 986.992984041963 10.0 2.858759563261141 0.5610503391028338
22.912012572365636 789.744590023341 10.0 1.0747649389505864 5.656874745138999
345.78424886805095 106.66473216234328 10.0 0.34262652307387714 4.707958006498809
197.5619408583439 237.03692856237157 10.0 1.8158833707702304 4.305105417663834
268.6802740740131 639.6134220219992 10.0 2.0512666575264524 2.1419224214897863
333.3989458993195 688.5956455352776 10.0 2.0426307204711867 0.4224271592122746
249.04246261276742 311.9017874417157 10.0 1.4734486427673856 0.22645441561241236
98.68112706201315 168.49018255505212 10.0 1.086465665856115 0.5974737809546072
334.81198902216096 155.29634913917369 10.0 0.09112005743325019 1.1381000311838108
313.3372476028365 199.380620994689 10.0 0.1251868097813845 4.106730666388349
29.500724142774494 487.1724891707394 10.0 2.501040384637841 6.271655619465126
180.43167580879793 510.23644738297946 10.0 2.4051471380385596 6.0789511500232445
382.558075846238 565.7736851059578 10.0 1.5411862830207257 2.363783609660969
466.3901479848725 640.1126490805087 10.0 0.8727460465515295 2.8105979857581307
256.03789742048434 924.7308026515193 10.0 1.8343633405717155 5.150495525150936
116.31482861064102 566.8889141553944 10.0 2.020331419922079 0.43494970633036384
316.3935189082682 640.7480197190077 10.0 2.1415582773740613 5.466907590758456
415.71641469475395 739.8787859872047 10.0 0.44855859497664813 4.585568950117221
425.2291746247595 38.361481818874886 10.0 2.2162229012110224 3.560479740683882
434.9917335729936 145.2143751552436 10.0 1.6450256412229978 1.6815514068935418
227.83569216072962 585.6769115976612 10.0 0.10511864022529144 4.800477580908857
117.9748009706177 282.9135014913822 10.0 2.7688418986239562 0.581437306326979
363.33889863636705 984.9925778747113 10.0 0.03381922205032401 2.333640395137118
0.8894570239214583 184.53490610652767 10.0 2.2374114852368945 3.8615366086229646
345.28862813869176 712.213630928569 10.0 1.5348888592606609 5.222764446372939
173.03175942324776 850.3283988203282 10.0 2.882961627568919 5.73988393747578
286.5164918096695 508.96427644452433 10.0 0.9524084301051774 2.5296991076265196
215.51024764709283 734.7856329572683 10.0 2.5060762726919537 2.140500865465189
267.0906260688343 581.304025841495 10.0 2.6844042187832438 0.41927977512409975
