1000 1000 100 10.0
500
256.9169133399347 497.91633277997573  10.0
397.8198788292816 470.386100922451  10.0
630.1164069424652 565.7130948125986  10.0
112.38242674965437 254.88147068000154  10.0
205.12521025099306 851.5769302351749  10.0
52.429059322892215 635.0424353761458  10.0
888.6061471269533 205.4477934896337  10.0
838.5104821704168 45.13745107821543  10.0
726.8806790949378 235.7173896097684  10.0
42.63571082522433 718.0491112653293  10.0
94.43180386073547 357.37533732289063  10.0
685.6021424588596 757.1712172599681  10.0
487.0683007568444 261.6881350069372  10.0
118.78684786828263 797.9445281023324  10.0
702.2507833304894 173.16385618006225  10.0
22.60766696692984 594.0226719307761  10.0
158.8080748884384 580.8449141826237  10.0
489.21367466363563 74.97386175888987  10.0
859.2477389268226 483.5101630096337  10.0
673.5665907102905 165.58766662715874  10.0
30.091941374301268 572.156624010455  10.0
294.92587420902385 931.2708580880483  10.0
789.1459619112993 188.17054441504033  10.0
349.85216541656104 419.6797635616527  10.0
283.33348484299535 341.88576855269736  10.0
758.195043360372 905.6511156697467  10.0
616.709287721442 553.7675611359647  10.0
305.1328304719348 114.65691464968685  10.0
545.4863018477664 789.247966269362  10.0
165.18345617369656 399.4236439472472  10.0
355.39107740384344 298.27885214844065  10.0
498.2073822210463 775.0193317580778  10.0
556.387584619016 741.9568074135784  10.0
92.77460976758934 179.62672678766933  10.0
30.786435059456107 591.1144315590436  10.0
798.8699177538066 321.38478123671996  10.0
52.98295747539661 415.56005346226044  10.0
539.7615636474143 996.0942146321319  10.0
162.54381100926364 347.68858376354495  10.0
21.960662840535882 816.2476736307802  10.0
217.0890676416547 700.473755301666  10.0
872.5495043901585 878.7587595564903  10.0
77.39245703820585 447.39252567034293  10.0
824.7593487449781 16.927950666969394  10.0
284.3498249990448 30.620185159325295  10.0
745.5287775990719 931.5981685622436  10.0
775.941697161047 753.8744406479491  10.0
752.8768079922685 677.1162074664285  10.0
162.0428893739898 837.5761962548426  10.0
406.2743943439411 689.6307859215669  10.0
325.90857712560575 66.53256870910384  10.0
969.8017294929267 788.4213575516056  10.0
153.39245635299713 844.1380765244006  10.0
45.72864887690653 355.36686220700665  10.0
4.429863547616986 382.12821836111976  10.0
455.2579972307821 203.32680921308267  10.0
136.04456024990242 701.2089366967656  10.0
103.5227728832805 481.12139614670167  10.0
662.1148590350996 95.42451129489737  10.0
707.5297689827413 330.961796079857  10.0
792.3614146000233 721.9154515842619  10.0
688.5940618915974 913.5951759676675  10.0
31.495130856364128 17.757241054473738  10.0
234.9097565312126 847.0936888980043  10.0
739.190688432331 716.859495677617  10.0
525.2546449715163 67.13016946968065  10.0
952.5274481461871 342.44424545541443  10.0
371.4274391539959 609.7479090094852  10.0
654.7661269355131 184.41158876569085  10.0
84.86811727696752 842.0453859952723  10.0
737.8062561722805 935.9392045073326  10.0
202.0133051518087 221.86139719589414  10.0
750.3958841556127 359.9519087358275  10.0
813.2903928276805 754.4596352098505  10.0
150.1418261943922 583.6364647745219  10.0
632.2553540093561 932.3761913236868  10.0
184.59468576847505 877.9653327904289  10.0
614.2310194382243 94.0073580115216  10.0
715.160416888746 69.23301799682213  10.0
887.9041402146283 817.1790590051029  10.0
267.3158691897185 50.896837930192504  10.0
998.6909332080884 175.85367881315295  10.0
341.5826231230594 216.553705913486  10.0
979.2825689805939 431.2935524468066  10.0
551.9402013764269 18.67320784955373  10.0
560.6334234731578 3.415100385403269  10.0
471.8361362961412 272.7462037952568  10.0
915.7568217515178 373.73091598820184  10.0
162.67676907463846 272.7977570743823  10.0
689.0440397629504 908.1920426573276  10.0
235.6594273034307 261.7517726710393  10.0
705.4244354735608 456.4057739171865  10.0
955.0332367475986 308.9238332229606  10.0
676.5359061901668 983.1193709918027  10.0
329.3521665605498 186.95825079798735  10.0
425.17605507291734 418.5231110216903  10.0
357.0107296859515 411.8136517581018  10.0
634.6569422267181 375.84125689340965  10.0
593.3290039049383 211.94131161429385  10.0
896.2868309670858 377.84257032231017  10.0
988.6804959738039 826.5886785968484  10.0
876.0546729818253 758.3166731282129  10.0
510.6328282814485 198.20042147060457  10.0
750.6940183054318 460.2266325984498  10.0
407.7977761751911 820.1776753613566  10.0
673.6553589043509 539.1616352450731  10.0
99.0636606453904 228.79568084153036  10.0
923.1166231047666 298.8785754934068  10.0
579.1098481503645 386.8688834077286  10.0
557.0135974115328 635.1344989285154  10.0
919.579590561549 996.7917215428622  10.0
854.1738531417791 344.6766650521077  10.0
915.0139068344266 601.872290053043  10.0
555.9884334622882 868.1706412396254  10.0
173.62591738324375 187.41510442628362  10.0
939.6582113174617 179.01085745654254  10.0
985.2215005185749 876.7985350937304  10.0
51.90249665570534 304.3726787128026  10.0
112.04876492892102 232.8311591091845  10.0
11.11959447459765 270.52808383298833  10.0
243.08541443447984 620.9605127942577  10.0
146.3402391257943 101.36245350729823  10.0
228.2494273978981 68.44694117937111  10.0
882.9167196711887 867.192537457107  10.0
366.2454922140578 62.403996471266595  10.0
707.7416055486 680.4011864505239  10.0
958.2356334863616 769.6461515747293  10.0
250.89214403334236 965.067207594359  10.0
59.24951699316361 232.57349731432132  10.0
505.94736599494007 289.6838270063827  10.0
860.2261280062713 197.86238810382827  10.0
477.8269543213388 545.2226546187242  10.0
415.80541176346605 368.51964731551215  10.0
94.85230138384027 275.2140809619965  10.0
496.46463130840147 34.897341217327124  10.0
50.83160839923384 520.1797847372326  10.0
188.32115641251102 236.5543104984853  10.0
353.32273304025176 625.6661533166613  10.0
489.8996279662351 834.38932797011  10.0
745.8289674888141 81.29226878600915  10.0
562.3883606812711 131.25976447321142  10.0
844.534176330188 607.6396499135014  10.0
478.3859928678795 969.3395585949762  10.0
784.2859045407143 388.4753410735928  10.0
283.86616615067027 553.7580149460325  10.0
403.8859004495106 557.7137572540397  10.0
939.0649285244596 604.6013284621365  10.0
517.3497138680269 793.6869431121997  10.0
236.22121532070162 823.1467565746522  10.0
615.6482264935651 147.70692796932062  10.0
105.57839310551054 73.23907535992224  10.0
422.5455062095385 39.567642738886136  10.0
815.7805471581464 125.0079161377392  10.0
88.49917452054356 689.5485266639258  10.0
450.7742322395075 285.6631877749569  10.0
448.1909708301144 124.6453605225063  10.0
702.5530156154795 750.8954776733245  10.0
690.1063736921601 296.16837303387865  10.0
457.55815683714883 50.44704962177848  10.0
990.6845472643375 776.5114606182924  10.0
874.2760830463864 532.7081753783738  10.0
150.91054073071152 964.8107338323252  10.0
650.5491897574643 435.7324082658397  10.0
39.82355967427231 724.3741709107243  10.0
961.3437414826745 725.8540295951967  10.0
697.2671932847518 899.1788272438561  10.0
111.19437339707704 550.1293054207144  10.0
277.3081552617872 212.3956437373571  10.0
290.2722125323224 845.112512842752  10.0
624.1022403407769 636.8161006687163  10.0
948.9992939674634 372.0170824465302  10.0
163.58778597082056 445.21915102549826  10.0
213.35932042448448 207.10062831451438  10.0
967.2380343167633 798.1307105562136  10.0
451.53054981666986 506.15226004620126  10.0
298.2059631613132 907.0922855501452  10.0
572.1941070048076 183.249380704957  10.0
685.5461453731464 523.4691300124482  10.0
885.8464885923291 996.4900497556423  10.0
588.8000766442589 745.9926397933336  10.0
392.67273966906936 417.1967206206389  10.0
13.083077498631578 914.6454990861888  10.0
174.01233315185573 574.1252599716316  10.0
13.911985407851212 664.162318401047  10.0
159.17699046584988 510.5031667664712  10.0
891.3649857407501 47.33268071091867  10.0
915.3561029730496 969.2592421547987  10.0
14.76601496198915 6.457152220808449  10.0
265.571613027731 930.5965075381154  10.0
641.9379941181622 370.72142114004237  10.0
478.1215329273741 166.0989305240448  10.0
801.1705976223392 987.9173051922337  10.0
490.67679870418766 144.85176385934528  10.0
289.4000171224257 560.8538237224351  10.0
133.17404599185045 729.5942409002621  10.0
106.69942325141602 251.96525383237213  10.0
595.8718969946299 234.71258392732918  10.0
195.03061729100813 144.0374081954542  10.0
452.41643624724827 582.9200682801779  10.0
178.30894027490862 200.63737610270184  10.0
392.4869318320526 493.76040816685594  10.0
911.1849135179707 456.74589728737215  10.0
444.57014737516397 864.6092158534091  10.0
35.54785842387487 788.2557030943103  10.0
876.6377784407839 763.637791123297  10.0
416.6080055288759 758.4132635766682  10.0
150.97840812089314 744.2424875929777  10.0
284.51544086696924 719.9455413269028  10.0
279.16148016472533 511.73168960410777  10.0
142.8259068346035 563.5268580251744  10.0
674.0878773444897 325.6019865597277  10.0
21.724334040872595 246.4058990777821  10.0
128.30797977150698 904.5235135805925  10.0
451.76960805282226 509.4262350889003  10.0
861.2645013333755 16.19432043747071  10.0
613.0246408867032 996.3382233707656  10.0
672.8444242539867 380.51184601728414  10.0
474.788091548447 326.21381619849444  10.0
116.60024344947118 992.0493913608531  10.0
382.7451869662544 537.9404480964093  10.0
263.2282058758061 476.6140395447951  10.0
473.2068671277635 725.1835520277546  10.0
63.36666445569505 636.7015535091566  10.0
498.20824558158137 610.8719567510493  10.0
538.5053082643648 911.9533188498087  10.0
130.58815521135648 272.1739265078189  10.0
29.771872033770073 83.25892728673733  10.0
584.7742748688121 220.09615479222933  10.0
516.5898148241236 182.93718691613736  10.0
436.84892214207326 562.251544961836  10.0
580.6768699922496 238.46763121156954  10.0
856.5724487019658 33.00653076950621  10.0
935.581111020693 173.53359262715708  10.0
74.39313992231867 262.131463053232  10.0
567.92756490638 917.6765787715692  10.0
798.0735269270738 771.2430129869101  10.0
443.7748985789387 534.6513060640625  10.0
466.41452719097686 836.7407149892107  10.0
421.9588108659995 969.6095939195857  10.0
681.661450259413 538.6041059752793  10.0
486.024307276402 836.5302065016102  10.0
897.5257041500013 26.331041210410188  10.0
657.3267873259964 519.8509171498266  10.0
456.3594528555071 276.4617550917785  10.0
984.1074086397805 748.0484137235295  10.0
366.8705025387077 390.5472516566126  10.0
814.8255766454608 711.9501927249327  10.0
792.867368465352 788.0848333067547  10.0
158.75720115893012 746.8520049121769  10.0
83.875355915229 485.8573813016215  10.0
312.8447205977948 575.0535230865302  10.0
320.06622865032017 23.277431085434785  10.0
91.01063209645521 114.21367403990412  10.0
766.7960270554305 492.750798375721  10.0
930.6236596908179 896.9664500504772  10.0
338.14625527749706 564.7385959332613  10.0
870.532524341671 218.52679872303503  10.0
154.21617142344823 359.11095096005573  10.0
896.0593353902316 231.55553077601877  10.0
543.514844964805 507.549262928116  10.0
428.5709659364246 341.34095109095495  10.0
389.65355393989444 776.1682641708314  10.0
800.7233582743802 419.3943457583263  10.0
550.640386917345 173.1930302588064  10.0
403.2002914918802 549.8450717620474  10.0
189.43067877221443 553.4401939926424  10.0
814.7448359491574 250.5605248772471  10.0
245.98850437873298 349.51682656687086  10.0
634.5078629464657 369.704842667885  10.0
953.9656866261413 209.06415114450039  10.0
924.2152115969319 148.48985971974105  10.0
259.2068070070186 998.0377739337877  10.0
137.38093534628015 262.1600978377955  10.0
232.63992908544418 841.9298018489732  10.0
163.77127404356494 3.793678426895264  10.0
86.71436441935431 620.0024646739995  10.0
649.5500162638353 159.28886003927445  10.0
202.3984991620107 602.0169431757441  10.0
67.01277217378244 536.946139878862  10.0
652.852248985324 722.6050079299021  10.0
102.544564952173 561.3441478601719  10.0
70.23989663546271 325.34524376316534  10.0
807.4105636109729 818.7470348727435  10.0
343.75142516832227 76.76989286585345  10.0
613.217864533329 950.0697313461906  10.0
559.7510551902787 149.94189112692112  10.0
752.3617975469019 827.4670416794099  10.0
799.0740876257357 707.9062107218693  10.0
843.4966525478632 521.9011223406532  10.0
891.8441259964615 179.23369712969804  10.0
403.0484565181859 171.5811651953103  10.0
996.7847924225429 811.0391111607067  10.0
826.0123655161669 494.9581788057544  10.0
919.8511031806919 509.26981457968554  10.0
942.7552578261132 356.996867491003  10.0
416.10771453707986 31.72516182887042  10.0
603.269828707428 493.73533360077295  10.0
329.1325889764608 186.1810279359344  10.0
866.3031872425933 227.6830734578834  10.0
313.8260556386275 804.1575238181491  10.0
278.0098518861943 765.3958940516817  10.0
61.35710437508535 910.2824639923973  10.0
413.25514998656143 458.6063134856766  10.0
399.0801066789166 687.8672617709267  10.0
322.42194221202413 231.57653454634442  10.0
373.6068183830056 553.225231033259  10.0
777.5498849537483 229.88022412507414  10.0
441.81998182662664 894.4273346152269  10.0
243.86330448952208 629.6084955449599  10.0
192.46649658804216 804.6039440900876  10.0
316.2200981929185 461.0347059209876  10.0
600.069565539882 445.5649970768677  10.0
954.7404964064424 247.06121635917077  10.0
673.2512664685277 514.4258757614188  10.0
229.85166941664647 234.31095192021522  10.0
501.1575030413001 654.0892846145573  10.0
444.20990150657616 3.51522056330289  10.0
124.53014170902388 547.8483102456885  10.0
437.439462856639 285.8885491814481  10.0
362.0718877493083 869.0397068060771  10.0
599.3532161717505 883.4701527545051  10.0
708.1009551106011 218.5900561149645  10.0
618.296722911542 693.951067957088  10.0
684.0947963052497 676.4623375436444  10.0
273.4845678450747 974.2943906444858  10.0
574.5732176762984 617.4236731286542  10.0
643.673608248983 142.49616951144927  10.0
306.87263184599624 997.2196282322786  10.0
949.2448125692473 613.1222727606445  10.0
344.71533577070414 402.1544058675368  10.0
870.7417181499169 389.7967143000425  10.0
857.0788955481698 773.2400652940364  10.0
594.1401133597985 396.60546259684503  10.0
96.72202593143953 865.4922975309136  10.0
21.60041062618756 820.4188344192869  10.0
876.82560786401 183.6141695352943  10.0
556.180220827213 57.4245863491758  10.0
269.55847099019593 347.2234543254825  10.0
619.9614755267276 209.70350420541362  10.0
166.97923206518573 581.9428469212343  10.0
597.2733862044507 461.4671509868816  10.0
142.5373923572336 307.0871051520842  10.0
208.16813352666207 79.61778895874349  10.0
130.53786540697644 596.3444169513584  10.0
412.0337677780702 229.57855779664703  10.0
801.2853064555107 624.7641960509267  10.0
817.2048720606771 274.8818213843638  10.0
151.22561758434216 83.52663365399127  10.0
229.65770208592417 737.7918232696455  10.0
750.2540880042878 943.3843503759518  10.0
412.35427535943194 638.277976298029  10.0
292.46057671386075 878.3298689314047  10.0
346.5249765511138 499.9426958096628  10.0
581.9343689086951 122.95691180720748  10.0
287.15696476960375 914.0484645516659  10.0
851.8524687775663 530.1477360206201  10.0
687.1816313773662 186.57623461712492  10.0
362.9266495859497 120.13262550040781  10.0
628.3310821878275 258.2875559569868  10.0
556.3864778178911 467.6314792637146  10.0
741.3602262098445 784.0512188523752  10.0
647.0266738364514 860.7022481772511  10.0
724.3074849431824 985.2345702052022  10.0
433.44920615987803 283.08411738004577  10.0
474.6939429243613 647.748416180126  10.0
275.48130916889403 921.2380091563268  10.0
540.0369284962956 428.37407652933825  10.0
642.8533388074097 77.95097190802225  10.0
60.78092943558322 453.28925016178476  10.0
374.57079078362375 86.28459310779158  10.0
630.725412740295 45.24956776701894  10.0
805.0169540367204 60.81259036057796  10.0
532.2548163029436 299.6708732458365  10.0
210.67427892853962 97.50555908106485  10.0
617.1540949315533 144.896595084803  10.0
610.4539027729068 839.2862710788852  10.0
698.5179376847187 468.22402836079135  10.0
812.9742078521575 161.19163562072657  10.0
695.239892881389 866.8017556818037  10.0
745.7314744441821 97.24263891271701  10.0
927.7933448811788 591.2999517300395  10.0
523.9562792105834 30.537007685542903  10.0
902.4929504686678 290.294153033034  10.0
421.0517644490134 598.7433371509633  10.0
641.1520024562376 234.59245404395966  10.0
887.8610177372738 729.0901022410274  10.0
114.02748398524531 803.2747161618239  10.0
34.61241703849982 710.1062177754861  10.0
616.1711881232857 147.0016039719796  10.0
537.2432577445898 231.78468276665998  10.0
990.7820100108363 109.19061589994261  10.0
758.9038814554501 881.5041625170454  10.0
447.88070245146895 681.944979786581  10.0
987.7957837398276 669.9579905161696  10.0
352.6054062740284 501.16027638348095  10.0
84.0986241645204 779.5038944347352  10.0
764.652648807778 144.02321855575028  10.0
501.59336706486044 876.761765123744  10.0
698.8647093384775 282.1555864437746  10.0
603.6890401340961 11.950994454051456  10.0
46.691560954560394 64.94550830090351  10.0
428.9135932054311 339.3727855370245  10.0
849.2313911436457 460.14757655122787  10.0
577.5299902920209 636.6072814193543  10.0
144.78076537769502 662.6218643354944  10.0
688.7902969961323 874.4087415180089  10.0
927.301966085056 97.1216220789326  10.0
57.442611258305966 894.9469414591993  10.0
846.941331081945 987.3278575330768  10.0
298.45655916066227 592.9561139456234  10.0
159.7093949919397 940.8685055991682  10.0
610.5352276193765 862.5176322755259  10.0
90.65990371065958 508.8486729929329  10.0
111.83270143378144 971.6160455244373  10.0
213.38136865525138 218.45776405812722  10.0
925.3977818789897 957.2726724836962  10.0
668.3416351653138 148.50815940145833  10.0
177.21634546326425 95.97451505483522  10.0
43.601944714509955 720.2992288588566  10.0
836.326200946248 497.2808023846922  10.0
523.6443938233451 9.989531490577575  10.0
374.3299801888562 392.90310234292616  10.0
475.5324193907601 553.6992964564702  10.0
550.7326896127486 749.2194698342734  10.0
986.3507571024176 312.85378077215177  10.0
240.88308054478603 418.0965451467897  10.0
991.8483474583695 194.81806846361994  10.0
114.89831772522807 159.05829895375513  10.0
543.4335616876433 282.6620173654004  10.0
148.8042743369068 515.2534422925701  10.0
449.1480182482526 717.9336530011217  10.0
403.2241224737415 706.3384643792117  10.0
993.9718335448565 1.6082674828726828  10.0
240.30047348114857 413.30613299366195  10.0
695.7895469443927 330.91966943417526  10.0
166.13712975463946 573.4547554536362  10.0
85.57288048704714 473.56853961005885  10.0
783.8987123235132 78.1062629686896  10.0
313.81229874818786 595.842702714492  10.0
921.8072552580586 571.3461648175662  10.0
979.9570788444112 407.4727509994026  10.0
860.6272292486843 384.9721046444309  10.0
957.5989334545621 963.5852800821904  10.0
726.8314519862892 13.001539933552685  10.0
145.36148718240995 472.9057521969001  10.0
540.4919440794172 428.5040004783515  10.0
11.934629929974516 501.4012728099657  10.0
111.04171305324529 976.1862884621704  10.0
523.4185131444899 31.843407922693245  10.0
959.4046216046191 536.0740488409671  10.0
542.119442760141 942.3094522055899  10.0
711.5923949511493 146.79665367320393  10.0
68.16593772721203 600.4303072999717  10.0
956.7188811888694 301.396408943281  10.0
758.7899705779915 435.231797081438  10.0
391.4839693235577 684.2476178649389  10.0
4.844664625471173 544.7052778204287  10.0
183.53040985651091 204.5844113047378  10.0
470.1070557494789 624.782766194839  10.0
877.6788546953508 800.3008233153166  10.0
406.14007427246156 764.1807172470385  10.0
841.8976356606128 635.1006937847488  10.0
243.96524044234314 939.6153952604699  10.0
203.96580289946797 992.7384867814962  10.0
933.5237599940019 367.18235742665814  10.0
465.13891325613065 384.0067955423908  10.0
252.88048268861485 218.23112494258322  10.0
493.7291994561649 125.290017446552  10.0
841.351369439682 591.8554816637997  10.0
399.36285846717567 921.9180191653988  10.0
24.212341753696577 51.1590033614504  10.0
867.7791938510283 795.2171131641683  10.0
591.3731126436095 476.74385945078944  10.0
896.3874888869451 29.070537225440063  10.0
568.3769501582909 468.41095345497587  10.0
512.3992797378479 679.9639480425164  10.0
675.3132633742451 34.84765117365818  10.0
978.2052170821585 593.9061288176952  10.0
607.7069444131143 851.1189796978599  10.0
192.76732296896805 804.2784571861725  10.0
493.17456692559415 935.0667477546538  10.0
483.14904796675194 646.5815744957963  10.0
878.6144706469855 196.260907661719  10.0
746.906486115862 919.2110708669386  10.0
384.92403747143436 944.9353582664668  10.0
953.9170939718944 943.8083857327946  10.0
729.7139363771305 113.3807171830572  10.0
345.3219803273286 434.3971945150727  10.0
163.21645301562003 638.5546010517039  10.0
277.6109607427565 671.4294875372715  10.0
488.5601999191965 182.20971244520757  10.0
551.4802943537305 595.0296303395945  10.0
744.8116212782098 123.62882942631026  10.0
237.94469230600447 81.13892523603816  10.0
319.6589208398835 550.0947760056525  10.0
468.28697314570235 844.9270656058197  10.0
728.3416872975547 791.5125592591884  10.0
389.78028292386205 127.75086387525091  10.0
546.4050982258104 898.1402108451643  10.0
505.7189178529168 567.1051735560778  10.0
