1000 1000 1 10.0
80
306.6614958940013 472.07833832429935  10.0
654.9622675871594 949.3011814162445  10.0
391.2912149904674 646.0823736979634  10.0
976.5042090905791 92.008825698081  10.0
927.164500292665 161.91052407351202  10.0
708.9692528046127 625.9448729202716  10.0
389.2261674270755 162.06938428514573  10.0
898.1959556915903 89.49576038263851  10.0
549.229911147967 384.66972841201454  10.0
834.2124774548962 479.5883005847463  10.0
991.719519100488 940.2615349610508  10.0
503.9969664375007 545.8896586411828  10.0
344.4576930057348 92.52278137727932  10.0
314.60960150175475 624.8870349986107  10.0
288.5190935172638 843.6137767316583  10.0
250.0564158818547 369.8349353164849  10.0
54.86501911374353 993.1729701800372  10.0
282.4726515346404 241.3461218814049  10.0
37.068946565505854 739.3439229008554  10.0
296.68855868537327 163.44237742841926  10.0
353.9635702321998 820.8876398954744  10.0
6.9688679094249695 321.1695858694799  10.0
681.3320376970108 661.3480712446576  10.0
345.6919454882105 678.4209975863652  10.0
438.3665995492926 969.4030833958523  10.0
585.9626322530545 428.40143931895403  10.0
462.4708650031637 773.9467369657766  10.0
23.628358847393336 254.20460394403887  10.0
635.0820521770714 928.1133894450796  10.0
388.89526020234234 973.2642662055324  10.0
531.5421533568094 703.3677190112072  10.0
283.7173991555191 866.9793300028755  10.0
59.64801652704621 212.9489828279133  10.0
848.3585241003941 755.6021403800145  10.0
224.3620014420107 53.372038985173845  10.0
549.002982007618 668.5180732721475  10.0
610.2666395785792 733.3514434779333  10.0
448.01817643079767 781.3334639718721  10.0
908.6977631084378 171.42922110926818  10.0
569.4481016153496 143.72855547851339  10.0
833.0929099993334 786.7508823693476  10.0
4.5440018147456795 605.8204926503021  10.0
63.9426441892087 481.84817050573446  10.0
215.6141142848601 265.8209011791208  10.0
443.8343740756224 121.95175333161757  10.0
591.2023628774194 708.0615880205539  10.0
503.4297298031765 952.2697468923762  10.0
681.580635787146 278.00096318322073  10.0
540.8182107636669 762.8339075431843  10.0
700.7676411489314 649.6124348737133  10.0
899.5411476090028 509.92753683420324  10.0
819.762522704092 980.5960590462146  10.0
794.6818425783121 533.7746134010905  10.0
495.4087245706691 22.142569041544323  10.0
21.76910438375701 474.08286948622924  10.0
580.2799943261239 652.5189223579997  10.0
149.84324785989202 478.19807285129735  10.0
241.20683101362948 437.5333120135454  10.0
347.88470255905213 321.0404374115049  10.0
777.5383130305792 985.9761978134075  10.0
822.9074715107586 611.658715670037  10.0
274.96103544642534 64.42364433233105  10.0
958.370983514818 348.1507387721517  10.0
656.6730573649966 663.3279915917561  10.0
633.1652389718407 700.8643184932594  10.0
100.93754429038914 465.1098084506914  10.0
874.2763203305577 53.20545660832343  10.0
982.5175026219728 455.0044558560248  10.0
950.3401779813338 10.045401447869251  10.0
465.2190920500412 736.7054487379271  10.0
248.64459934360806 295.6323714824677  10.0
623.7481654815306 967.3858220411216  10.0
794.7409179643308 206.07698643471483  10.0
505.3106900208593 210.4680718682266  10.0
71.67812694973452 555.8956773346573  10.0
854.8647667373265 419.55189899465773  10.0
874.9740575054393 863.7591475652819  10.0
322.658005305069 213.19831490371934  10.0
299.78981275429106 859.508214869977  10.0
848.6610933657344 77.80766670653583  10.0
