1000 1000 2 10.0
120
117.01216754748445 964.1449400941605  10.0
593.424422822587 257.0768873829877  10.0
498.1031779777435 650.1246231156341  10.0
890.2453960945263 359.26121254523326  10.0
784.7819446369178 735.1155825561087  10.0
899.6698968201399 865.5788167727804  10.0
779.3501954266153 252.32920159291606  10.0
255.33101947808123 21.345742854038676  10.0
830.1664581180854 575.939888272367  10.0
716.001693281017 762.7345532003434  10.0
721.2003197800975 770.7728915076747  10.0
271.8356449912622 536.5863235671359  10.0
658.1148414641491 189.25467673187634  10.0
203.8411716016857 485.54171842964865  10.0
830.1554417128353 592.9990563572948  10.0
299.01074014518434 456.0413223064689  10.0
918.7256268964172 194.56826060356804  10.0
330.75628329520026 45.534556330879994  10.0
96.38121593802663 664.3607854096731  10.0
602.7759594729155 695.2749998777476  10.0
514.0760012233815 328.2429327910618  10.0
824.2056131801558 656.3696406092396  10.0
9.84425379579623 493.45399479264177  10.0
834.8841504926152 509.2882428305019  10.0
788.705811253842 83.48027195283592  10.0
731.7885179302226 800.828173465005  10.0
121.43216634679077 537.0060756837969  10.0
761.171089281915 277.56906122217026  10.0
688.9127413698369 231.71474331551056  10.0
935.6581766567795 141.1410495730855  10.0
59.21269615484004 530.6262909973374  10.0
711.5456222598717 728.1687521656376  10.0
926.0145829308988 916.8224760423266  10.0
218.7531798295569 26.542923100260406  10.0
159.988343580592 581.8243790095452  10.0
474.37690777707667 479.71031891833474  10.0
428.73517455754615 263.5511782721991  10.0
730.5043892514249 601.9615043024137  10.0
126.30267361590253 91.70340885732031  10.0
607.9349631014769 30.23533666495759  10.0
619.870119230049 691.5774973967225  10.0
949.6731647788143 771.7483457716876  10.0
369.05441850824536 821.7331302845644  10.0
391.54053239765796 571.7952661560546  10.0
302.3884623696045 376.59803255966426  10.0
491.9770870068766 522.3574715357412  10.0
945.8758676787261 672.010257451598  10.0
889.0808016621071 259.69374163066317  10.0
190.12672741060376 549.8603292980688  10.0
360.15954728235397 357.8778632098767  10.0
255.43157822658046 987.4117280167286  10.0
847.5469538604661 815.286035350923  10.0
368.2314408770633 577.540070760086  10.0
484.1595801324242 852.3263724710556  10.0
897.7938304685147 458.0473996568959  10.0
403.25018708684166 591.2418451972353  10.0
218.50643171319206 11.370653857616709  10.0
649.0377357777869 572.6069771970217  10.0
361.05085435518737 930.4180985766441  10.0
818.371809011569 478.17770450944244  10.0
594.8213125526504 51.93150634992227  10.0
158.31498621644258 876.0429132866476  10.0
444.3043629719009 695.6857131403422  10.0
720.5045296264001 281.5652425789854  10.0
283.7369880922165 116.00141517267227  10.0
830.3799633575347 336.38769636227215  10.0
577.212471119864 71.46125462748488  10.0
567.8403643878343 447.82170673622346  10.0
35.50488882705905 449.3828420289716  10.0
175.62181326434768 802.2215579195625  10.0
446.2341552054843 343.51716846406345  10.0
312.66183018330594 268.48871366754844  10.0
700.5959913801712 976.6038914376115  10.0
851.9439724364101 341.63918346579993  10.0
587.7317869194699 383.83036182221906  10.0
485.79283714816955 941.4056632582236  10.0
256.91574998845533 828.903840199859  10.0
746.3158447159949 577.1354038719924  10.0
858.0876659651974 511.36191056620584  10.0
174.66496783097585 117.78411787170529  10.0
762.8614250611107 241.90869231435462  10.0
280.01806472857373 164.59472002913088  10.0
940.9911364721922 411.9799039862938  10.0
617.6559714180729 814.0892450852496  10.0
521.3778961199089 764.4028098624643  10.0
785.2381550791639 420.2912002752881  10.0
302.05220490359784 183.931621266638  10.0
387.356410384186 817.6345597373386  10.0
990.1682587724954 969.60316585004  10.0
50.67224086238509 349.8048318495468  10.0
250.89819193941287 825.2711628526166  10.0
385.42072848646603 964.7965028909814  10.0
223.21552399629874 110.34209816458352  10.0
383.7895616529358 582.7606199703005  10.0
20.90938829844047 729.6490957421134  10.0
121.65913195407585 920.7546986876546  10.0
878.7714586138663 409.5651180843476  10.0
787.4157202057917 967.2967616630735  10.0
26.750373640597736 6.869885688961963  10.0
0.026396328612010578 339.66435964071195  10.0
78.96911620520774 927.5498834663676  10.0
98.2911174601907 828.1678973627577  10.0
709.8527077422069 694.6240106191484  10.0
584.1638045429165 534.1673146423776  10.0
656.2150749862194 197.2526143784753  10.0
185.26063973657836 142.39010269154062  10.0
632.005705239983 177.80026747767474  10.0
65.15079808015345 33.14727341638468  10.0
571.5177158319377 69.18818796215764  10.0
554.7510253688357 136.33346697523163  10.0
727.2113831159484 381.7851146526136  10.0
404.1221221176116 656.6363008792731  10.0
539.9077879416915 457.2501828407336  10.0
961.1920437161882 58.16876443706542  10.0
871.959688721961 556.1550911854761  10.0
872.4069496395588 986.7782716046027  10.0
148.10754317083564 926.877132211452  10.0
870.0377275326044 129.57423599504426  10.0
184.0805818038267 715.1684471092706  10.0
961.8464881299292 363.7556594549032  10.0
