1000 1000 50 10.0
50
204.82931334257935 580.018736696976  10.0
701.5939670474698 127.50551612513861  10.0
962.0124747985715 932.0441830589216  10.0
938.222873990891 590.7996467796911  10.0
673.5962438835124 592.9963318898224  10.0
891.1953457752104 68.49870617219655  10.0
76.26382475401294 720.7637238708932  10.0
253.42926615581774 266.5777943276858  10.0
188.5439383149885 128.67052711526495  10.0
850.559151795473 211.6819429345077  10.0
854.6362752329245 267.71502867848375  10.0
493.56564666667344 196.11824931404053  10.0
335.84522198540157 85.12872717421615  10.0
226.44058900500198 493.1049534962524  10.0
636.9084803267175 377.4509147305547  10.0
457.4439974753354 843.7729271646622  10.0
552.3582409994859 30.727354971384568  10.0
275.98500906176724 632.4538112762466  10.0
997.1547105357812 846.1055893756153  10.0
851.8859049796844 613.0785881178145  10.0
46.182656284126324 486.01401409185263  10.0
189.7651540999532 27.048885488654804  10.0
248.80410529446905 444.2751067070422  10.0
668.5010366044152 961.7326780473393  10.0
207.51096522404742 842.9179831135225  10.0
734.2152217189765 838.7752007448115  10.0
113.82346785280617 289.119265490032  10.0
834.9409536285697 992.7045683665793  10.0
919.9317925482567 987.6149524793892  10.0
186.11822605499074 402.8511148261482  10.0
91.17976805559813 797.0908238039904  10.0
238.28404302690097 775.388216664353  10.0
432.34084848399067 943.4722016009547  10.0
781.8027897419148 337.34153930788955  10.0
309.7387905058211 658.6983565941849  10.0
468.2083084917781 900.7026459786443  10.0
701.6161499898815 100.48086462422035  10.0
153.7057437128958 982.3221698570584  10.0
900.7560265977489 526.7091903599095  10.0
877.6077512486751 24.046376118065595  10.0
366.21364266934444 847.5809833406738  10.0
476.9565429893725 47.600675212972845  10.0
175.1160318398569 359.1983909956975  10.0
808.3090286778918 400.0120335734031  10.0
760.8395137021034 674.2860329276076  10.0
298.6400765743271 597.9015277406122  10.0
140.47668222908771 608.8502315622552  10.0
79.54427781774143 662.7677279147194  10.0
632.3553557465951 58.01298407863642  10.0
272.3938572451499 754.4200892889071  10.0
