500 1000 10.0 10
200
475.71500855303873 282.8155644028606 10.0 1.3687214953557907 1.1463940268491617
486.42040089629245 768.0478490931753 10.0 1.9495068569055392 4.798711341334802
492.64072601535 968.5170558648506 10.0 0.2657700996320295 5.673740263463097
115.15150140770186 439.80200955273284 10.0 3.0475543747746556 4.51967502337845
87.10595305753426 91.42202404352162 10.0 2.075619993182264 5.603627807667416
79.52920929070284 758.3433587051081 10.0 0.1071315559522685 6.133263600082162E-4
323.7565512740905 484.75933299102127 10.0 2.900852533442189 1.3631369177052743
3.6095245729914627 509.9207393449809 10.0 1.7038579810155985 3.439602162408453
109.34156748655094 485.83200913868495 10.0 2.618908633066755 4.634250672772062
55.24831255234292 27.918047787606092 10.0 0.5751793801060939 2.759417089919173
363.32613748999023 302.3055415095388 10.0 2.2369093293296065 1.3180046927882672
106.4754786089655 987.1514007618727 10.0 1.2729385825888038 2.834039437891668
86.48401327619193 610.4906190764606 10.0 2.0811542374038448 2.798021637202364
394.3879582882796 963.3640897417739 10.0 1.4837830617358576 1.481480314005246
63.79796181357334 14.526861496504505 10.0 0.931743560121125 1.3521060162622063
481.38957422515716 511.8256200391157 10.0 2.918777684583313 5.883515887962002
62.99616611732123 245.37367104350704 10.0 0.13976141945790876 5.2729317414695105
438.60598470665684 768.9408674846802 10.0 2.795284291700659 1.8849861912675578
15.052731403517205 228.51435218754733 10.0 1.8418933225896472 4.104017184957005
301.3028089719028 830.7758809886722 10.0 2.5425692259438133 3.8244000086813026
287.98042333541605 399.27997682066854 10.0 0.5975251195689818 4.994500376441184
470.13500875982 412.40631165360077 10.0 2.032960099894831 6.242307450145702
290.2438044855905 894.6991341268518 10.0 3.1162903276879703 0.0036867405659796047
357.05572668737483 541.9949743786817 10.0 1.832845722431515 5.9598923777520065
265.1207730875257 500.7797227206838 10.0 1.5736864053875186 2.217290332781443
199.7126870460644 293.50450027717113 10.0 2.195692605430346 0.6972443188461782
262.34080803611795 484.12918482303 10.0 2.7269678496535588 1.0815630626167432
93.16023666472346 811.9516379997798 10.0 0.8710199801858616 3.9184644129853132
398.3278906830486 686.8193177464149 10.0 2.200621628207633 3.091565199958228
412.71518730574917 135.10931874777233 10.0 2.0134519039469243 4.06421364579032
141.3763217048108 513.4020550078382 10.0 1.4412443784005866 5.098180263563277
426.7846154739056 565.5625140776779 10.0 2.137471816569366 5.248229850995055
483.08745946871363 688.9822852865036 10.0 2.264219541934898 0.39668247060895984
23.49368797255258 597.0246345805658 10.0 1.530315118589508 5.321791496999876
482.39569130689966 917.2540642912874 10.0 2.664586531370913 6.233127338698399
99.94163555884833 648.8202526686554 10.0 2.356234956592187 1.2587631096611547
293.511503936218 817.4065485257422 10.0 2.641928697457172 2.4046678415829876
287.9140883190914 112.44059207840695 10.0 2.5946690620324753 0.2873170677497604
414.11002776392235 768.8056260358557 10.0 1.3001694270226782 5.209513716282573
314.87976473059086 464.0780814129257 10.0 2.0234145714930674 4.198849340924454
15.092962295230938 542.3579084044828 10.0 1.8260862022538356 6.201413002757578
424.0997839105852 447.0460790566991 10.0 2.6858003934159056 4.950446337834569
338.25224620684634 847.4628877143205 10.0 0.8950428068623784 3.14596527157753
402.6775594909861 577.9902530500116 10.0 2.7742052269669073 6.115311314752496
273.1632936207954 173.45981098463338 10.0 2.6696937330964854 0.28849888824551767
391.37760049882144 480.7975518927067 10.0 2.497225588747618 4.624947650031659
349.6362681761053 554.4755302890156 10.0 0.9534387912025648 1.1273021419025762
275.0411367029615 802.1092275128974 10.0 0.4424905707264962 0.7645831543908753
7.053227608547818 136.57926266120867 10.0 2.6511045336957597 5.890422116696809
77.42685282880873 712.3441667452595 10.0 0.5732229585975401 5.423153363023245
126.91939809442037 676.1509724816751 10.0 3.111907516320401 2.352303395268254
409.30477948669477 246.13865727838368 10.0 0.5165627596387383 2.603583652673008
439.9567202676901 348.36912418743526 10.0 0.6443433939396116 3.0291845479812154
143.63147992934526 986.1089710756904 10.0 1.7021044324444707 2.6990988167508805
44.067721275504404 494.72464465773504 10.0 0.04796473882074248 1.1505959868390614
116.63467361641256 843.8428688776402 10.0 1.0130897438869018 3.1696311386645624
394.4978957595863 188.46659724889426 10.0 2.9163005075196518 2.1184360637643627
278.6353798220814 942.0264907461332 10.0 2.93791147635917 1.548833229510653
252.52470600787336 746.8866676012216 10.0 2.100123430192344 5.992558883779841
343.4357781431044 851.6125797966353 10.0 0.8887948038570169 6.221066076060113
204.0012612293378 569.3479110372845 10.0 1.647261348145352 0.3249815879857666
110.1008132639163 687.9365711341496 10.0 2.803628597669088 4.544900833051243
484.0829240320885 929.9646605087422 10.0 2.639140375565008 5.386053485033308
255.9618041661187 819.6867241065729 10.0 1.0031254068355353 0.2669159609285129
469.4648928818214 603.8393503848353 10.0 2.9437926007027326 1.7684311207479528
24.669969654986247 194.6343605049744 10.0 0.689191971825625 1.262512418243561
324.458855883816 455.7628644670959 10.0 2.0230969158485554E-4 5.465280865305251
358.12832038009117 536.030737001625 10.0 2.3443001064293516 3.5740825504041425
412.2369025012865 370.28448389833915 10.0 2.242223209976222 4.1696231926956475
146.12961688114794 913.576636807058 10.0 0.5814595474607535 0.43810958776045567
207.57083698205886 152.05757396392096 10.0 2.148624394641534 4.183280287681562
392.5289965730798 442.8709182643464 10.0 3.0895306775505937 2.5812733042022082
72.39491246831852 275.36767404919004 10.0 2.921296130322026 5.354894744309489
221.778920772634 117.24438103335599 10.0 1.847383245549351 1.0877667220391602
380.52019289133545 611.7486454633821 10.0 3.0834865409815455 5.780628566315543
274.654966449451 25.88509072561507 10.0 2.353399505879096 0.48956859181230433
102.8286920110717 514.5937425595574 10.0 1.1549707399364064 1.3418652799011364
167.0003335960426 462.1615300931413 10.0 0.6323282248207543 6.257986401267868
89.27535141625664 889.6673885207023 10.0 1.665042629313923 3.2737063910041635
310.31729115106896 676.0495909719934 10.0 2.7704125405832927 3.2420286711182507
409.0259658666413 130.42405185501693 10.0 1.4080259971036004 4.281067633776399
18.03368941540201 274.5700656565326 10.0 0.3027434249784928 0.8690723649720297
235.05926307933893 47.04069787450593 10.0 1.6048452551911407 1.2191654082078363
446.27260170788105 524.1423762336804 10.0 0.9161518140469287 2.5826024014917652
384.56124261567345 168.06863750518798 10.0 1.3134063528678865 1.7136098982757886
42.95333868424689 58.76128250954382 10.0 1.0880516103769902 3.6068240551775936
251.43980588179727 43.61144886871715 10.0 0.47256868468208185 0.21477789304713185
304.0518123844844 747.9024486187249 10.0 1.6953444258788837 3.3182245459640165
492.2879122846628 428.93480143431253 10.0 0.909183004878958 4.799723466479621
260.8484822561889 728.0633332772051 10.0 1.9084837664166412 1.2253982994379793
452.12337178770343 477.4149997418201 10.0 0.7062514086613576 2.826929945429649
246.99198315376597 851.845589242924 10.0 1.7189754064569494 3.6779183130012054
441.2333040168429 321.73178592216203 10.0 0.10681485909453071 0.16423001920599162
119.20654462649932 58.48508676765696 10.0 0.25168933925502246 0.880790195828883
99.45156415099426 672.2122105654131 10.0 0.21445899379430272 0.10405497760096818
230.471320121749 419.73621599088784 10.0 2.931501930613898 1.0255311275798134
209.19701301076392 311.23171465979084 10.0 1.669467506716138 3.2792636493776013
79.49976149334675 865.0161136727027 10.0 1.0936973788192528 2.5745939171519128
443.60103961294243 612.578390236191 10.0 1.840274346789048 4.64945055014275
185.34725057370727 839.7156405797563 10.0 1.5102973266110133 0.9349569757814851
161.0522471321082 464.6869573223251 10.0 2.4216327048095962 2.8975438442447268
360.9748512535308 400.5829858893343 10.0 1.8775055585798521 1.6637869185637322
482.48648329421906 226.64874521606026 10.0 2.4172075731435902 1.448182240345542
184.59770302671075 502.0863598471149 10.0 0.7320106599405395 1.3535102702649446
12.750405540290055 595.9035078768575 10.0 2.53517653333121 0.7397176424101672
92.64578905916166 477.66186711048954 10.0 2.243983272947964 5.728574233868363
192.366631599871 516.5199798431008 10.0 0.6869339045472354 1.802039747166091
143.16545445285888 969.7528953531748 10.0 2.252749046885657 5.260527143468859
391.0286397353909 506.9707715062163 10.0 3.046687774958378 5.064103660717522
123.4897393146417 812.5472978274939 10.0 2.3867729449129724 6.10803333172078
479.153517725857 36.30821957672525 10.0 0.5169141142189821 2.4522088524396453
301.0055931019776 621.3185778001853 10.0 2.5056192936769683 2.130933516272696
238.82069877394235 827.6474993782915 10.0 2.6016992838540687 0.10998689382499797
240.84612053691535 92.27724179941066 10.0 1.0267644634654138 1.4929295927965882
100.42480203140181 217.86295170323368 10.0 1.5639161841220717 3.827698468419662
239.33613045139109 266.83876055681867 10.0 2.0696118762146414 3.026781074092814
316.3707494544635 952.4041022289131 10.0 1.279764983827294 1.370206085399811
47.01876905137608 264.214312032914 10.0 0.8601235655455252 1.3190743246053889
308.13919100245795 44.137572097630695 10.0 0.945383617518637 2.596521639667683
180.09178090922117 236.23030582533687 10.0 1.3062880429680341 0.5114532426864729
48.05045832010574 575.121096889123 10.0 0.5048179040383378 5.055882597783215
244.08120524871978 548.2834668453283 10.0 1.0595230142981833 5.819629617488431
462.05507519143663 570.2159047423524 10.0 1.2062602227386012 5.643520069073368
318.5807714354718 440.337172088183 10.0 2.684623764007875 1.041395180183352
464.87908588395356 321.4437975155522 10.0 0.6116056024503309 4.540885650857095
76.88511043616364 671.8656917230942 10.0 0.39052004774962906 3.5770674877107194
363.8521588904985 791.9950441801935 10.0 1.0193276131671545 5.784572732879572
439.3448487189635 904.6523934066425 10.0 2.515250205819774 1.0300695967369837
492.74676816562743 978.7933930849283 10.0 0.7805918871917883 1.5294049105221443
184.2718317438054 827.3481214610779 10.0 3.089099844926167 2.2827438136071967
61.95636838575802 362.5245134508522 10.0 1.605777654163026 4.040187563274318
65.22239822844006 275.6962196035768 10.0 1.9392209175954078 3.9735091182382014
336.34092220925174 824.0340907777556 10.0 2.912120905151432 2.5218501721627087
108.48709017476799 852.3302375042755 10.0 0.7968466814808461 1.5979020300275348
377.06772959330635 656.001655554708 10.0 2.172482324801002 6.211849332375084
389.6146639619769 800.0505588912578 10.0 1.042990282938826 0.0976522717223955
208.7757420551768 548.7967052307712 10.0 2.161084728668791 3.720671869395789
212.7987316116457 132.486520471522 10.0 1.2395774571917866 5.505478701922965
398.3915019244056 679.4231317839599 10.0 1.6447211743497756 3.1858969702235735
241.95508752114202 276.04968569140254 10.0 2.8031412372282145 5.916830906483216
156.9248410448074 282.4582838762483 10.0 0.2604095586894998 5.216807794225711
257.31771821963815 727.085222585077 10.0 1.5476769388310965 1.8960783996684432
200.57237093946884 331.89289199957693 10.0 1.9819764334261882 0.9383801149405581
336.3818670927489 478.12707208637704 10.0 0.1573236886322403 3.4821867606828705
232.4570441838309 212.77817815007904 10.0 2.363451742532254 1.049678623722427
383.0220883001805 217.1633866659598 10.0 2.0367098336589557 0.49430656231911835
31.33175567018037 511.586236874449 10.0 2.0812222646823284 2.851520339901642
53.61347929316918 553.8186334742097 10.0 1.1792766488505337 2.373095250640681
258.5752597833263 304.19021039134753 10.0 2.117694061273547 4.830995433418854
253.98420869532484 776.3581787502574 10.0 2.3288462809256765 0.3201607557921963
219.80830884085273 570.370188169575 10.0 2.688060424765827 4.032037803833681
6.027480524881668 893.4221425582575 10.0 2.822541316260485 1.3785171884703935
442.4584713569498 613.7512717095203 10.0 0.5228338678603521 0.9766336534219151
107.80103289552196 964.3943778642126 10.0 0.23545293949532525 2.9244090237436633
55.60141254863355 616.080114889226 10.0 1.895348942291934 0.7729366796223225
135.9423308002264 972.312923430233 10.0 2.768258243295204 3.8063180326457027
83.40694290645328 704.7459261361622 10.0 0.4538011145483076 0.617357202964544
464.227532488864 743.2282837284157 10.0 1.2548305799580346 5.424508341793028
388.51797860165857 162.4525333586937 10.0 1.6496781433563579 5.733970792487362
97.10239276926642 665.9156841855605 10.0 0.6823597656415921 1.5975555056786286
126.69042525398844 657.9474457442673 10.0 0.41064904158011895 4.268052865252372
242.01323117127433 215.8476326091624 10.0 2.5567838118761395 1.6153988831259605
199.02222196431336 626.7143270937878 10.0 1.7037468522165777 2.8673436017001386
169.36604262182186 537.3328233471881 10.0 3.0193272793684804 0.5023634749796424
313.0995832133252 180.53510537185667 10.0 1.6324863642000884 0.060777023536467356
33.94191954874132 587.7280205058831 10.0 0.14870802350493045 0.5799502305224626
389.38862710173106 174.82800648246854 10.0 1.4349926773502093 2.3098691228836152
456.5968965889671 597.6287407112787 10.0 1.5273809332463109 1.494432837457412
174.20047596192018 312.66758048764655 10.0 1.8719117406165873 0.6832046500126077
290.07439054411066 850.9453493869015 10.0 1.9444347116648981 3.1088008486994885
45.5580140912697 414.3933435547428 10.0 1.6764936488015558 3.6044394408087315
117.7581940221834 38.7705474955512 10.0 2.4241234110832437 4.3975333075220755
123.29226570247914 231.71275367259148 10.0 2.533489504233756 2.783552879671892
159.19441520056682 690.9446913542935 10.0 1.1827410927328637 1.9030352783924618
419.6967827320643 435.20529988443724 10.0 1.8477535606129298 2.3392860535444666
381.2102364673302 439.22504913040194 10.0 0.9992826682650776 5.449744332785936
392.06789756898377 654.133654045823 10.0 2.4727281917783146 3.9304650055588004
238.45776889199604 115.96533976985191 10.0 2.872508094885012 2.418106539026032
383.4591819157526 697.4680762594941 10.0 0.239350850000172 5.6475129092310565
92.21105037149718 942.2118293294519 10.0 0.6047230766249803 4.51335620518174
62.9780525256956 335.0307009983352 10.0 2.017506745838239 4.87122175626944
481.2443936219097 309.1220547927329 10.0 1.1627642961824032 4.658744117595429
101.95282405050027 267.6654405829827 10.0 2.163841515091842 3.159828692812459
43.6200983340943 906.612696209842 10.0 2.204297126742405 6.222479363510818
447.2981683681721 165.34020008035344 10.0 3.074782457146872 0.229873492360703
13.213737389119352 203.14262998865763 10.0 0.31460037676576486 5.6151070725103
178.40722474620068 902.0874308623743 10.0 2.9861926233720357 3.3662181955012134
339.8051394850169 530.5374532093724 10.0 0.6118535082407829 5.64358378621154
58.89850274926156 366.6891431964512 10.0 0.6101904256732489 4.769182891450346
106.563117883263 277.76175765892464 10.0 2.3059331125353784 0.3490341922196366
19.545520497748882 478.0131278132757 10.0 1.01161745073448 0.2980720799912232
43.75219801169317 947.5456297220358 10.0 1.5545680645109616 5.57285823138164
433.71751762685 283.90602253577146 10.0 1.6288505015283596 5.260635854939165
62.48931540114799 79.77099172356073 10.0 0.3390275249155628 3.72154011143999
171.65928613529462 272.54986215607056 10.0 0.9609054154567891 5.619256664670519
357.37871806610974 295.52484945478176 10.0 1.4421343028699616 5.780128765408177
44.93817162613672 275.18824683321884 10.0 0.971547631897602 4.466930012653056
251.85322734584707 965.7250391266037 10.0 1.8127223461007964 1.6553686051612275
377.38651537141004 589.1284617246982 10.0 0.17926299629828862 4.7544547366136936
85.04976721607504 258.22512870035285 10.0 0.5276473935046527 5.040040749178805
