1000 1000 10 10.0
80
61.23178858921019 703.529261350725  10.0
296.5936275139676 367.5970137208068  10.0
640.8738316631337 775.7620689375433  10.0
270.9594797681667 159.27560743023307  10.0
882.9082027404363 380.23617775547183  10.0
663.4174260353972 965.5908732799604  10.0
81.10048772263123 520.0863427631734  10.0
922.0312540977258 208.3415139108946  10.0
379.09320441049465 220.0652127627971  10.0
565.5864965817298 975.9810489756096  10.0
858.156508948187 69.66715176189298  10.0
795.8891008451552 487.30468579941754  10.0
450.47078811126164 808.9240527845852  10.0
831.3633666745233 817.4281890145792  10.0
860.3449820910853 62.37275885197702  10.0
117.497212130654 421.73384173747064  10.0
67.37528771929135 944.8570364049766  10.0
976.9091800893492 252.24721687383155  10.0
658.4014654828796 412.2419700232175  10.0
450.28881683040555 550.9483907059717  10.0
189.21847070389884 910.7816621286025  10.0
49.18779994740441 725.8095412127744  10.0
12.353707321260178 90.79626566593946  10.0
892.6164312144297 67.89039691792776  10.0
523.821047118867 93.47762821260098  10.0
231.62627785426605 451.61175659964226  10.0
579.6143713889951 194.05729692686057  10.0
679.5365416381127 575.3665674260008  10.0
911.8056119899393 390.23452215998475  10.0
560.1879226130208 745.9171137483281  10.0
734.4628444770183 861.6762018081365  10.0
662.5850664360022 687.5657904951837  10.0
371.2064937347864 94.56437058419264  10.0
347.5141163573231 365.8759969838504  10.0
659.0725313335727 864.5811845500654  10.0
390.1997243743239 355.75903801611986  10.0
87.45347509354528 202.38553210084098  10.0
162.79129789613089 855.0315609729595  10.0
116.23974866338249 927.5491052086365  10.0
761.4456642613876 47.08746548325227  10.0
883.8849560641659 330.08392788967024  10.0
464.99935797321854 150.11704010955162  10.0
563.9706016470212 103.10790294800887  10.0
475.70059483105 155.34532164766068  10.0
957.9474880677628 685.8579808239965  10.0
237.19750115476845 953.0506814257193  10.0
522.0819172515477 763.1757266189732  10.0
750.9555385304025 272.6635535228392  10.0
918.2373456957546 785.753458976337  10.0
219.50403511497862 622.0346877582339  10.0
350.9726699566408 24.843111855744617  10.0
33.38770909717115 201.0006816003661  10.0
407.5408044936635 855.7947061562281  10.0
588.4262984951775 585.6645169220648  10.0
852.7220710248504 676.7045327475578  10.0
670.8614502934845 832.3469874159124  10.0
847.0290221013615 111.61797100116777  10.0
180.19677832445367 533.954588344599  10.0
354.6704365652331 922.145406547087  10.0
773.0137431320753 276.5483126510605  10.0
86.76413905057112 357.01378666327787  10.0
605.7720230580612 890.1867205604268  10.0
185.63948980672774 505.991095539004  10.0
730.5804499295691 865.6558322863419  10.0
997.6725784957879 592.7839859527464  10.0
855.1502457594169 317.4876862964862  10.0
704.947743443959 40.92384296966378  10.0
116.61949704912577 913.7078402206474  10.0
290.14182590331296 577.3201475184562  10.0
238.6641266244016 264.0419477771049  10.0
294.3777888351824 600.074060501359  10.0
942.2871870188237 360.84996202648136  10.0
94.3971373611363 530.3093932029832  10.0
762.9048658359752 800.8458770223515  10.0
973.2513390807328 892.1921350601343  10.0
489.82419206534354 680.7000344218886  10.0
87.81413715939424 420.9737286553452  10.0
288.9339884972365 255.90981434187643  10.0
546.7685770902065 585.8071650900196  10.0
195.4071142755368 679.8638500616919  10.0
