1000 1000 2 10.0
100
514.9257619990016 40.156176852168215  10.0
601.3157499457459 168.52402138430244  10.0
310.77900711153796 291.6177910758314  10.0
159.70774773532702 514.0217091537997  10.0
216.5990179490358 192.8096663863882  10.0
131.58750755080618 335.6341040031872  10.0
845.9678442252512 764.8254710808893  10.0
63.86774152860952 507.0687981138462  10.0
730.407216761316 62.53279218003682  10.0
594.7898068143853 111.17002043313661  10.0
678.1691403502848 39.19756376513583  10.0
865.7963715865603 768.0444865558192  10.0
417.481957118915 484.48148432154625  10.0
472.0249324349183 388.01601578768384  10.0
407.82692095953576 764.358434661779  10.0
526.8923981480805 976.8805254206442  10.0
31.922785718801585 147.15985974675516  10.0
760.9671013517575 817.222304159502  10.0
991.446429670859 86.87393704296443  10.0
701.3012249930881 77.092062628352  10.0
621.1201396834615 952.9862748245484  10.0
884.6236459783262 656.1352814028681  10.0
8.646822192198922 345.5648595638725  10.0
746.2689791150137 869.2995960572814  10.0
262.07676031588954 314.9557388976579  10.0
296.44602680968393 389.5380082414873  10.0
1.5404232280022967 517.3696478987789  10.0
946.4247148795976 723.4644959186484  10.0
168.88393745373696 580.8046238169724  10.0
879.4473810436042 377.7072386727586  10.0
546.5950043228811 730.1627768543282  10.0
174.64719040141154 788.7440082817674  10.0
956.5088132932276 26.084204279440804  10.0
486.9824384110447 35.29309355092902  10.0
969.1350824077949 408.9348849496537  10.0
462.17235467043747 329.872295980425  10.0
96.04884416830728 107.54897145849584  10.0
222.84665241613988 294.92785548589774  10.0
860.6388534869157 871.7410255968517  10.0
200.5976876863187 68.97349571091682  10.0
846.6099993329295 918.2663217923098  10.0
308.3500429054705 359.4699327860468  10.0
808.9864408554747 441.8231692231854  10.0
948.4399717168709 661.7131165842524  10.0
198.96460896742263 35.85346656125954  10.0
634.022635419642 996.7893717243153  10.0
1.8164671675309219 392.3133179191072  10.0
64.90234536582895 686.6942581319339  10.0
616.145194587686 205.2483354832676  10.0
343.60737322653813 881.001121318087  10.0
613.1464285782803 289.92344890986  10.0
643.5071664123489 777.0044887400792  10.0
606.1307677728648 547.4200889903977  10.0
47.99697770734823 734.0522436375923  10.0
133.41369401533254 554.0284472690719  10.0
468.25085548220824 772.8199742700027  10.0
411.78150570715644 235.4260794705969  10.0
516.7708192592477 271.5694899002299  10.0
53.09304738783105 297.54844533778055  10.0
964.9368814347753 23.972988412665043  10.0
353.1782969019791 829.2210773036384  10.0
944.988162627125 206.87326400215923  10.0
560.047260511712 766.0366771132357  10.0
370.343380900655 221.38901455549842  10.0
607.523222056349 710.6253561059978  10.0
142.89402019158504 817.0644160963084  10.0
160.76669651636922 941.3791831145318  10.0
591.881326984923 386.29969736888836  10.0
461.75750067459853 309.85753497010404  10.0
246.1938802680752 825.0900294291791  10.0
385.65440915927564 126.51252614348263  10.0
480.39976192259724 896.1379805506856  10.0
323.05278213476697 65.03880936559969  10.0
794.5534321856564 601.6944120775984  10.0
988.512849572539 577.5658459972095  10.0
488.7942098669351 676.0216218808065  10.0
22.33230437621625 306.07437163050486  10.0
275.9798010694241 941.1616430623085  10.0
300.3885639115554 499.83357001304563  10.0
939.0746579373349 934.7313400679091  10.0
195.97813417593014 504.3188687867558  10.0
484.74015332477995 914.7558621278082  10.0
647.9309263745115 973.9848318307489  10.0
370.5490950475596 74.089747287298  10.0
780.8805576966321 579.4314080353706  10.0
290.47449122136493 555.7655409066252  10.0
996.4214028216119 628.9158929008827  10.0
691.7791382020923 650.6475230577241  10.0
907.9862599592747 204.82709922674402  10.0
666.1581026940825 380.0580812196234  10.0
227.62938201219606 127.6521481155788  10.0
108.96396674934195 518.5829759056497  10.0
729.5008925364588 303.13077132119184  10.0
72.57073062818209 996.0507770648534  10.0
712.6510026334023 782.7053320877084  10.0
53.40847588131703 532.7210982873572  10.0
964.9030928024284 173.03959136492898  10.0
546.9282183184753 308.00468721222296  10.0
89.88709509492499 867.2929023354459  10.0
580.732369057386 440.5786113947613  10.0
