1000 1000 20 10.0
2000
685.7325957228545 472.4033963880527  10.0
229.48402875615093 31.578784578175757  10.0
112.41428804005993 712.9316372413808  10.0
896.5878735633463 155.046260142925  10.0
760.56166492346 699.1787368574467  10.0
229.16286396859087 159.28003366201438  10.0
56.53740582277844 152.28147177062525  10.0
52.07768769996812 794.6024019387713  10.0
232.4688494619611 599.4389255894251  10.0
898.8575211106963 418.03267197095994  10.0
264.5163542036808 546.8393395800881  10.0
49.45939632101315 351.98267063726473  10.0
983.9791131944202 263.87803190499517  10.0
658.380395368543 980.3572195925684  10.0
372.2548508639925 538.5599425771223  10.0
90.07290851154848 317.4412300744782  10.0
832.8972952880762 397.76986451295403  10.0
626.4920070368066 309.37015795415766  10.0
797.4907944297686 451.13215558064644  10.0
40.70226422386203 183.6434531274498  10.0
366.78933409999956 213.4708843407248  10.0
140.8223398941313 749.0557499812434  10.0
814.5423360128233 488.4206452399799  10.0
280.187633906738 666.5837048598918  10.0
688.6573746816033 654.5269124851089  10.0
2.4625686171909633 361.18121317942985  10.0
932.8259562634048 485.214395016446  10.0
444.53583138761996 425.09922305877177  10.0
921.4648965786926 955.2902025519776  10.0
855.3834059667072 75.26088824281597  10.0
551.8029472372663 339.18874461231064  10.0
605.6856098564766 470.38638882798267  10.0
569.1683301475773 789.9530033443749  10.0
360.83639361094544 467.976271412483  10.0
115.01000175049857 502.9871238232406  10.0
669.0839847231484 706.9258475433809  10.0
81.9111117924134 514.9037713861211  10.0
76.89435986937421 738.4576202433468  10.0
235.83089812064017 165.32844099833866  10.0
25.22984574640863 296.2223928557959  10.0
223.03666869603734 258.3126286269678  10.0
203.2872564832977 695.8338892442334  10.0
517.6649010110439 0.046745668193182155  10.0
740.3411543605812 784.7661858050011  10.0
85.57655912094508 860.851785232137  10.0
601.6896796525349 825.4566230930736  10.0
41.14856080321194 611.9694011964824  10.0
821.3017874322735 187.6213334899587  10.0
855.8698341695833 921.4576345610056  10.0
751.6162799943744 750.2047799589136  10.0
741.0868227867213 58.5395749022849  10.0
340.04464374803166 469.04815348916674  10.0
671.9700631474416 452.0406351185382  10.0
552.0813741144586 653.2761498855384  10.0
145.74994232693783 76.0898701045053  10.0
452.52676899167244 111.56542414790493  10.0
174.49622997914716 895.0490383837191  10.0
129.1789251929245 478.871930986475  10.0
201.19251218091017 889.6729596896303  10.0
597.4532272708068 714.8588500686595  10.0
597.5836671495658 507.7930317840009  10.0
59.73916802254908 977.1805381881036  10.0
153.25034561300276 735.3556060699663  10.0
409.90567611698737 815.94188645933  10.0
497.59143578578755 367.43525886247465  10.0
671.2182321667442 910.0671104130935  10.0
709.8722292858179 473.8824263224787  10.0
135.0319632370618 371.9752783353691  10.0
467.2220873840044 500.5542039503914  10.0
327.97685240963403 983.8746791821883  10.0
956.442162918091 924.6153328899635  10.0
576.9529776116434 597.151599791491  10.0
432.71061067792607 891.1865002492875  10.0
864.104423308509 325.7435613841001  10.0
746.7486601008591 798.6552694049934  10.0
868.0431700758336 95.05093327225921  10.0
381.7381787777797 371.2545070743136  10.0
572.9448968028262 569.854916839798  10.0
542.2572264524838 360.05226887591846  10.0
593.740759911266 477.87398150777216  10.0
619.7273436143454 647.2854908345007  10.0
413.48045931508204 870.0049812568856  10.0
922.342313832346 194.01014832155573  10.0
58.04387122125543 913.9589234071113  10.0
902.1749112152601 967.328271213824  10.0
343.7293606378572 404.9160716625453  10.0
238.1350530583114 710.992068259527  10.0
724.8492787197941 294.98815011357647  10.0
40.67851154869662 181.9743302304725  10.0
941.3142259231325 192.69065884390812  10.0
132.64292228675023 265.63323388197523  10.0
120.28926909869864 964.2912297672761  10.0
830.3133870342895 203.3887166469609  10.0
721.356992100176 280.8147901488385  10.0
899.797586444986 19.366929070715134  10.0
731.2236626821004 197.65027443200057  10.0
396.0155103139624 116.25775085907408  10.0
811.856703180552 628.117015614965  10.0
905.0873107441153 925.6702867454189  10.0
685.0425983901297 878.0141247871728  10.0
305.62723500756573 444.5593619251801  10.0
896.706596349198 245.08918273633208  10.0
540.4300570022059 466.8358600370228  10.0
245.9367765436985 55.52726527148055  10.0
47.26180611281339 328.0624583668722  10.0
586.5064823321185 408.9752453849215  10.0
435.9434646401359 21.175286021246855  10.0
412.7911574130049 334.2801162469864  10.0
718.643105137783 612.4615145797669  10.0
627.3267550820938 20.034534152806096  10.0
901.2682050596923 989.5614119782165  10.0
153.8584449632129 277.1866531232199  10.0
26.076546843535443 107.05281173831771  10.0
607.5804738572141 415.3853132572205  10.0
819.1006951993575 60.21503435204922  10.0
63.36865917373646 270.3957978443737  10.0
940.7076740484714 513.8581499550265  10.0
73.15950255634051 206.83548105624172  10.0
463.5916217244953 240.64246391420042  10.0
475.2308954165825 538.6427040424617  10.0
609.7246132411404 782.102835656358  10.0
210.99100782527603 959.1061126574953  10.0
966.2662989002682 535.6302684701081  10.0
318.983775435858 252.9462098962052  10.0
370.16060217699254 891.953813089805  10.0
511.17071057968275 774.8543365891308  10.0
402.1234382638719 400.20336936002974  10.0
253.1504574458977 922.0588258676694  10.0
962.9528341621766 321.42428943899324  10.0
67.8289912928487 102.90195182063877  10.0
718.5682413857036 346.4527909395431  10.0
861.1549557592764 509.07531528957264  10.0
294.9139419585839 700.3511024408845  10.0
428.88623624376197 336.0756140010807  10.0
979.8362671761848 333.1392914446718  10.0
944.9554809999704 964.6062722281987  10.0
346.2723883649803 405.3511427290627  10.0
154.85347291953045 15.065287774944647  10.0
649.5642457981755 816.9790328660747  10.0
201.55149915886838 117.9228365512206  10.0
71.43773623113981 99.66304254425884  10.0
496.8347190205086 704.7069058019104  10.0
884.1642384876318 594.5178237110637  10.0
817.5205260206999 117.47892827362017  10.0
390.6476088522077 471.78024187042524  10.0
853.8873242301676 859.0956109657698  10.0
59.65703967096792 813.4997271994409  10.0
766.7408709318422 862.2171336604376  10.0
620.1518739159471 676.7820236171218  10.0
919.89634921846 241.9359172795571  10.0
4.62157085905901 782.636859344563  10.0
846.4568158246544 115.06451340082124  10.0
938.590914104164 234.2682638280802  10.0
680.1193578982635 718.5347114867192  10.0
661.9159764418318 458.68595339878584  10.0
736.8422274009586 240.02462179430617  10.0
737.2240763145094 386.8047642081861  10.0
667.5580026797793 485.84385554847444  10.0
151.82714851163738 739.7387013792114  10.0
619.2189319281266 754.27197001089  10.0
951.6640673686044 172.7848160911998  10.0
139.312428565186 56.95811085151436  10.0
459.30465160967395 943.6313373941841  10.0
138.08627523348517 136.65520001408947  10.0
722.7744238033914 717.6136470736199  10.0
83.0747193662289 566.4750176663259  10.0
217.9353945440444 100.38042133239055  10.0
742.1177577662437 584.0151202521646  10.0
984.3855181378507 497.1219135270677  10.0
213.91804518639523 213.12274126293252  10.0
313.3151319324251 937.550548405333  10.0
689.2813386760104 656.7240708723647  10.0
825.4858045288943 577.1142420140876  10.0
371.53720545913717 906.062480961428  10.0
278.4734778940555 687.4604886196139  10.0
251.23958934974476 4.852538595387479  10.0
724.5443101009583 82.95963102025239  10.0
978.0971447274028 431.2709692363639  10.0
704.0080749597731 95.13402556218509  10.0
902.1856421557001 616.369690170583  10.0
3.6208289939452243 403.12915723392416  10.0
466.8457687552888 704.4103649575194  10.0
135.5847272846723 255.90158879306614  10.0
527.2716885309092 278.7836625927027  10.0
99.91990737042545 880.5880734580421  10.0
841.6469601542403 926.5907177088278  10.0
181.45937220010833 161.55898648158805  10.0
935.7858753032209 195.62810763737636  10.0
502.4449199645572 995.947988254446  10.0
777.5904414895793 709.4320613988285  10.0
802.6782894076945 83.98972746143951  10.0
214.23395850366776 949.201253579208  10.0
451.4084977769861 296.28552150111375  10.0
922.8344074015264 485.83196230492973  10.0
8.612861436267828 175.15665074470377  10.0
704.4820627490723 250.9634526584522  10.0
748.0556298499258 573.5337443610084  10.0
311.8373725408212 772.8448570585339  10.0
430.4849791906674 912.3696869462908  10.0
642.1167489884804 170.9999614479012  10.0
272.55543795636237 46.35276059001336  10.0
50.135492129236404 103.07947509988847  10.0
495.5394136638807 267.73570062695063  10.0
740.1785226264911 787.9546768167837  10.0
57.618252611384754 549.3852980983928  10.0
680.8213921631531 691.0206885602945  10.0
174.5195084117229 730.6965451022774  10.0
253.4252157850715 450.8413436753077  10.0
15.493922184361297 983.803943364739  10.0
892.8811311489447 150.68171902208616  10.0
525.1021785854787 562.5620610368536  10.0
308.28130866169835 94.13862029832177  10.0
666.0076929473202 533.0562228929733  10.0
481.5450100133727 830.9933346866574  10.0
503.94883189199123 911.9435766762363  10.0
533.6296758994805 297.5748394088913  10.0
463.2900463236703 397.71338200039474  10.0
720.8091277492185 585.3360344561734  10.0
770.0281004190804 669.9948720039342  10.0
277.6016962672345 32.009230799876164  10.0
568.8565107976556 53.329832537148405  10.0
558.2833770876179 41.62163639240723  10.0
451.8669018382279 194.3663211382709  10.0
945.522293521552 282.81530211327475  10.0
168.69394650738622 285.2187249443349  10.0
292.5224275800332 689.3302149042744  10.0
101.38583068111883 280.7787356720253  10.0
244.1659734087035 992.1731361048393  10.0
682.0093274324229 504.050519393584  10.0
642.9958299655821 349.9091692059535  10.0
306.9754652572053 11.123018150519414  10.0
367.48007450112686 11.676561784048744  10.0
459.29736273656397 96.18043609841021  10.0
372.85358804098547 846.9400619233636  10.0
688.4695238536525 356.99211113813976  10.0
408.931618201313 6.661398963400567  10.0
817.383377057582 812.6112348570766  10.0
874.6433691617548 942.4800029403049  10.0
246.6712695203205 667.5511499032856  10.0
535.6339532560937 503.6613222029732  10.0
509.09726231333894 450.4974199841242  10.0
379.13557293201086 855.9834483300316  10.0
290.08937275262605 420.6522520176681  10.0
709.4094534542756 522.3974170243497  10.0
975.2353305979591 331.097328140873  10.0
697.4126452783923 932.2108392862752  10.0
411.53950471506215 866.100336187691  10.0
989.9443669930749 483.70740068515227  10.0
976.465828583424 328.0789940563752  10.0
656.3787606078985 274.5304351872274  10.0
237.26796717577147 439.97593422726055  10.0
705.1923667589424 334.82140740272  10.0
452.8345034160134 450.08658692525506  10.0
637.8460580794472 410.01926651759925  10.0
921.2534008269532 78.92144064381735  10.0
24.182803150684773 83.38996014089395  10.0
708.5267330315971 231.47302190127027  10.0
881.3541134825384 302.7698523549086  10.0
607.3431538329785 813.2969202091327  10.0
717.3900075247961 181.6707531769589  10.0
269.5420669868197 435.10556182477467  10.0
460.8781100464867 281.8084516829239  10.0
331.88019581880457 268.11194033840303  10.0
139.8198490565814 452.2802922458001  10.0
11.937608773792018 821.150319076718  10.0
95.58279945554405 700.0318434156985  10.0
89.47706228301244 950.6393325823466  10.0
721.9699303498875 496.9168302138106  10.0
408.2967041135256 985.7420629154316  10.0
204.77800696602168 390.5678754039049  10.0
34.59318403463774 453.6175065180302  10.0
503.8193489175439 779.4606227278632  10.0
990.0786732917271 523.4454284533505  10.0
867.2319001828014 236.96699337374127  10.0
41.5713788329628 952.9473470030001  10.0
497.00486435074396 824.8580088471101  10.0
373.5064618141195 17.41402948746873  10.0
594.9986322081139 423.6303998520492  10.0
95.7903143148533 628.7899082965106  10.0
910.3388395059238 225.19527404769858  10.0
446.64783568620135 611.1534148784846  10.0
81.91630304849262 182.88134622275987  10.0
238.58886094984356 888.9713159920356  10.0
523.8262798151084 394.3689421691954  10.0
565.3468540335771 165.79446754998185  10.0
336.93157432129806 105.0856922560479  10.0
38.618659819810716 523.6010977154393  10.0
746.3361974872505 262.7581482190069  10.0
855.6617594578327 256.78311874737767  10.0
862.4071568182043 328.228049990793  10.0
812.2811592395703 169.80991394873212  10.0
142.08424472692383 353.3060887808731  10.0
970.4651769284807 513.8928946715969  10.0
787.568573022266 173.34975807043818  10.0
65.90540776233223 715.5135283319808  10.0
461.08263995001676 930.4161944931423  10.0
897.8634843122684 58.4665481068134  10.0
117.24619806912384 42.25492145645848  10.0
882.322805432282 521.1086088236875  10.0
458.71344450369753 163.0694625493605  10.0
669.0911037793394 41.79276316599556  10.0
506.0690930076712 643.8907402677872  10.0
224.4950635753262 588.0069234007236  10.0
39.58190677429585 493.56943560249  10.0
63.53607799864547 538.5245657532091  10.0
218.26658169667823 865.8084446268005  10.0
378.8515675396849 52.9144380995481  10.0
510.805506507273 653.3206317259402  10.0
658.5535520800266 299.0453161077024  10.0
183.2342267537289 857.1110220073017  10.0
10.992727953497372 636.7609348560596  10.0
979.8956620920892 17.047083176077614  10.0
821.722623655104 114.68883407234243  10.0
307.0198951226436 139.29401671220842  10.0
556.4149114140961 927.1869922219387  10.0
182.38757717394617 236.85701957739803  10.0
493.2038004525955 799.7196750124592  10.0
449.8868294460645 811.38561032812  10.0
918.9139012545625 623.4943412956009  10.0
274.37522659811543 347.55992859193384  10.0
855.8523712980017 43.97995056547099  10.0
730.1093785564739 165.79234474085825  10.0
699.3227698748652 122.96565763465594  10.0
375.1070996098638 784.6424096736898  10.0
240.7447585299234 640.1089878188329  10.0
64.15792329271264 281.25659970161166  10.0
427.2403160710694 77.46049439198765  10.0
894.7994842488481 6.3089124086472825  10.0
865.7733440274703 839.2418560182322  10.0
103.42938856274652 409.33214927486927  10.0
518.4066864573963 799.1930821662231  10.0
932.8229481138935 660.993707985907  10.0
254.96666547766756 839.0931959646008  10.0
977.6791998569145 220.7840954222946  10.0
930.3820587431412 644.5987678639317  10.0
281.4190602073494 491.7501629487685  10.0
436.19089976041715 658.3325972687101  10.0
505.3112613969207 228.31919757991736  10.0
739.1849687063238 755.1948851195478  10.0
820.1026886599694 418.9239692451183  10.0
264.8888371759218 901.1576531481115  10.0
780.6820599939662 952.0532764624046  10.0
109.54610647201679 784.3425678000367  10.0
335.90685199028667 492.51601974631734  10.0
471.51285198799764 165.97113910086415  10.0
298.5752110309573 644.1214203791471  10.0
381.4343353005797 488.81573872455266  10.0
54.62612180110327 655.641680111507  10.0
280.30782713902335 102.06827377745886  10.0
26.002632598576714 638.8377244499858  10.0
245.51081064780777 314.0833455418529  10.0
418.2145934421662 510.4924516403263  10.0
697.1005758628538 368.24063504525293  10.0
81.48864184841176 644.8104176651841  10.0
230.1675876237742 352.2114707764904  10.0
893.4951601491297 528.2062469997412  10.0
813.7517404031892 997.2027566220471  10.0
931.9931968458264 545.4189666164402  10.0
972.8069596908243 301.2909931057746  10.0
847.335861318717 394.05274285455226  10.0
726.9265541015347 919.7477622062818  10.0
267.6306003375178 524.0591226022526  10.0
998.0177453641463 305.297687648845  10.0
773.4498839679871 429.33975561580195  10.0
918.8408270418512 652.5382189426796  10.0
964.3398067600522 580.5623593734047  10.0
975.304847711764 803.2904646815902  10.0
405.9752935114257 281.4473055023238  10.0
197.63807212945605 403.43848519442196  10.0
794.6625967502603 755.1958246840707  10.0
679.0282512633116 766.8544184919167  10.0
504.990812133443 323.3950543593321  10.0
545.0543776604329 98.29492072520208  10.0
796.786110661076 626.6491560567633  10.0
123.20772897037268 954.694601855941  10.0
349.1239220556758 454.3499239903285  10.0
469.0271444247859 83.06991388727702  10.0
462.0055210559544 900.4142764760443  10.0
593.849565388773 63.28711589321934  10.0
220.40747041564512 242.47990082118642  10.0
708.9037495072139 505.2363695903442  10.0
150.76358155461833 153.96475138721556  10.0
551.4514420657416 902.4933190228825  10.0
416.5409860009388 601.5600811440528  10.0
390.90681362228577 628.3384859874922  10.0
397.42295866313725 55.14027882253036  10.0
626.3418881598745 975.043931043303  10.0
575.7132347327616 442.73761096043773  10.0
981.5117839706019 583.6255605106012  10.0
13.927808289604382 620.1434230223635  10.0
179.51033051810984 88.79885840890445  10.0
349.14181436108703 992.8615672205507  10.0
636.3935765079507 312.66443712460557  10.0
152.5106898429336 327.5542155279452  10.0
151.5842579963559 880.6891665494537  10.0
706.4864419251254 720.7837862777449  10.0
792.5982652855262 704.8375813021521  10.0
737.6011827584916 154.76904120909907  10.0
172.60942248927014 381.2474946920202  10.0
409.29199521166214 63.03749846840989  10.0
101.59609336663777 183.6324169398097  10.0
927.0923952056366 853.2702006133946  10.0
155.2897777203508 998.6330186559804  10.0
437.6175668842088 390.29927544727593  10.0
50.87200904481715 245.628427429624  10.0
513.1217074691366 29.132186120542357  10.0
844.3428025863511 551.0573390376369  10.0
405.0078383846826 906.0412907495016  10.0
871.7102030344266 706.0884225169758  10.0
422.52172369269914 845.1711005413433  10.0
44.62717087750268 226.51755671702279  10.0
246.96290562068367 418.77946726473283  10.0
580.8286789953227 655.0599143649907  10.0
727.0981544562001 411.1434121072156  10.0
500.69828750768664 598.7425182226895  10.0
718.0630647057643 179.32422152186177  10.0
253.5201020946797 377.89302680820094  10.0
823.8904474126485 178.40015411464393  10.0
650.4486009219742 78.25897717478614  10.0
482.90438429195524 224.4398627574139  10.0
875.9553528482995 744.081171788349  10.0
695.5715084768633 905.4030090397345  10.0
725.4883533767076 427.48343827539446  10.0
836.0017739276168 918.3189468843556  10.0
374.30582977883455 818.3307455916836  10.0
411.1430683993804 10.50854184941208  10.0
920.9236117043176 218.74610969145814  10.0
335.81553144207464 633.2777997964461  10.0
668.3409951884767 697.7660267265709  10.0
277.08249332518153 378.42659764134936  10.0
607.187247708629 364.1534381044287  10.0
888.0575647000468 761.0794728720232  10.0
847.1570064178635 829.1756994241224  10.0
299.09755691786023 936.7594189118092  10.0
806.5795245383343 96.19504877493968  10.0
63.43385932318768 496.2904419698917  10.0
814.693321769525 310.20692383034975  10.0
864.6454867388774 569.0274007259397  10.0
407.1744275709671 28.00170645766109  10.0
684.9790226433064 83.07720102249793  10.0
2.6927732903352375 928.4136227416991  10.0
806.3722585701383 180.58812104609123  10.0
836.747896966152 172.16029087799944  10.0
970.1394978363289 466.8490987719597  10.0
998.7619583383882 942.064868699576  10.0
256.6286674363822 983.854467635147  10.0
169.38424198149704 46.992305748248086  10.0
762.7614498649133 542.15347289659  10.0
187.1880009223069 856.6199295370061  10.0
953.2192607743222 319.2185360433395  10.0
887.4172741895152 249.20187778195168  10.0
640.1398352224008 438.2297206461251  10.0
750.1677226251213 700.775833841297  10.0
906.5403719323854 578.0872467554146  10.0
771.3618063895876 121.79963802421622  10.0
930.2846645565935 533.628054759491  10.0
627.1058477954292 555.994215591526  10.0
588.2637939334095 44.43596112584303  10.0
640.4923747283248 396.2088815409859  10.0
924.5607690003659 141.29965083854535  10.0
279.63823066391103 343.4132174783304  10.0
51.72172818711252 721.2865284666801  10.0
916.7251362961395 937.4598985961179  10.0
820.8573698602421 55.56412121614351  10.0
360.03637889062514 122.05090669102192  10.0
644.1500770759178 458.5158725524229  10.0
234.4591813152007 971.3791490307585  10.0
182.44382954517334 402.3607160181598  10.0
630.6497156865711 402.20663088001254  10.0
220.94551393527396 948.4013785431057  10.0
569.0336219685128 422.6791059186258  10.0
947.6674438023929 484.1894174258129  10.0
732.0415793434657 227.96616458254638  10.0
22.093242889859035 405.30931524985857  10.0
606.4566001277431 242.8553582553151  10.0
275.6499437152221 561.1483501896676  10.0
647.475260754187 32.71712597378862  10.0
620.921306749904 995.9325909970717  10.0
327.0626132824448 856.7971042290393  10.0
763.1387388930643 759.4735179394697  10.0
961.4065918478923 521.5810879259715  10.0
605.3376923273485 336.4841897640959  10.0
25.754204070750355 107.01715544434043  10.0
817.6691158230404 548.9872808906053  10.0
259.6389310368502 84.66824483945878  10.0
901.706858785869 623.2521909798556  10.0
241.48442016476324 324.4079636257953  10.0
222.19390710124065 480.86166644772675  10.0
268.79714055537886 495.0611411848168  10.0
901.5214391955916 212.92308473174958  10.0
318.63627617523605 404.4296635133826  10.0
176.33651023692332 127.10314437317638  10.0
582.7765433489601 895.4337031993621  10.0
801.0257185547845 719.0792783116378  10.0
572.9553784596076 17.636591322469197  10.0
349.42374939588984 413.1645035353316  10.0
73.82331283289234 327.21175930230885  10.0
813.947003527796 941.2771705841616  10.0
284.6920711578526 333.44829483182457  10.0
730.454808953656 785.0906481690187  10.0
335.9024098384216 306.18120871559984  10.0
167.49112208308247 193.11214458561133  10.0
991.6093015931219 886.0715913301694  10.0
310.1624565531678 902.6042561369225  10.0
758.0094530104869 198.45038893299338  10.0
41.7583545451049 845.6764301554971  10.0
804.5123770971123 461.47962242944305  10.0
880.3227323836153 799.5376924410455  10.0
75.08252521631364 400.67248114952326  10.0
862.7360565956833 152.81655208748367  10.0
717.9571168709459 134.35436511774446  10.0
485.4694788372873 703.0172173306926  10.0
494.1704735923397 578.4345862502917  10.0
609.0241490787153 674.5960846338469  10.0
138.79228036885738 833.8987045223283  10.0
312.1698947116014 952.8060387182252  10.0
743.5138026462606 466.7194818340664  10.0
42.4497276932686 865.3703756960502  10.0
105.19282796953277 67.42447560154386  10.0
51.017376354539735 712.2122258973209  10.0
642.1942635562607 986.3464171991584  10.0
22.727272902758777 642.8792968117231  10.0
918.8401859950403 680.6225270820348  10.0
16.49783737120991 411.96789271395096  10.0
38.00976807543633 680.2970685257615  10.0
316.3201692528357 4.764346994515445  10.0
162.90563225794241 783.421267014153  10.0
559.8859853565966 118.48570443771322  10.0
211.23042470967724 723.8331825455837  10.0
559.6605583180772 8.916203790011124  10.0
328.4931902633668 220.3397507124818  10.0
560.3273523914505 267.8991686377996  10.0
91.89233302759104 12.311755261469992  10.0
286.883033304435 684.059220967529  10.0
522.1982749064955 214.2417332015223  10.0
29.262922844832673 457.29275686065284  10.0
888.2852094422193 80.60435596423122  10.0
182.2288195479218 686.9789885627366  10.0
977.4384107370255 62.39673948285696  10.0
113.35205836271012 234.52845897462348  10.0
974.2899662330684 858.0267038797019  10.0
967.2768057532522 772.7990747112938  10.0
342.2118707502864 13.754626897906297  10.0
31.05025811231732 78.07449660371701  10.0
133.22283123826483 512.6846830101468  10.0
583.1570941868699 394.7134896715455  10.0
965.9410559654701 706.3397003531747  10.0
727.9981470656755 8.242849669805373  10.0
505.8419437208451 889.143133471036  10.0
577.9041722755512 999.5808499154524  10.0
658.0565755093667 793.6707727257154  10.0
286.3774033775376 521.2417769508099  10.0
840.1728275744729 293.3236868436981  10.0
859.1050832523757 835.7867305317086  10.0
640.978184364388 639.1132535674511  10.0
373.390576434695 787.4494556830069  10.0
890.8090275498816 628.5377975803534  10.0
221.99960144370434 339.7802359743045  10.0
670.1489780835284 207.06974038246761  10.0
264.0203948732067 305.315047774833  10.0
65.34389988540445 136.56129013610197  10.0
313.1880208069558 417.69107623480716  10.0
543.7791431920757 529.9151434418528  10.0
223.22528517248685 452.2935635295017  10.0
665.5902677059808 247.65676012888406  10.0
940.1033015425014 188.43370746283495  10.0
474.9553422037566 379.58270665148916  10.0
282.72719931171054 624.2205100688432  10.0
321.2437314083276 293.449754321215  10.0
886.4035633690758 4.704250418298139  10.0
48.77209902635327 22.707216207692227  10.0
697.5477791934819 904.5328667190305  10.0
463.6461134286666 86.56549240780697  10.0
643.4412307017737 818.2769022420706  10.0
737.141390344348 188.2315136869449  10.0
617.4495747184106 454.74247140815424  10.0
937.3053267995916 620.9318393360409  10.0
717.9651237958311 206.0059051059543  10.0
193.93675659956622 626.3826723598456  10.0
758.4379781370919 67.56798035669642  10.0
96.82775201170024 396.6551942858564  10.0
426.2116148307468 622.939183731573  10.0
803.1280860033114 887.9240651342274  10.0
109.48083743229687 574.1320141020889  10.0
986.9194786417976 123.37529560866179  10.0
334.54132926245825 698.9502890337632  10.0
202.5634075527054 202.58952645537377  10.0
959.6012101921932 46.62921255415397  10.0
453.1127123301324 806.0052725757091  10.0
756.7774145605799 645.2944246019699  10.0
756.0538837376276 585.6059334258382  10.0
780.5001983756581 987.8719238813167  10.0
280.8734427981542 466.7633977209512  10.0
968.4017747020295 87.49520072579952  10.0
196.41827185574334 551.2103861210492  10.0
749.8656160031492 949.1195404970331  10.0
710.7467256433147 7.40220752715115  10.0
47.76534469211813 890.9681236462326  10.0
912.1431265784022 62.06823040682175  10.0
950.5230799969069 267.59776736207  10.0
927.1958896692408 965.5420189349699  10.0
504.46901955126464 795.787203968329  10.0
600.3149605308305 593.4983789064397  10.0
530.5856114800803 865.1140072354302  10.0
368.79174681631946 169.0144870720579  10.0
105.07094695995956 927.0008036756383  10.0
258.48064297997854 441.4116891356904  10.0
359.75791307545666 299.17533435407586  10.0
957.408198407407 542.1227324929798  10.0
556.2769097588512 496.9030982315645  10.0
738.0922757451924 652.869443049384  10.0
966.9518043941567 508.01505490973096  10.0
594.0804116312535 567.7241229112493  10.0
955.7699172785105 265.6674296700943  10.0
332.1927444686817 208.16709842187075  10.0
794.3689589032363 940.9342289453638  10.0
519.1818780219673 159.04221536256335  10.0
170.83497918710734 576.7475620826852  10.0
119.99828121849954 333.3507958893447  10.0
53.20701458062194 15.364427711115013  10.0
384.57653530769 945.1139214287732  10.0
554.9358141299031 33.453391075207506  10.0
41.03428871507309 72.07178462586661  10.0
716.1456411305782 92.05784033195118  10.0
135.4023016397099 223.77799167974499  10.0
662.3992507819594 133.1071856569591  10.0
921.4805460871629 495.6856767861869  10.0
431.76855421174344 409.81117519016294  10.0
49.14204711299375 86.11151526199912  10.0
871.3639171257722 425.1865490572005  10.0
925.3821880093199 180.5025803063949  10.0
396.0778433841002 671.1294177209222  10.0
529.6386570631676 466.22025511980036  10.0
75.14926614787466 9.860631416645171  10.0
153.3826888854265 831.094297489156  10.0
466.2568500960738 220.2358378699554  10.0
503.7099661817661 120.28929871075067  10.0
852.2012878969593 443.32547537554433  10.0
361.63499806123457 178.5649295372054  10.0
51.8377165489623 4.834450472577134  10.0
518.0202104842031 788.8001650765195  10.0
774.7712317690444 366.345079659871  10.0
23.54716948919089 532.6911266159265  10.0
568.4302068383486 763.0310610328207  10.0
883.8638879309885 45.82075127321916  10.0
766.4832493779797 422.40414364362624  10.0
207.01880319181976 616.83819694881  10.0
489.1675412300803 126.81939073455406  10.0
467.5187268907122 589.2741919668333  10.0
668.9476916587488 281.87896623006236  10.0
989.8243066708269 564.5583517795271  10.0
279.02594182801835 583.5383014046066  10.0
973.8234669808014 976.092992846463  10.0
427.57590350664054 838.6326929978464  10.0
385.79949477386657 206.77730715499177  10.0
747.1739061626228 486.7064875999271  10.0
820.6372334309619 56.16475752996142  10.0
556.7530931375509 895.4409453707033  10.0
4.487588320205238 28.475586418370224  10.0
602.5075865826101 557.6408875067958  10.0
951.8363212640157 608.975533338591  10.0
794.5251269230689 904.6545398466219  10.0
916.9010182385118 423.7706177065458  10.0
247.52826962700968 569.264933954953  10.0
186.50498417453255 936.8572818797915  10.0
106.95595354548082 580.5050404725213  10.0
450.0551476720714 128.30596289041353  10.0
95.71857912901238 153.51321760962878  10.0
951.9761263563546 418.74543275946706  10.0
452.31157528156854 449.45971103942907  10.0
882.9301772436235 957.8540032205109  10.0
947.573464284164 923.7382887635682  10.0
498.37863372044166 278.35321262739456  10.0
965.2269647865329 655.0321242741293  10.0
266.5176365077635 232.03820204952507  10.0
210.44200783843047 353.52638585887496  10.0
942.3469372803323 70.66846200800315  10.0
471.01215066072365 583.4543910053045  10.0
840.607451111627 512.0812475424382  10.0
997.336808532684 103.32806302992226  10.0
737.5497612134855 640.6795948672226  10.0
490.25363920250584 126.61766146090025  10.0
769.9721749563095 531.4852777022381  10.0
389.86666748532906 736.3098416954851  10.0
419.6937601345085 558.2367486437793  10.0
143.86761169678374 648.6867946195125  10.0
172.60417571406518 448.5506172818284  10.0
400.44919108858954 14.833655703466619  10.0
723.6585734054394 282.95459343112014  10.0
618.7609379826412 972.7956317056867  10.0
662.6626535663834 799.6389979420629  10.0
418.9593902774628 218.96949235005215  10.0
420.4194704056685 563.0625872680247  10.0
104.2564083967158 954.2291646327033  10.0
880.7859760441777 782.0877582817676  10.0
178.970553470734 178.44851286672682  10.0
471.4138836186691 822.1095411048562  10.0
359.4383365944762 456.4986853054488  10.0
734.4263205938977 745.6811217595437  10.0
528.7436295052511 959.4618833336359  10.0
348.0078916994126 537.4283623598973  10.0
321.5748533896328 796.7162587410111  10.0
320.8623834222799 21.584803264053654  10.0
542.1215394238839 397.7124580516933  10.0
613.7192995569251 864.2670732229222  10.0
415.7730813667522 976.6747474806306  10.0
755.546527845359 467.65045213451907  10.0
754.4842585575951 919.124807102237  10.0
116.85308704321994 9.49299334999154  10.0
476.02348805556784 266.03975260238656  10.0
378.4427788949674 358.9956981003929  10.0
558.9214975439822 339.62042465283196  10.0
391.2057615243517 108.7755051037863  10.0
437.789659576118 954.0595125437368  10.0
61.011687231054104 502.76650910761  10.0
47.77862255703913 585.3639897176329  10.0
112.4949596195337 611.154417643339  10.0
212.2996807844959 336.1991920985133  10.0
586.4985212671194 705.9878584683773  10.0
834.7326210387562 524.8872253582609  10.0
708.1701553812296 424.8995491831542  10.0
402.6955649940186 252.1056102480751  10.0
326.18071369954527 975.4090899269434  10.0
642.5538798671789 354.4962056818646  10.0
468.26117037944925 328.56835746105975  10.0
772.1965691243128 741.3090105545716  10.0
684.2313715254065 78.25000043004793  10.0
691.710395987025 228.36884288683723  10.0
754.9203951172234 401.1672749876872  10.0
624.4333067397007 633.067647104539  10.0
33.85442556225604 342.75430486597594  10.0
174.97052171361094 74.7484409657616  10.0
158.3152011736505 475.3234822593725  10.0
506.1080999486115 136.76187168716746  10.0
117.34820620272468 827.4562566917549  10.0
353.1603208438031 789.6396832376047  10.0
696.5266099636831 867.373170388147  10.0
892.138639087597 749.2437261634594  10.0
132.75340139704372 238.06694715138954  10.0
57.23222638061043 249.41343950763496  10.0
407.11066025814256 888.2725420428726  10.0
763.4404880192213 45.54830102752627  10.0
979.7417738143932 220.88658599589485  10.0
631.8007854324916 833.7263055416666  10.0
927.9785329025505 889.2377288150604  10.0
237.5051239877961 169.37319939236596  10.0
387.40191355115184 911.6487574167996  10.0
605.301951125995 400.16153632458776  10.0
915.2518823288457 846.0200601679414  10.0
661.9297725685452 89.7324195554361  10.0
896.5780382585034 868.703259577686  10.0
621.9323105898325 901.9972932403549  10.0
395.74936624334964 735.7229291375542  10.0
831.0548251339223 940.1905557921098  10.0
919.4184076301166 769.443320289759  10.0
420.5241649566225 90.5086058730914  10.0
401.76089014027474 210.06607154622824  10.0
235.8657624743361 7.0841297212265175  10.0
348.78943117758064 498.8838791724012  10.0
895.5129920014336 993.2093634472443  10.0
485.7656250793631 319.00431601051514  10.0
507.3152751394573 183.13563151586266  10.0
440.21177546399036 509.2969747138648  10.0
525.1534681336857 109.44034172566374  10.0
962.7502781240488 288.6061521173643  10.0
463.2221092565948 952.8673142715302  10.0
938.974631679752 579.810397581833  10.0
702.1401556784459 514.7098411538819  10.0
977.7834280095702 607.0991367976955  10.0
418.9028275812112 226.22008983692953  10.0
675.0843975769376 354.8761030844202  10.0
751.7893823409642 315.1928154095854  10.0
746.5027705158734 922.9877768438099  10.0
671.6927090622625 586.7845917712096  10.0
98.70437423051604 290.51447707611896  10.0
672.9383070317774 143.79517790426567  10.0
566.1709445537061 509.15070643411144  10.0
319.51208843614063 771.0501337124688  10.0
478.7409791341466 887.2405980319726  10.0
886.7174977805495 639.1891430443009  10.0
444.9566865811908 296.8228050621623  10.0
823.6343367801619 445.07799552209883  10.0
737.2336795958914 338.57910367454247  10.0
528.3533362909435 99.22599922581054  10.0
447.0971259203099 733.3691417887724  10.0
975.811702582994 595.0053987890591  10.0
142.20393187469782 974.0735441066327  10.0
67.15661211759483 750.1326546582746  10.0
101.59784193072264 967.7563390600791  10.0
179.91546013212258 97.7860899686197  10.0
331.6202331654564 125.69655416285241  10.0
289.85297281697086 322.8980922209369  10.0
472.12665207253633 117.6282494608989  10.0
208.2463240054314 288.5742429169482  10.0
391.1348773472922 296.5673006276891  10.0
932.4124498699545 878.2560222929212  10.0
735.7576102544228 621.8916951085008  10.0
842.6715243129322 591.1573681280829  10.0
958.2490522163156 760.8822762628512  10.0
495.53339145180854 71.66989211282304  10.0
368.22120685044257 932.7187532741476  10.0
60.74489635648839 527.845141600341  10.0
575.5624279110357 973.9656504223917  10.0
28.937463053815836 299.72681628018404  10.0
283.3173019360328 50.87179242297468  10.0
676.966073879766 675.2197586823181  10.0
765.7633601616039 421.34552386985615  10.0
919.6322316745661 419.3461324691984  10.0
524.1468650829089 658.2576305008414  10.0
599.3351321256756 382.1544352528864  10.0
551.016238050696 785.7623646311903  10.0
969.296839745191 981.2093928362173  10.0
353.8187328883682 851.6166545802753  10.0
111.35867301598856 316.50644389630855  10.0
389.40180934456157 561.0157713319753  10.0
295.9477985965815 168.81768145591536  10.0
843.2878822618405 731.2538622900124  10.0
839.6642574639392 156.8902568950099  10.0
751.067273852369 491.5558781056274  10.0
845.0407727113353 884.5826733869139  10.0
303.9810953680479 348.71720965483763  10.0
317.37854383514275 995.9380256167362  10.0
806.7418214101799 466.7256592798409  10.0
545.1644383447366 674.3576758790124  10.0
162.86664090948744 767.3303226277741  10.0
303.42608972170694 271.45272224947746  10.0
951.2743527936202 748.5602914657183  10.0
393.4831892777653 431.8146426397288  10.0
127.62401901095421 239.48530711861636  10.0
267.9048093442167 291.8607934812749  10.0
134.84930602473932 662.0500473237026  10.0
6.084288998698284 74.07400516933016  10.0
739.5698951999166 754.601992094537  10.0
703.6942018308615 672.370389685772  10.0
224.53694639751654 126.77261786043582  10.0
418.3864134396579 629.9927532885079  10.0
661.9969338471354 461.6601079665621  10.0
174.45287167961087 248.24131140546902  10.0
868.834497172919 658.8014790916894  10.0
170.76514631176232 432.5178845393607  10.0
301.5811871747629 720.2103101545539  10.0
259.1614193997993 281.57307196966843  10.0
587.8541339918457 721.7962669807164  10.0
964.5522743076887 356.5106769355829  10.0
610.5147278445675 783.7705574950735  10.0
803.3669777698705 28.017255291974408  10.0
61.81421250628261 556.1816647284634  10.0
423.5647049856225 293.44873337916675  10.0
167.01960591661714 369.5139118469558  10.0
137.2856579721561 979.8205751349143  10.0
840.4899981461598 865.3207737755689  10.0
746.3194597226341 304.41140868170856  10.0
881.8994531126182 618.1541717014227  10.0
170.91917359085718 351.6044796104176  10.0
946.2801259612067 987.5894651420098  10.0
284.09101903687116 142.75538124311294  10.0
928.7847779213374 197.935503009114  10.0
526.3418545800403 625.2881020844939  10.0
93.5450520047153 433.25780912418986  10.0
329.9670777858359 87.88640500887901  10.0
745.7285650529498 556.6321894582173  10.0
117.31434153955811 220.56036500193875  10.0
496.8735975386364 915.0849086119803  10.0
654.0591440023297 281.53338536057225  10.0
205.80802161406154 575.4650751980107  10.0
836.380224559771 607.3076578198031  10.0
490.9341380995625 251.5333458042136  10.0
570.0243443491387 7.931254144922906  10.0
304.389135664317 128.8407104832907  10.0
259.6016860049798 426.4034096555137  10.0
434.5664120451542 771.5095750357214  10.0
568.0541174454002 609.3187502432497  10.0
960.7098969769181 303.8193336497431  10.0
529.0908063772192 435.26565746341237  10.0
621.7703441583676 99.53627032874279  10.0
799.4868509497204 978.1573499186536  10.0
781.4386295971277 283.21839279972517  10.0
823.4922573541946 344.5889974008328  10.0
172.24804519355595 450.26328075675826  10.0
948.2000765977612 817.4777588164814  10.0
883.863859715793 146.25731592542212  10.0
76.5741529017201 862.6569978457358  10.0
124.155330787741 811.2229861667395  10.0
273.9387202858157 110.75990438170302  10.0
126.37152025144638 90.65021049710708  10.0
854.0828943131506 513.6415734857318  10.0
201.7190025775112 642.7368032054161  10.0
862.7357590055722 492.75313114134445  10.0
343.8662658353101 830.0524024091397  10.0
549.0184149977159 46.295227577160205  10.0
980.3759443721993 973.8784926345196  10.0
369.58123782920495 462.64226194413527  10.0
435.79260273521203 170.7674133550483  10.0
305.4862941696006 499.44286295972705  10.0
422.09058169760203 23.401129639315954  10.0
788.4962148168254 630.966428771194  10.0
404.41261486332024 21.62035357955716  10.0
331.28249705916477 240.67897206782507  10.0
3.506824616119397 724.5335445775755  10.0
35.167669001820116 441.69637346280876  10.0
690.9961617670601 340.9039789016133  10.0
509.3674864696335 544.6766159513942  10.0
909.5906472568038 782.5527158936856  10.0
377.30070835811034 60.87672709436654  10.0
407.5799497685069 774.3039179474979  10.0
468.38564956516313 527.5146656491178  10.0
15.41965492919639 144.03822811885647  10.0
997.8442991693746 373.23958674467906  10.0
311.9517023289076 987.7090279154335  10.0
522.3863600305192 503.4291869355937  10.0
628.7759040131482 6.715164923416506  10.0
226.24686115485025 278.19541410201833  10.0
623.5156594402731 948.8133326567087  10.0
139.90310377601222 80.3954790381749  10.0
216.19822864095795 748.7916320985383  10.0
222.89774860607847 726.6076864098183  10.0
27.695728978238243 661.4156727580831  10.0
852.5465636448331 560.9468793131191  10.0
585.1501978029902 406.69706436654695  10.0
151.91117795604546 189.75745085722806  10.0
466.53237825710283 106.32335004714233  10.0
763.268232857465 464.6366135087443  10.0
244.960158058783 580.127831272124  10.0
127.4085549798607 501.9041011577626  10.0
563.1298047880875 392.7660973710422  10.0
64.45069851947316 238.54909417787007  10.0
919.1892992202955 893.3060501843966  10.0
468.4556949931991 267.84865408110625  10.0
777.6092584148788 374.22641020114963  10.0
225.98071044193335 472.2666264922799  10.0
432.08451856426666 391.3581738162888  10.0
47.811001006354715 276.9054945040277  10.0
642.2250314757581 232.59281678318288  10.0
763.461586382733 183.69800597786778  10.0
441.7717005653725 500.71929754402845  10.0
769.6409367379438 614.6893957366839  10.0
673.299413849481 784.5419818243238  10.0
746.7209273969748 992.1752132923642  10.0
742.8460312449605 432.46973158144397  10.0
461.3591053152618 414.1234633153067  10.0
807.6324962348506 514.0562129863256  10.0
458.76999323904033 245.22435528818121  10.0
111.01580604265526 157.50995465529982  10.0
714.745039597335 437.07456314838777  10.0
461.0436326112144 584.982332231316  10.0
865.3709722748642 415.41716924097574  10.0
912.4552252679431 332.48005465204733  10.0
461.4990223982518 928.0225900125141  10.0
556.7001993606679 337.53839933292915  10.0
805.3684585940741 333.70950025679514  10.0
950.5233885476722 805.3301826641748  10.0
318.3893033171342 431.169518886781  10.0
120.89039494396725 22.674406061660378  10.0
61.94137823112666 75.67255464834321  10.0
272.5049599748317 579.4481035547907  10.0
987.1476057692417 512.3947068806409  10.0
293.8960975905478 778.1931973890797  10.0
724.9314313159354 567.0238235809662  10.0
909.0291863833265 365.25010869830265  10.0
244.26977521230776 577.4626639155991  10.0
853.6220406069093 100.53799899011828  10.0
504.4045826357655 224.8631743050966  10.0
768.8233439511374 98.14154537918085  10.0
305.8771268864707 227.889439540649  10.0
599.6375537317643 316.1524721119352  10.0
905.6016450771465 201.02123424374895  10.0
161.45687087348946 51.75331046305332  10.0
602.7952770066775 845.8740154052111  10.0
195.28728660440407 806.3201593763206  10.0
425.4342872639041 43.92528958032671  10.0
670.7326263868702 425.36025734831975  10.0
251.0064404090153 349.70091782469393  10.0
315.526827498549 989.3886986917572  10.0
180.68272592689917 845.3900396821701  10.0
351.38112410358326 534.3883481002682  10.0
752.6315241044315 311.02011958747477  10.0
198.13987925730004 314.28594451357685  10.0
628.0512927605432 188.73851096148996  10.0
471.7145450161323 982.9159856858203  10.0
712.5982605116191 875.4108254180309  10.0
945.9929130320374 769.2336642009818  10.0
286.23814375225885 464.6600468260246  10.0
274.8961322619596 447.076663684695  10.0
606.151598063819 177.63511338746864  10.0
177.98364138591904 659.5652409042063  10.0
620.1754572021486 371.21114670764143  10.0
481.481854964219 948.2684056480181  10.0
882.3627047200267 192.9877063112171  10.0
876.3397156525602 658.5536840299402  10.0
497.59623195684475 664.365839853224  10.0
505.89015930594803 745.0767216982349  10.0
938.7926307119965 216.14825520706736  10.0
527.9236389332629 385.1560434421656  10.0
878.083979920744 475.521448822449  10.0
609.4561204586113 222.81729214883438  10.0
752.4671276185674 408.94237160041814  10.0
907.2003666786006 12.580729612200026  10.0
644.7616404354333 762.3663464204105  10.0
462.7265213275361 409.6042936244538  10.0
202.318737153927 108.41744057262292  10.0
98.52369799643357 661.5837390175541  10.0
738.7758690294793 709.515553559115  10.0
839.6517023486365 997.8510468464519  10.0
368.25225188056476 836.6397866154275  10.0
605.397802972293 582.4001007388787  10.0
6.7329461730045725 145.32078922638226  10.0
416.330745551848 0.10907292787420975  10.0
341.99022002707756 203.6191720333257  10.0
644.370086001755 379.2169533365434  10.0
421.2427193095407 291.26120003579047  10.0
896.9660978959903 418.15146993309327  10.0
334.85432095009514 144.76704349463054  10.0
971.2116037608756 781.094173075351  10.0
584.7265332269392 410.3206280275575  10.0
939.6839214190001 554.2076427697881  10.0
117.6390226501699 184.29467783644515  10.0
837.0414687823022 713.2392978550555  10.0
676.6457185020217 170.75814338289598  10.0
604.8764316704409 843.254679770353  10.0
77.73384706979591 665.9575905702627  10.0
922.0511368881687 672.5424220460276  10.0
254.30666013597968 791.6779316897356  10.0
298.72244491500953 335.2724760856256  10.0
428.6503789119215 142.55230603931756  10.0
344.4852106130669 661.2777097301889  10.0
567.3988596530077 286.80450991370776  10.0
434.54229871639546 206.36833683227997  10.0
357.11029155305454 365.57181542151363  10.0
92.53482823155557 182.87776034010562  10.0
296.42194572395607 372.8700089127983  10.0
284.6437910733084 927.6773629046517  10.0
142.85071205384125 566.4261419040175  10.0
476.7997713345961 53.68675149003843  10.0
875.1584712705861 859.0194295943381  10.0
745.314714121165 970.9452092091079  10.0
536.3031615883144 970.6337804297981  10.0
450.97582995595656 34.59909218074664  10.0
807.3479380221453 583.640170968483  10.0
987.6188436380827 179.69895943818491  10.0
929.3020133150787 736.3909454322607  10.0
898.4234315331049 536.4893249073257  10.0
637.7190131397191 215.02216187994517  10.0
216.65141485409157 184.9128487036391  10.0
103.97938201446821 758.924207693743  10.0
232.27384173562947 903.3400769070983  10.0
487.5359078713009 482.2548574192256  10.0
11.910163491249627 494.0747197066615  10.0
595.0020224364905 32.03325257834522  10.0
906.7292936229992 26.973657515812157  10.0
314.81498133278143 652.7671710247893  10.0
971.4384915247922 132.5596382906017  10.0
950.3068303086278 508.2297952602768  10.0
687.2131669001867 297.29422852903156  10.0
309.368172677152 322.91693855355817  10.0
632.3967397354556 966.2169638363819  10.0
425.4911115441785 648.8788413058091  10.0
777.0264917765795 141.94633080149111  10.0
82.82924279073478 838.035635153876  10.0
890.7180147843956 84.0769352674966  10.0
897.0140571380143 105.74875291311226  10.0
148.16713016469907 659.296164990078  10.0
563.8192723165425 908.3352913956095  10.0
392.5047838488391 870.0832245869742  10.0
29.365164607343065 225.37624211283602  10.0
673.9676628549962 98.64186415862441  10.0
758.4074790999691 237.0831283258621  10.0
619.8222449656363 642.7576006695795  10.0
981.3565277520939 317.6524904633968  10.0
911.2085961735633 191.55914869959943  10.0
786.0237497028462 227.45070144277236  10.0
643.5450810016204 991.7029093624756  10.0
186.69471324076915 880.0367475118263  10.0
629.3626708898688 588.2882809159146  10.0
850.9790151362947 84.44358734593615  10.0
765.9137171566526 189.85078828910628  10.0
993.988780717932 218.8036746093689  10.0
434.6268943319399 903.0689704882523  10.0
59.74988781014845 878.3178293612166  10.0
525.4561609270389 310.3601361450009  10.0
201.35047041298037 158.730525582364  10.0
86.39851806034949 122.32909601706987  10.0
244.1836972999576 385.8895111746089  10.0
786.931924414803 927.0728666389734  10.0
770.7430776934704 782.6305873097932  10.0
353.850859352118 379.6338864141051  10.0
200.7799917520623 776.1436077176982  10.0
888.9541451634072 527.4328402085466  10.0
257.23495658625495 392.1390089609296  10.0
510.2657178371094 351.30141988195686  10.0
6.205290728256374 456.54843018531443  10.0
71.9460850304412 16.77464522410488  10.0
738.3141791602804 131.15743549388904  10.0
812.7782035816421 776.5910172013412  10.0
319.19664222046976 646.4818367796635  10.0
659.0885479609617 942.888114360026  10.0
278.42043435534003 963.3634773109752  10.0
565.1905714997049 856.370469020983  10.0
829.0108813956982 494.1755931167616  10.0
712.9140906981993 319.76494237349004  10.0
213.8504472814652 945.1913497152283  10.0
611.5110646510112 534.1687856284525  10.0
260.57534496728573 803.5839570319099  10.0
140.20451514125276 179.4338795650844  10.0
793.1931590354466 985.6900642413596  10.0
357.8740409313181 913.5201630277459  10.0
596.4966481801446 687.5829238740957  10.0
467.84786656377406 230.79024876371255  10.0
958.4510896201987 534.6652298339982  10.0
670.4978998043023 315.5058761536638  10.0
426.0834645705336 713.9061697731548  10.0
762.3111209294594 254.32668479301879  10.0
302.00374403384745 890.5108086935314  10.0
247.33662909500543 730.4001134237502  10.0
581.5398931362372 360.22424072829364  10.0
415.38486747473735 111.6706877996465  10.0
484.5698044892215 69.13710082929947  10.0
311.08161515400946 667.326098379397  10.0
471.4853009237023 844.7727940338034  10.0
768.8561772450485 498.8358521476369  10.0
649.3239166765619 425.4010860735902  10.0
721.169677973386 655.8287137825528  10.0
771.9572629208785 648.936700660887  10.0
800.7659265022061 822.0923846110283  10.0
617.324582062133 468.4455987618715  10.0
852.4538032002287 903.2698025562883  10.0
385.05346491057634 298.1957629573689  10.0
345.9069817560696 825.3638555253494  10.0
899.409403719804 562.3532477658681  10.0
838.1927188933225 861.9526515082989  10.0
825.3692433271536 217.83850610691724  10.0
573.2191651607299 848.0558040806486  10.0
809.7136984993838 453.5217433494362  10.0
25.01546859379966 709.8814522459866  10.0
444.3865458149586 729.8504906135445  10.0
692.737593292956 842.2228657452682  10.0
215.96911790955065 816.1664764786165  10.0
737.5173744244915 999.0625506960073  10.0
152.97097908075796 507.38286664554136  10.0
114.7503751083273 527.9805421919059  10.0
711.7381042546443 257.3569748029182  10.0
700.1437280533412 975.2532721863445  10.0
552.1329438054165 53.208027286536286  10.0
533.8221801364116 316.0676931193096  10.0
245.7406977432919 472.9930436863088  10.0
714.0171338490118 323.06485783231295  10.0
632.2091879309314 18.568178385387046  10.0
660.3395658528688 876.4663546288798  10.0
493.42996069238995 496.1273878683172  10.0
436.3650432297269 340.3255003502287  10.0
450.62100905608196 428.8232871718256  10.0
572.2347317520305 481.9848219884991  10.0
505.97205025667614 229.0404997819846  10.0
360.20369510612494 795.6100820953769  10.0
448.36545960854403 132.30453280336408  10.0
909.5436412119009 505.71035557370294  10.0
421.78745167657195 700.4742748329405  10.0
341.93448732910105 972.842506590465  10.0
315.3954651517629 38.77966885632211  10.0
384.4549030036476 701.2378277981188  10.0
275.8093811227884 739.4305345471134  10.0
274.50940382535083 656.877159285964  10.0
565.0457384856544 963.9363538712564  10.0
329.5055398020401 144.58046865761565  10.0
191.61586267979513 6.940880638448554  10.0
753.8213658693988 63.96547077491821  10.0
227.65996031517577 146.28986741623316  10.0
256.58017710993886 966.6689904471846  10.0
491.5913916890976 577.2137405291761  10.0
835.9759906137931 971.0141703576863  10.0
323.57613149757503 752.9213795369338  10.0
649.3694744794867 255.34525672557484  10.0
510.27486035777616 509.56540735361546  10.0
233.101050009342 547.5410914204832  10.0
25.62597742429551 940.453019693681  10.0
461.9443845971699 755.7570815605103  10.0
146.0496355014901 102.54076361470221  10.0
545.3495246412102 644.2352133807394  10.0
671.3047954582821 287.6659354061165  10.0
46.102427193850495 248.05981003944956  10.0
436.33214395243493 771.6303499631931  10.0
376.753089505132 542.0266899044336  10.0
34.76797615995375 666.1679070805847  10.0
480.14216846616387 731.331601354841  10.0
691.4153248880336 741.9897737425408  10.0
432.58160587459184 415.57364500596407  10.0
518.8103433534283 865.516254755535  10.0
521.7220259151601 792.6080430970942  10.0
972.123133247495 997.5679176037169  10.0
945.8655382396192 15.071509087456691  10.0
176.98475983310436 539.2027000975468  10.0
657.4600735763203 789.9429808113173  10.0
946.4321927217013 178.04999498703967  10.0
30.73690772095039 320.29146046123867  10.0
726.0161512127645 287.9063142640612  10.0
971.9304981602494 728.4011541981366  10.0
410.2171475620067 365.0218457200586  10.0
810.2455742803317 170.754183996629  10.0
958.6670892434989 946.4206561718769  10.0
808.7135971450135 957.8893675524586  10.0
7.275670132374734 948.7616749907464  10.0
416.30679440684605 125.94496854239334  10.0
217.2113478729385 390.6616862729131  10.0
446.1549767900048 71.7323595151923  10.0
933.7896212963778 17.065442680534115  10.0
209.43631760881587 59.47667514097799  10.0
837.6715957238349 431.16224000132974  10.0
260.4906548477861 634.899362124317  10.0
662.3783578163847 957.5122180751489  10.0
815.9294228765766 241.10670944458136  10.0
724.9775712092525 609.4598173568623  10.0
98.99404631876408 620.7879091210838  10.0
970.9007360105235 214.57578889417894  10.0
830.1399572800016 910.5142099742116  10.0
469.20083690718496 963.7834802390423  10.0
835.8011868478558 685.4711293668934  10.0
811.1617536906874 392.9885788870012  10.0
279.51585982245706 596.7436973904954  10.0
663.022437060118 80.4464575349666  10.0
333.07049248296227 658.3143179168411  10.0
802.6802827696165 148.76434920051284  10.0
200.04706135171602 687.221597583067  10.0
330.5897708891897 997.3505103456084  10.0
280.1331347229331 877.8678476199143  10.0
386.67409533064523 559.2858495250117  10.0
919.7825640244737 0.2516974827841967  10.0
627.9188640274386 776.0083518795318  10.0
633.2904115312198 251.94178910874098  10.0
925.4185386906055 913.8636334533437  10.0
898.0722111453827 364.8958495460524  10.0
224.99828370656417 808.490420268156  10.0
628.9144987167092 170.7692498948097  10.0
282.1346673686974 116.17225621372928  10.0
218.19016694409032 462.1460955742155  10.0
29.750947056916498 175.70220197388852  10.0
592.5084035643885 652.1640612023821  10.0
666.5638058900101 139.97031508054414  10.0
80.99578847454791 431.29483129109724  10.0
164.01015011152742 623.3983518912077  10.0
16.381870195782188 347.57953268437234  10.0
781.3841193685075 229.5102153473404  10.0
897.2884100111739 995.4086384492665  10.0
351.6659253128652 972.3399195707216  10.0
628.5991255970387 287.9742687318662  10.0
554.6258305220304 786.0443829367059  10.0
826.5121617103982 109.81250274566112  10.0
129.13812216835353 29.000815907577415  10.0
425.8549699254466 498.39140144210313  10.0
993.2412486600018 131.8337096736969  10.0
859.467320560426 387.4906925176542  10.0
538.3323859085615 313.2299712852773  10.0
892.9351521863229 860.1573159129827  10.0
942.9856756016776 593.0647809340904  10.0
792.683950309299 805.3101000787836  10.0
212.2352723319114 169.275207757566  10.0
881.4176615509228 849.6064836992374  10.0
789.7658532545291 593.0820516738015  10.0
692.1147530771897 444.97273044716246  10.0
13.304815250844593 76.5751794018995  10.0
870.2708679567339 32.23820442685277  10.0
387.6117421391213 697.34112566994  10.0
693.8026583750018 272.6036236135286  10.0
634.8127027669038 226.72575360444935  10.0
581.0050006997715 441.2119235549402  10.0
748.4280795232323 801.4896243548168  10.0
239.18006478463693 210.8798743724115  10.0
825.2943862402534 683.0266882212478  10.0
170.03292101198053 219.08693373222332  10.0
278.68215465209033 903.9816585123441  10.0
92.65549099100056 7.607788372012481  10.0
146.26336013748374 689.0155212678153  10.0
470.8967890920703 151.71325439721628  10.0
598.1836611416085 154.63218805246447  10.0
739.1441267380063 654.6538905603419  10.0
423.34585466683217 942.3940884976204  10.0
9.016589033467248 973.1793555082195  10.0
226.1132204836841 120.51764821149801  10.0
9.198494884074204 361.13602747108587  10.0
300.99217193408754 900.754741983904  10.0
761.6170450624861 570.7235126016335  10.0
669.4556975007649 460.62909014114473  10.0
29.395484161382267 334.7813449597702  10.0
560.9209000777312 435.5118862308951  10.0
885.4887062658916 468.51451121877983  10.0
698.9943876086878 450.68378955093544  10.0
845.6358818579781 875.356660127377  10.0
114.45240747993346 400.4454355423741  10.0
885.2400982993986 219.20854005379366  10.0
848.0226959138911 49.5020556546053  10.0
317.01288209384984 534.0780909983687  10.0
828.8876056427986 931.2622934613466  10.0
944.6965925964134 582.1879983133571  10.0
418.9291868383316 448.3550078206712  10.0
127.90560205251367 342.90566385595014  10.0
598.0883902770597 542.582212139625  10.0
394.1026307982429 617.3887213647124  10.0
532.8125423418198 294.6900000236203  10.0
15.953970080510027 367.62979905442694  10.0
317.41617387570966 338.75411009934186  10.0
535.7833647070072 73.62186425278416  10.0
7.282553304264416 31.639542452380653  10.0
563.5712191820394 88.655253650459  10.0
673.1842711192561 904.9093329050581  10.0
300.9220887121622 700.2966863925287  10.0
97.60316804747848 44.7202439102854  10.0
150.65023806242252 363.38910129810176  10.0
906.7809899693443 694.6578979555899  10.0
460.1095026401255 361.4504397644383  10.0
386.3344601665174 557.1280490462972  10.0
916.120020698197 974.1390802580761  10.0
963.6191972480161 980.8340961555072  10.0
360.32141294590934 80.9915666664125  10.0
356.62905536246194 465.0357799616437  10.0
826.0083250265027 15.428480184223382  10.0
687.0688315797356 685.6975587306542  10.0
410.98061962361277 398.06268502141006  10.0
434.3397080832637 554.2993381880158  10.0
195.66729582162856 624.6335036568175  10.0
967.5286614846751 656.9963482121584  10.0
791.7598724261579 661.4292618202862  10.0
534.094275469722 789.9790459680581  10.0
263.8173949415735 809.8499511285246  10.0
6.793366619620378 206.29789128063513  10.0
104.78145750660728 141.8006091614218  10.0
394.4939822010853 620.0819538430806  10.0
666.0669975095213 378.8950534939709  10.0
107.872247405567 975.9943795502819  10.0
943.8702906208671 90.98908111480964  10.0
237.5917080250869 484.93176484207436  10.0
905.5628705532116 223.35062294587826  10.0
650.4159316110123 451.3886571502426  10.0
603.5162195651435 126.81402391581476  10.0
537.8061245116807 973.5722991345099  10.0
168.4285722921427 461.554322354785  10.0
161.90728627246565 684.2669604126163  10.0
400.2023598338952 572.6565886842745  10.0
935.4283457600615 318.61108238577316  10.0
81.64648778448647 194.4445905359591  10.0
644.7725384427331 44.364744591328446  10.0
328.7550693140986 630.5715940957047  10.0
579.8767780372068 170.90886991900888  10.0
261.04006973707504 878.1660161899424  10.0
569.5692378315925 65.13170215091834  10.0
26.372408353312228 516.8628089706006  10.0
437.85712365016406 845.5219506925497  10.0
747.0124099722714 567.3411672669114  10.0
194.40708718115852 700.2025875290693  10.0
266.98692198535554 939.0279390661437  10.0
351.5831271727744 480.30275262405576  10.0
675.6974048812792 532.9151693523912  10.0
120.75786365861751 556.9795878334886  10.0
458.61924047379955 542.9794123648244  10.0
882.2147883610606 798.5657944362189  10.0
783.1797670175754 8.479300594830042  10.0
245.8108668905683 923.7329661356712  10.0
866.3785212216002 209.44725459486847  10.0
223.67002475873733 417.2244235987702  10.0
590.4400940059538 68.9797850138616  10.0
521.529945558293 656.6258583831853  10.0
533.7663101634585 328.47046965194613  10.0
721.9661283474636 891.8054078933873  10.0
366.68135867957574 895.7182230731175  10.0
180.56841151832336 243.0698388343069  10.0
124.9396445235611 430.8829558867309  10.0
785.2472749147793 939.7467680221745  10.0
218.6929496641272 931.549580586096  10.0
339.1981839402719 607.8170828825741  10.0
160.59010171515752 805.7002909713964  10.0
219.65433363679398 533.3860454461844  10.0
903.9086039697365 680.1843909057835  10.0
137.40931596409922 478.19567511986537  10.0
370.09466841869 982.3137217834274  10.0
276.19316849334643 804.0443109182664  10.0
214.81430865568984 153.50103931247537  10.0
826.3362240170453 374.8944204967941  10.0
132.59485894345002 206.39747595299374  10.0
943.7577609690914 948.6129216321941  10.0
32.362788800078256 220.77465789062035  10.0
463.16669033601033 544.7028198099326  10.0
229.66038159257417 288.4357091605223  10.0
273.46435310880923 580.0487720366158  10.0
396.0502937609663 363.7287307771325  10.0
123.69017490244916 401.61331988329874  10.0
382.1934170579009 453.77531658942337  10.0
769.4528733251723 213.18469605848932  10.0
188.31252992921276 591.3156922028375  10.0
792.6414998849847 292.69122400213433  10.0
294.23000873017793 73.11100457699504  10.0
131.31189618132643 827.2608179386107  10.0
280.8954296077928 518.1328481774929  10.0
341.99612242183986 655.1192314053799  10.0
176.29444268662897 402.3084559876893  10.0
883.2834059971018 696.5835317756389  10.0
240.85749245904364 860.379673272055  10.0
257.3734090155785 880.822386275645  10.0
970.9634227151707 710.4724547383405  10.0
675.4035484459879 930.7180932457426  10.0
943.8595158145514 853.2630145143038  10.0
22.704030514710706 455.0798015360503  10.0
753.2957318727762 425.16564653734866  10.0
291.7357666515562 415.62112361465853  10.0
692.3983534315549 343.7561718951124  10.0
323.31774939361947 185.5296009944136  10.0
28.783820858825138 173.68454049709615  10.0
650.8523196859481 97.11943419238267  10.0
686.6406754527766 562.6183204462516  10.0
477.60790456987877 587.9730651645469  10.0
901.4839460235128 849.2989129693304  10.0
333.7207811447911 798.1411360711588  10.0
945.5130487785893 829.5803700468804  10.0
757.4287686128735 745.3843721510717  10.0
334.9803510684217 81.36070417272856  10.0
424.15135923896753 11.105480549883918  10.0
25.704735291524727 695.6036310620681  10.0
507.38214963801653 206.53217969783867  10.0
978.840539942421 738.1889489419874  10.0
696.9616435281775 356.8777899663719  10.0
136.2392067670668 276.11744902572553  10.0
223.14918177247378 740.6191641148805  10.0
283.21724674870796 341.6367502112694  10.0
439.014925210527 651.6953804482077  10.0
496.2708260647977 779.1421243172235  10.0
999.0241607744324 14.346097460108954  10.0
874.2538446923522 522.2466651979925  10.0
438.2880776948914 773.470933161183  10.0
33.762894599517864 482.2032874946587  10.0
4.805854601760862 507.80625831571723  10.0
412.94906065447634 893.9006842631494  10.0
926.1257627684778 768.8797743595891  10.0
772.703210212603 661.9440983881098  10.0
902.2032870731293 235.61679478840546  10.0
410.1375362567583 976.8711053589183  10.0
507.836718118334 892.6368875180088  10.0
506.5135664112176 230.34137256061726  10.0
360.911804397047 89.69309584370988  10.0
720.2422584645832 48.17859579845951  10.0
366.7886605512317 520.3701849041081  10.0
605.3093445462284 81.43202559197182  10.0
84.51584901717912 870.0724990309086  10.0
686.4552739326571 48.16351329066204  10.0
277.15794065028285 126.49613754354961  10.0
54.665354224955664 402.4559611447871  10.0
6.374556023208799 320.1936067756234  10.0
160.0028964059268 922.17697914041  10.0
210.49026714587583 768.5043579917558  10.0
73.54433429992602 453.3218156196833  10.0
565.6466040261804 733.0373232297542  10.0
866.1515904116206 26.297723403069572  10.0
571.2286739921972 769.0567803782279  10.0
909.0443963896356 568.3015586991871  10.0
223.61050280282012 944.536025416894  10.0
839.6107927093163 475.981172542023  10.0
346.3651005809876 537.3082184026624  10.0
655.621383688232 383.8604594447218  10.0
630.436354726998 780.6570477180888  10.0
901.9890857028505 566.5467621250496  10.0
704.3716314239291 720.8544598386317  10.0
196.44271759276566 546.5285290050031  10.0
102.56575658056299 274.56673697389766  10.0
403.95966390601114 644.4100866694099  10.0
828.5679370986645 129.7137618026588  10.0
614.5287719601465 404.71968882989273  10.0
320.85573720068726 220.2812348958728  10.0
704.7917833373072 57.965697808080364  10.0
20.080791426491885 123.74859824844742  10.0
671.3381016532958 438.4050362183465  10.0
409.64312188446814 879.2105356360624  10.0
111.90381456079467 67.02722994221799  10.0
355.55234823777005 404.93335258074404  10.0
200.4528557612719 430.5461506207039  10.0
806.8855244817277 906.001595228043  10.0
253.09487982089274 839.7307614098528  10.0
434.7530154401709 405.87466528756124  10.0
514.0203519755728 634.1952372070512  10.0
585.5353357450167 810.0871525067924  10.0
104.11074714223567 915.8079189725331  10.0
3.255497987105893 715.990256145109  10.0
169.6074628823595 439.1676413399717  10.0
136.30282691137842 519.346433101684  10.0
144.20052225823898 765.1347454086279  10.0
485.32603372598106 236.75289364126206  10.0
695.1237086964153 292.1936869256059  10.0
371.9645806226829 862.2838075140447  10.0
362.3203253294851 320.4627709597897  10.0
712.1892074590887 7.405398227132931  10.0
119.46949112975014 874.4556181504988  10.0
863.3737928421839 35.13168663226662  10.0
86.64011333599875 613.2385244861172  10.0
380.8226130659521 892.5531359757423  10.0
406.5656534933064 790.4160536857694  10.0
567.3282331910151 370.2842695882982  10.0
860.0100511713532 891.4174556899438  10.0
28.43733923799818 573.0403437427739  10.0
140.4207346694498 271.8441575491758  10.0
56.4525489233072 972.4677940091543  10.0
834.0425848720971 848.1789885515306  10.0
557.8010180609517 531.5160793067314  10.0
58.89184128338343 650.9459431571927  10.0
411.2508862281589 39.05406002946399  10.0
404.466508251734 840.4486102813635  10.0
598.5592257313122 974.0966963770286  10.0
283.7959601965817 606.5047582954783  10.0
184.48620860333898 930.9231537901769  10.0
60.40915402100355 226.13318694111263  10.0
239.7117138719833 879.5305112874612  10.0
345.0272556707734 436.9382110776588  10.0
98.04254675927282 310.281851216803  10.0
670.2632167305326 198.97619234891562  10.0
918.3996407130309 617.2714197025613  10.0
346.3372999854415 864.1778900946115  10.0
382.42631392903047 911.8436799563732  10.0
676.7941821554133 749.9385869356234  10.0
500.1602284485704 825.8670929013763  10.0
870.4338191102706 122.27822078055684  10.0
919.0631818131922 763.7772320252025  10.0
924.1446990944225 634.0118916066438  10.0
835.8047403642819 493.06874293417604  10.0
471.0548351602846 334.6603716138913  10.0
595.5464796719522 924.828623090256  10.0
89.39232268885556 471.3697371684028  10.0
330.0764201133881 429.06812346953006  10.0
849.6739585984592 433.8977235424224  10.0
533.9935000346309 54.02462388097673  10.0
941.3166299575621 361.76386067935164  10.0
307.24441339546405 574.2681968337145  10.0
64.49339153858702 127.9492260328694  10.0
102.66618762901413 379.3626204246949  10.0
899.032009993289 641.0711496595071  10.0
208.7899046339825 832.9938418650489  10.0
369.3807005869835 666.7465794395863  10.0
871.0118871955353 881.8935039193825  10.0
613.1425094965239 658.897712969033  10.0
908.3409135900564 374.54874251247685  10.0
530.4057194101347 413.04176825804717  10.0
918.281036570652 761.6040716199681  10.0
542.0749690367227 706.1463930253353  10.0
679.0117237379626 593.0246604376379  10.0
717.6338406325528 471.42107122256596  10.0
155.8776669689441 501.5048532874624  10.0
746.2464060340216 471.4538099278881  10.0
598.3035438020981 167.26943271542183  10.0
319.83178158045797 879.3918269446275  10.0
573.5990380547466 96.32972851026922  10.0
372.722319435566 655.40344901781  10.0
425.72226252224834 912.4199053428317  10.0
279.742403850516 114.448222612338  10.0
569.9206646136104 262.2538231416386  10.0
553.0219093324674 621.4206663745719  10.0
238.26986079391233 364.40609149708325  10.0
797.5843508442879 921.0223322933047  10.0
776.4831890742754 694.0354615667723  10.0
686.7265363142283 212.2563100413698  10.0
358.9655275150804 288.83268329638156  10.0
500.43334401794084 711.226605306227  10.0
36.936887304874546 685.9888195057284  10.0
333.5475404665161 110.96471972283494  10.0
363.55287192285556 555.6443773676536  10.0
425.1408647349706 43.294157863382644  10.0
450.3005078032093 683.1933893417636  10.0
186.50999067828832 375.28286980184  10.0
200.54945011466774 70.98098651248775  10.0
412.4466526895562 931.6231057021892  10.0
638.9905371786218 579.3465227016474  10.0
848.9081935915045 24.316366265009883  10.0
709.794693063668 707.6289840400734  10.0
759.9415300992581 992.3310599400295  10.0
651.6770183505968 827.6651995304918  10.0
387.6895850134925 806.4390400319539  10.0
74.65272949453261 425.47519228806874  10.0
231.53634933532862 678.2262250361971  10.0
161.12234963774662 681.243504454469  10.0
885.9229597850738 527.3120931469874  10.0
993.026257984492 23.36931405425602  10.0
771.0936700468958 107.10112423760054  10.0
867.1592135140542 129.27175850828056  10.0
467.00758096813047 566.929070941783  10.0
602.3376412808464 213.80154745113512  10.0
517.8781646129635 237.25544354614868  10.0
264.963966348478 345.52383917481757  10.0
513.2791466974587 464.59304131081103  10.0
443.63351876081504 961.8010515837381  10.0
971.482305824426 394.1541462443251  10.0
188.78161555305394 715.518823078391  10.0
51.6689245925932 700.7321722516259  10.0
999.9693111906586 279.4621964668127  10.0
403.8831493655258 402.1269094326194  10.0
791.2587527085007 758.7630893981985  10.0
529.0725461645097 54.4597684368906  10.0
594.2296529395977 917.5042677241097  10.0
866.2869959649487 825.0155636065446  10.0
868.5406808511706 512.479294014888  10.0
450.0844209356005 165.78544225793433  10.0
681.5411034537287 645.271283814438  10.0
388.4176638296002 69.67535575891115  10.0
691.2888437200345 193.22849401791797  10.0
599.7540317398326 181.38315973177143  10.0
821.4336127297129 60.57775278941813  10.0
217.90498486790432 356.2364860670876  10.0
751.774981412057 202.8314228046424  10.0
824.0206148138669 612.8228739642785  10.0
864.9063698871215 120.80730199907785  10.0
197.42962039411606 809.0322676421404  10.0
87.2082767068395 794.9954710702978  10.0
590.4822402768873 786.1716579248115  10.0
141.55508327392275 836.6694340555144  10.0
627.2804447420407 172.09989001300642  10.0
89.4514918257996 969.0534260738893  10.0
802.1555954442441 511.8707586523176  10.0
681.9162839510841 820.0217820550238  10.0
210.9808979534551 903.1603220871049  10.0
961.2826206570801 407.2202637088319  10.0
586.8827175406561 853.7948199243488  10.0
760.1853657146546 627.1631546218235  10.0
931.6402206934979 649.9833278099619  10.0
229.3582275748114 521.774321434822  10.0
35.0411049179491 126.3993751340673  10.0
292.464169568136 89.00419988138752  10.0
956.6861886251603 363.0440930123511  10.0
974.0346477066335 928.5689305329626  10.0
108.21308826462473 498.8630436711653  10.0
875.6948481552474 69.52174633631614  10.0
918.635475461982 548.3775782285541  10.0
686.2032421298422 913.2810071039679  10.0
191.4710622755885 835.1307039151412  10.0
502.43582551647546 343.90306115689896  10.0
169.55779254450687 414.5368650062481  10.0
911.2963671378049 706.8025387104419  10.0
11.934675336173317 648.7635173433117  10.0
236.63643121732036 537.7862850249675  10.0
856.8900310171504 917.561796756138  10.0
90.61960285649762 636.1815778417633  10.0
896.2561679068501 301.5026654578682  10.0
385.5662551796303 319.00333619725586  10.0
918.2569791341261 957.8639655950014  10.0
260.16725053009895 467.51862694850763  10.0
589.69027753773 824.4524579675193  10.0
953.0554818889665 283.2315354762908  10.0
342.95446079147587 232.9347411110374  10.0
517.0767853165211 507.22492936739303  10.0
109.40477453937858 990.7894280588689  10.0
409.2026302890035 224.9600882928352  10.0
297.7513858574602 499.78201252557795  10.0
413.8787747229156 278.0488861598052  10.0
354.68811329427155 518.9035723819719  10.0
61.70575687023039 735.1778022477757  10.0
964.6668936744841 251.00239233411492  10.0
690.6984338097734 836.2765692925057  10.0
446.71010677322107 534.877956704444  10.0
563.9734514064094 317.1883625819927  10.0
188.37881953449374 58.3947689675387  10.0
5.565141029138965 46.51313977944571  10.0
20.492235900972155 673.212911913794  10.0
345.17183930825047 461.9589702274004  10.0
280.9197474574019 88.02171068738396  10.0
572.9860932761413 380.4507016290337  10.0
941.7436130940055 444.7010636740967  10.0
997.3639871029848 374.4093578116884  10.0
581.3170802401576 540.6249137297817  10.0
870.9403122606526 56.029571579134576  10.0
171.21896574558758 750.3597258904799  10.0
904.8976344366502 292.04662319150333  10.0
617.8328462136337 21.300697723011908  10.0
826.4493968451117 583.3985625193724  10.0
749.2547111351713 670.3263126916758  10.0
651.1979843838988 587.3527692267331  10.0
970.4603218754592 92.34228528574218  10.0
139.8811664001022 34.081089219661024  10.0
123.13971950518088 906.6237386683633  10.0
988.121199790661 95.33073954791904  10.0
181.33278005403497 513.1546378628461  10.0
658.1424333615274 599.7529699360177  10.0
289.97657601196755 508.70146952813724  10.0
403.02555350130876 357.6154888521701  10.0
310.7014651236066 921.1483388367277  10.0
956.9171767008407 257.0381886201992  10.0
477.690005349195 760.6587086170887  10.0
568.7157982392682 724.5563170638624  10.0
986.1384700040778 957.5187653576232  10.0
542.1064066462401 604.7292140105329  10.0
336.83836660798636 359.0561190763106  10.0
211.41747302472635 506.676462003112  10.0
42.62095336376615 91.81674935816342  10.0
330.6259700145433 189.83770074623018  10.0
865.8847555122242 260.2220231909326  10.0
181.9372408896034 616.9165002732698  10.0
101.15304976162032 649.2169617450877  10.0
320.7184300294592 888.8820868261648  10.0
542.5837035497196 825.9595457552214  10.0
765.1654904856966 395.0677819784264  10.0
683.5816205744555 794.3903617944227  10.0
611.9354562504866 160.81820312704787  10.0
384.13986957661336 146.56082927586834  10.0
513.0774230060377 555.8017858805023  10.0
711.2619674777295 475.8868488854714  10.0
184.94676163060873 238.01923793862946  10.0
908.795123197655 670.034750584096  10.0
136.3890879833689 451.70220920277814  10.0
485.23006610734564 584.9343915446973  10.0
101.33205957991743 571.7112988907261  10.0
221.49990140966247 516.454140018834  10.0
240.0241796038448 92.70555202956976  10.0
495.5372703076563 832.5610466063342  10.0
33.51210040507713 98.27072896519273  10.0
696.3252601625527 106.32894020217942  10.0
937.5484370794779 613.3567199362611  10.0
657.4039924390851 98.9458230858401  10.0
284.9751482430547 142.78945622053908  10.0
978.2721803280759 981.9114620315835  10.0
629.7272893540803 129.28581458133016  10.0
821.8483026999611 258.90482592476485  10.0
710.9551888270213 26.31488409959648  10.0
277.13373761736125 950.3400333489466  10.0
482.36353553215383 174.31239002542299  10.0
658.4460050900501 737.4190439850868  10.0
199.71790882788844 693.169909043941  10.0
176.06707591701732 927.5273841755802  10.0
388.570842866515 159.58330725620894  10.0
257.87837883953335 299.10973316384684  10.0
624.6108637692557 924.7603545964419  10.0
427.53077123315177 111.69963929012461  10.0
450.6396674295916 546.1506062451006  10.0
51.92356923621333 825.5678856660062  10.0
427.03421053535595 956.2748499220958  10.0
459.2445331636361 365.49268672147275  10.0
266.6517443826234 672.3956248721211  10.0
898.5481519508247 84.44383316390336  10.0
240.48792228087768 562.6844940825786  10.0
562.8267342304309 935.511949395982  10.0
556.9991345695187 427.7054040653924  10.0
429.7551602670346 744.2036313434288  10.0
215.8519884221205 930.4478629859002  10.0
987.7668108498443 888.2615163977414  10.0
915.9646076489475 213.80786926184726  10.0
9.844629929430692 138.45787868452385  10.0
958.0557335852002 881.3278882333075  10.0
413.3880635254445 891.3493986886524  10.0
723.5191026222644 885.1720883059589  10.0
901.7428690596968 533.7696393278604  10.0
234.29263153088843 264.72673847952643  10.0
521.4576094688546 218.87484339535  10.0
502.49280010167905 609.8793880879351  10.0
489.0570517466579 904.8478455816283  10.0
863.9367106789031 584.9451803744267  10.0
642.0994697185658 109.90403192546816  10.0
256.27589735356105 842.3722335351995  10.0
651.5109925831053 471.03185899306686  10.0
450.3168452948446 179.7722889318758  10.0
695.6672235870338 858.9402971859504  10.0
572.2056577141966 849.4866885115085  10.0
641.4185889963748 497.9739008147943  10.0
864.5052897329164 516.8121855595435  10.0
903.2322944625789 267.2954608373939  10.0
525.7953709274649 481.1747140370167  10.0
58.85106431707165 118.42573859572825  10.0
641.2765337307893 423.9536661448442  10.0
988.3442327411309 334.2680458775149  10.0
670.962205783691 127.3228609911149  10.0
773.154446278851 176.03521468898032  10.0
697.3929479084538 320.3892260674225  10.0
842.7192163765313 317.0350176417902  10.0
651.4095990597176 52.073158225941164  10.0
888.4731084198414 346.05956220006493  10.0
32.37315590639156 764.5897096118194  10.0
878.5131273738522 538.1630841858439  10.0
218.3208566656516 547.0529693192244  10.0
100.93627846519948 36.90141454276785  10.0
321.8997140736166 885.6406510664705  10.0
539.8351043394806 569.6459930707961  10.0
689.5198717686468 594.9195369379726  10.0
45.163020786418315 826.3737612220211  10.0
564.0221618007894 514.3467808518297  10.0
696.1584137001656 672.373743757435  10.0
135.255538941632 984.6259060852828  10.0
477.742693874422 436.60015089190176  10.0
188.31168813282707 80.5107565131944  10.0
890.2842193298109 619.9404134007486  10.0
825.7658063602495 69.81414636745787  10.0
395.346382471492 501.4565507702917  10.0
288.12379813117815 592.7926142727631  10.0
663.5149814375004 285.6963885908097  10.0
725.7779525464906 611.7423633880301  10.0
435.1262084415082 630.4607685775468  10.0
886.1249787510255 267.55579981082667  10.0
430.6935934467657 621.9517231832884  10.0
71.1008881212657 398.1516503738799  10.0
155.05834039851607 523.015957839419  10.0
393.24000847390704 623.1065347409473  10.0
627.7644438271946 910.236377512686  10.0
312.4661957242646 579.4791050615966  10.0
41.88621129233206 136.91443309654815  10.0
671.1757539988255 105.73229549263485  10.0
104.51271277406737 411.52405168098403  10.0
961.7739842348238 913.8235025335234  10.0
344.3199353345505 165.0079060788321  10.0
358.67786726433724 563.945974801865  10.0
985.1381130488654 795.3254054677025  10.0
125.89954774584267 362.0694733601566  10.0
79.1484409142471 323.9504960468614  10.0
371.67675509591555 137.34174839210579  10.0
469.31942212923514 976.5574595104497  10.0
763.2175238226532 724.5766808807896  10.0
807.9204524477722 208.92072221627888  10.0
737.4788547714666 376.46913508981027  10.0
296.425918123709 239.09484364208765  10.0
947.9995340483028 260.84021205752106  10.0
31.850472733478853 718.22888362131  10.0
173.15974426148563 660.1312804076235  10.0
845.5320740503463 774.9096050772084  10.0
677.8414872970972 483.5284298653595  10.0
302.60623403190914 301.7157437606839  10.0
68.31482986409031 226.5138996851971  10.0
93.89170489098031 17.705592511332526  10.0
9.277221641854517 568.3044047959959  10.0
396.6336427824092 536.8490520420589  10.0
782.3245646745112 384.5508735679563  10.0
906.5278996684957 399.9536594389492  10.0
556.7339575315647 70.83750871410166  10.0
150.6756340226345 786.424214248947  10.0
416.289828850567 721.9331330793887  10.0
379.5947913977875 412.23406783225715  10.0
639.9868267407696 892.4108490594708  10.0
806.1411019829486 941.7749362410932  10.0
469.79411963990145 376.16664080268623  10.0
210.16775792814946 93.7922535303396  10.0
615.2677336605219 685.5315513169556  10.0
959.9801813611425 505.40060759771654  10.0
42.648502505474916 685.086083075566  10.0
315.1178010539388 333.2142972277297  10.0
175.18552285959476 140.9494112853229  10.0
469.72214260702714 516.9162866674792  10.0
491.77584465521585 783.2303404844212  10.0
171.72695768158397 608.1280314441004  10.0
652.6133129828279 847.4906940989825  10.0
910.3321235682628 76.23183766774866  10.0
703.3904536756805 960.4860460878284  10.0
602.700542583847 42.83659675061469  10.0
613.6994568252234 666.1129666121624  10.0
430.5429086729126 467.8662079568877  10.0
390.62929239833886 849.4053657107826  10.0
978.232502834703 912.7901168643464  10.0
275.15812920970427 809.5874942303244  10.0
106.31811956111426 140.30316515414376  10.0
76.79113856749132 757.6044363995576  10.0
57.78045086554895 974.8021792264396  10.0
530.9961142658619 69.21530486523086  10.0
139.10305069310203 44.29498141976862  10.0
674.3400019994684 711.6486495326299  10.0
944.2063507622971 251.91705144573794  10.0
623.8318607928271 879.983086020008  10.0
496.519178569844 84.01990028220251  10.0
819.8287729213478 28.830864500272057  10.0
872.9390596656211 151.8341935636789  10.0
745.9628930158561 165.56547216603147  10.0
843.1590027766199 685.0000744906295  10.0
374.8996600479953 483.24910452670645  10.0
808.8152576874512 47.79591456580113  10.0
105.33824891679167 154.57952333953085  10.0
859.1369420120027 732.6857432245127  10.0
753.5175485478616 382.5896789863903  10.0
73.2547670403102 700.8449193601735  10.0
241.59181738115353 609.4981830877392  10.0
294.05320408288804 385.6124637982871  10.0
985.592426674407 122.02218693077826  10.0
474.42657772575217 152.35758719751226  10.0
627.2929855716992 159.62843473609544  10.0
354.0261220600376 517.0370991375916  10.0
677.1472868850664 31.612606947452825  10.0
663.061900853459 965.7593179713633  10.0
839.570773245012 679.560728039488  10.0
269.44980851955313 788.9592048018665  10.0
277.18764277404983 583.660667297648  10.0
686.5703955739034 946.3284653759512  10.0
837.2678728715389 904.4959539825943  10.0
141.1331490559713 612.4338074023393  10.0
311.42904528914517 276.36779831160607  10.0
964.1159577513591 717.9947090723309  10.0
128.78061581344247 723.8558766906314  10.0
412.47636859420743 498.0821511350012  10.0
493.0386128989492 760.2418088337241  10.0
155.30803009565253 786.0383326863812  10.0
865.7413057724308 844.5838143056311  10.0
565.3413332470666 550.7060988037907  10.0
870.5471901486949 23.644923973062948  10.0
645.1651869578837 964.5967589781753  10.0
147.69894721251055 765.5412021180748  10.0
887.272126719357 111.9131440331993  10.0
423.08782889613184 703.890633047176  10.0
618.0066033312257 297.88433961969054  10.0
72.95496643202004 254.4068223584205  10.0
407.72187774080817 804.6576539902906  10.0
763.1176015464004 840.2966927799866  10.0
942.9283475265439 854.0317732721333  10.0
320.70975182421023 768.4845649063549  10.0
350.9422061654769 483.6051279519904  10.0
856.7782245105215 635.5994589701933  10.0
343.52004000871784 20.451529379451607  10.0
299.67670785828017 510.8263617612735  10.0
703.1914802866775 845.2251431917082  10.0
922.0522553372784 42.136586217122684  10.0
574.4787657093441 179.63515218041516  10.0
148.31959716606812 63.07595836614344  10.0
741.9182604557022 701.5198703786913  10.0
914.8709303389844 239.20385751637895  10.0
577.776102676669 894.2892917424061  10.0
121.86984291456471 786.4404402997346  10.0
624.5759948934993 171.2938374147548  10.0
263.32989207084813 317.9927437279545  10.0
841.0345508814002 980.7160757489847  10.0
151.27982661977103 432.19536469388953  10.0
384.7253502341523 292.87165253843585  10.0
760.1690746501075 740.5146111913424  10.0
430.7699020420799 99.3443931728909  10.0
609.268458701294 653.1297070856607  10.0
933.0804140526826 812.1695518857262  10.0
773.67304842871 388.91817003973483  10.0
423.1552456928045 741.3185454821493  10.0
568.615228296557 357.3371957673024  10.0
911.1549805526669 150.02737057872727  10.0
187.14793554351405 271.6061038395895  10.0
704.9635472377408 740.0499498918524  10.0
87.8592107996955 95.75992396898225  10.0
495.16513431444844 802.7068248831217  10.0
727.1313245176633 202.55728684313544  10.0
367.3444708634841 686.6386557830915  10.0
309.55881496091865 924.890744881972  10.0
497.84451464278703 679.4628013633513  10.0
590.4913028876862 20.26090945970771  10.0
165.0920030740992 878.0708132870267  10.0
406.26918759566433 436.0405857263433  10.0
365.82834875485725 131.09333941072254  10.0
530.5708944689425 162.66852335271176  10.0
764.059063809948 677.0980132399575  10.0
659.3928267713296 892.5769251006082  10.0
920.2626736003423 673.375174436682  10.0
812.5341319926794 664.5705577361073  10.0
749.3752958366972 412.70527080673867  10.0
206.0601650587097 666.5397858841653  10.0
938.2948122027922 659.2905802605453  10.0
698.0701783871858 893.8033257277904  10.0
617.1243162231567 200.07346021969119  10.0
239.19612820134705 416.0413165666398  10.0
923.1014721599283 403.9519831031545  10.0
369.6113772590223 592.6927221564766  10.0
222.13685156234175 308.94277176467665  10.0
695.9289912056656 694.8554101325241  10.0
660.1108078635456 516.1307339162544  10.0
454.22193641945773 41.14133948462195  10.0
404.55552666434744 959.2831549236811  10.0
719.4977681730916 935.6034259246276  10.0
407.0743297889559 440.2959526655207  10.0
557.3131473638308 407.7644358341803  10.0
767.8282424654894 673.1781921457023  10.0
429.8143461183267 997.9424710653235  10.0
815.645397295395 463.0699728580634  10.0
466.34152417400355 605.4819064608301  10.0
830.7857564201084 561.8286875302537  10.0
787.8367257548458 723.1622249027139  10.0
932.1202751448847 688.0064861968488  10.0
934.6461149289119 217.97172991637225  10.0
26.460095645686188 176.58202001450863  10.0
588.9095422388815 186.5968152147647  10.0
874.997827079299 732.5977442895144  10.0
205.58130203815517 313.3917347711249  10.0
270.2998854742491 802.8936720082668  10.0
870.2280425884505 589.2578711995641  10.0
37.014683479896114 151.41704395388723  10.0
687.1010838133097 211.7754785109862  10.0
70.43911192199803 326.12713952995875  10.0
267.5819088355274 980.09494160979  10.0
909.3113231497114 839.3025475738759  10.0
436.9514591657109 522.5088535129895  10.0
402.6749164424017 48.098418721034484  10.0
106.535111078495 250.28975323682835  10.0
875.3860776064296 918.4890897311423  10.0
368.62687049248757 18.293412879699765  10.0
822.8116343786878 83.27155046343282  10.0
263.19805283310984 90.99023733230605  10.0
572.492937510386 863.5937756970625  10.0
338.2470211657886 162.0028298705988  10.0
539.026429611808 213.51096349206222  10.0
79.74823010201548 855.8908215242234  10.0
668.1392233915776 868.3620304609631  10.0
522.5104771724009 352.83855076603334  10.0
416.9132972355597 330.2975969158887  10.0
869.8556740116204 520.0652351904146  10.0
149.33993162291125 708.0799560332065  10.0
747.8810638448949 208.19121136406727  10.0
139.86146475777073 843.3142668680798  10.0
799.1694505904405 176.4579458669111  10.0
472.2844378239561 601.5595886438889  10.0
681.1634597809164 447.6136757801336  10.0
997.4247624935547 684.3072358470595  10.0
176.02142048249337 761.4404374010337  10.0
170.0721674767538 826.603099840235  10.0
41.624214958597136 195.3122752004114  10.0
24.33750936180723 785.1296953380798  10.0
437.5035843239137 950.8388423075589  10.0
766.173266115241 92.85230213545692  10.0
244.81446848483424 767.5622319186903  10.0
462.8340882479759 158.87369559407495  10.0
366.07511971882525 417.8389974767547  10.0
