1000 1000 5 10.0
150
124.07485893490733 558.4700317536644  10.0
994.3015933162839 831.7012664229726  10.0
808.702157913653 915.0273159322387  10.0
391.20649370974417 468.39923998478264  10.0
677.9262429874431 860.7285528902066  10.0
95.23267132881242 65.44066112607582  10.0
637.430451080638 573.6020176656565  10.0
122.16984804223519 73.11251803787455  10.0
853.5129033606097 119.72305456028998  10.0
842.3732287405146 302.2832251988796  10.0
994.733591014343 130.06217459070658  10.0
968.0890745266697 834.252726954281  10.0
170.06499300516342 659.531356425297  10.0
99.84790661666099 846.0929243771226  10.0
648.2937214508883 79.82230778815192  10.0
327.3171072232466 570.7467838689246  10.0
710.0219928820412 350.79288638286454  10.0
662.2318461579539 744.9445480709767  10.0
531.469334058229 39.57370262719528  10.0
144.49862363456333 63.03340695997694  10.0
828.3766108237662 12.229395569402612  10.0
307.29357232844154 351.1070761247573  10.0
98.66581533880381 809.7242977547111  10.0
312.95305795371434 403.36005115931874  10.0
694.1109400980744 338.1056247705767  10.0
478.68184073736796 681.3807675877283  10.0
624.1263653414076 652.2316676345968  10.0
99.57935672550721 367.13691523552427  10.0
948.8812481054144 293.03627078532315  10.0
446.21253974116036 581.6948238870857  10.0
854.2995934213599 850.2354117925554  10.0
564.938995432739 934.2545988316178  10.0
18.107456442874703 165.5451430782612  10.0
41.41189246865573 949.8712457231139  10.0
673.9400851121676 865.8948653155605  10.0
201.17358452966448 339.27105299198035  10.0
859.6237051179306 721.7832392456814  10.0
315.97241581421673 520.4618180339836  10.0
696.0979100716254 662.8389280490525  10.0
260.41299483872984 279.3746486298134  10.0
185.04617390327672 150.8116668828773  10.0
720.7774266164239 965.5636560856714  10.0
936.153864354453 9.633740776603283  10.0
496.33069591115765 159.02931194334556  10.0
439.01445675858776 742.8557603983895  10.0
653.1510810582153 315.52038859549947  10.0
980.0561115006086 830.6747748571016  10.0
291.50208080526016 500.2079477351591  10.0
71.46274426686006 491.93670034254023  10.0
469.98932772422876 953.4146121104532  10.0
306.91481452570133 920.909458484964  10.0
393.22246343248577 897.1206435352038  10.0
888.0769833513084 64.28669322318281  10.0
314.4286634936695 687.258223162199  10.0
676.1110118985093 590.796630376945  10.0
730.4406187826262 144.34359981039623  10.0
514.0943511768535 823.9542205417212  10.0
353.7088550154209 653.7866573007271  10.0
739.0757409961577 57.90904090859639  10.0
34.46452982644666 417.25537601891835  10.0
256.6013093597259 857.0054075717433  10.0
275.88547931301923 57.763455264031926  10.0
285.8959675957697 651.585198954533  10.0
236.09504004381122 633.6862711322422  10.0
900.4863593223836 185.72793865693683  10.0
143.04903486207533 0.7013567491049866  10.0
786.9033919483704 147.03679190613295  10.0
861.8442467389206 375.68752524054383  10.0
223.20387667597606 614.2434279896  10.0
948.7065139406693 902.9060067655269  10.0
139.40229511308178 795.3178802632821  10.0
901.894594861056 0.32639183253158066  10.0
263.50525722626304 896.9350675271864  10.0
476.98192682497864 272.7488252142237  10.0
779.6929952862914 865.5621315266953  10.0
872.4547092803211 818.4132085718073  10.0
629.2935364183833 171.0961257320711  10.0
311.29188469750335 827.0750576174445  10.0
570.5468319346747 765.8945257554209  10.0
45.168722448900134 470.0669557450391  10.0
379.7578563774121 845.2061709460405  10.0
90.15247106982937 216.65331177337  10.0
124.28904630107351 59.42338773413003  10.0
66.23494913281036 876.025437654646  10.0
266.9439200083613 384.2407644480479  10.0
357.7738140610952 860.5729037352105  10.0
471.645885874045 941.7195431932442  10.0
437.89030006621556 393.6062557563097  10.0
371.9167541584969 683.4212958410585  10.0
607.0984179707524 643.4951316236903  10.0
236.51217473021592 996.1881336515395  10.0
584.9166065882455 56.225058991297146  10.0
420.6719734596916 971.8107877729155  10.0
362.93965903620216 479.66495713496795  10.0
726.7953271629653 293.74020769924437  10.0
478.82534497193785 25.37700914591423  10.0
314.9519488100744 437.1623649887919  10.0
402.8765559679639 997.5889077790846  10.0
601.4925456954711 153.16952643372338  10.0
42.37659722911591 633.988043545621  10.0
663.1227964412114 13.426251973060243  10.0
463.5612574058607 849.2861043940865  10.0
24.156964824807446 128.64132088615187  10.0
807.088938266499 650.0417909597421  10.0
346.26885230040307 22.321822814795222  10.0
30.095215327845647 398.0179363982674  10.0
462.9092953306133 40.69913205527054  10.0
546.3961830344053 639.3889241899785  10.0
404.6606445518778 610.3807240169306  10.0
56.13056851134235 788.403222270453  10.0
547.1511551781117 117.19591259307983  10.0
857.1073780695385 556.6445593494952  10.0
779.7524850340833 172.86755663038343  10.0
712.3528764420745 652.8248322061904  10.0
641.1362469682301 560.5557815288834  10.0
911.8263063493465 943.0805672621783  10.0
696.8663406773704 205.98417568607218  10.0
511.00142229645576 958.0339622392512  10.0
44.55572442679268 107.77245461434958  10.0
854.986599286799 360.4185485498641  10.0
723.7178300477847 278.76398154742833  10.0
404.0832924477398 745.8585359652119  10.0
980.2940047430834 399.5508534347072  10.0
565.1590153557161 939.430121770302  10.0
789.9407601521041 66.06235801387928  10.0
702.9377118923209 771.9218262989732  10.0
779.51110847943 224.99804252861577  10.0
756.2867631086575 172.25040283351711  10.0
702.7665925622202 634.0495200391929  10.0
916.8065971772277 296.2774679291761  10.0
924.2081191382347 958.2696623856995  10.0
640.5053610222786 327.3113027075992  10.0
944.0147101016177 419.61220156664194  10.0
858.0677242688118 529.8674371891153  10.0
857.4316131401006 753.5781640264778  10.0
625.2032770106126 115.8005141909988  10.0
783.5501637246923 595.0701259699144  10.0
611.786838022125 490.7088496321441  10.0
721.273629947742 314.9692141993582  10.0
766.979370654608 488.55282221293805  10.0
994.364897491534 759.6137119534699  10.0
217.2446909090532 273.71612967942696  10.0
432.8231746503577 307.27233103026254  10.0
955.153850374957 692.2796009884406  10.0
704.438706585821 148.86926287507052  10.0
159.09565803966396 988.0645441890655  10.0
758.22580039141 724.6321266101356  10.0
47.488329012288055 964.0431697424857  10.0
170.53635096154173 803.9978613761913  10.0
15.813670265681479 866.0017213696829  10.0
