500 1000 10.0 30
100
14.383758098484744 890.5027076658403 10.0 1.751307963746008 5.666167464959022
48.94036752131365 798.3101607400549 10.0 2.524378636781289 4.717833393103195
177.990929770376 942.3232730360802 10.0 0.5131096943221186 0.7940009240262526
268.8706420377973 408.1321016784933 10.0 2.556254197955499 3.8184713278954847
176.93111535351503 539.9804264042551 10.0 3.090713889171083 0.3775954469791061
33.904320153521795 607.4756645596444 10.0 2.90515942584347 5.905248182498647
416.0351501874011 640.2609000855872 10.0 1.5637359127560675 0.2707453353541058
312.04223909886423 346.20679606831715 10.0 1.078644594748204 3.950974933204682
342.7042033263273 193.72036433326045 10.0 1.3248293175542751 2.539054416233364
106.23218773861703 935.0566563053096 10.0 2.59419626358035 5.940962795070109
336.57781751594314 75.05829773893457 10.0 0.501120691849588 4.708079142231769
265.4388060890881 48.53704178565066 10.0 1.405525222097214 1.5825775970578495
172.96283993415102 159.55043005732762 10.0 1.5526173553853715 5.2996629967227395
97.01367356407565 657.1160196232172 10.0 2.673052544435693 0.6858295861198019
46.351540205208764 674.4441886477024 10.0 0.1801633313942277 1.7263616196057177
329.1934400803658 142.5600776751339 10.0 1.9879403959271083 0.6897720904620633
265.3568936835912 204.2240288630167 10.0 1.1334735499376045 2.166953629165962
97.5543477543695 100.34897993536673 10.0 2.4488243185029352 6.2740686523590155
355.39332279119225 978.6524893615046 10.0 1.339433690361614 5.501785405465439
254.2511277057067 583.0697139073037 10.0 0.9793550845517178 5.654394626594461
430.43079617332563 322.49347269183704 10.0 0.936769928772934 5.488464983384043
423.86846696245226 788.6956074860263 10.0 1.7237604679912908 4.509878615348671
320.1506715893617 395.82388269927316 10.0 3.0576273806272987 1.5309881861390489
354.7131231161108 447.6570095306447 10.0 2.045702689178031 0.1501060758857418
63.831163677007254 603.839843432469 10.0 1.6811057658211248 6.249364689921342
239.3748854463214 412.6096936137863 10.0 1.1136597569023154 0.011481206101362686
7.290766626712186 305.0638024617077 10.0 1.6514961958480905 3.928494625756186
303.38440428400827 204.8072077652592 10.0 0.16005195118257784 1.6479883997062492
364.21759113630543 696.8588699480893 10.0 2.6420246453697875 3.991402732926248
85.7960985088489 520.9837096765876 10.0 1.985840495544593 3.7486308888182993
228.21283764892547 7.156405801798327 10.0 2.1524215358810634 2.2039112117105777
460.5242709831921 954.6528917852535 10.0 2.3597640260679817 6.187291941085609
146.87652543183054 371.303273324217 10.0 1.1574013801370444 3.180636765493807
72.26043692733342 435.7301839058523 10.0 1.304293816095163 2.6638510186749293
494.26356166341327 22.93501754115801 10.0 3.091721837637712 1.722394673737051
485.8001403246013 142.38342804506465 10.0 0.21393386561628291 2.482115248404556
3.0383036136171215 677.7811258516645 10.0 0.7844810493819075 4.298263182965076
472.6073266910956 889.0192652217163 10.0 1.8023734863353402 0.20039869552680936
442.65570926095063 239.3086962548796 10.0 0.1477873255784202 3.9103560573051865
483.4443349569864 244.31063009450338 10.0 2.3860635572013114 1.9569398399233988
54.89726295890907 205.11067823000883 10.0 1.4050313609846048 5.362517924332842
480.8957444322772 883.1723920529802 10.0 1.354705457910389 5.214842155171229
483.08975286854803 402.94510838943 10.0 0.801062062934327 4.746214871725899
430.6141209774887 926.5906354319332 10.0 0.057464049759080045 6.171206518645139
56.3350308906651 935.3313346166177 10.0 1.1237400680346812 4.456868713290668
375.11576796700746 273.21247594370845 10.0 0.8182269340470264 3.8317743349232534
415.07881318788105 461.6097029630013 10.0 1.3021846684990395 2.111427739683882
138.95477576000542 176.6021965612592 10.0 1.8706664699929496 2.739117897761695
89.34690162452752 196.37085747761785 10.0 2.105874705838006 0.12290538313481218
339.1032182216441 572.0701752633847 10.0 0.4972231325641658 5.346844745832227
265.97653031205505 253.16095588032195 10.0 2.922309841948849 2.5770097955428812
499.36587569114596 906.9809615696364 10.0 1.7335622465572262 5.4526317622201885
106.17137777534951 212.36889909835298 10.0 3.0754453120723975 5.325893472816487
192.65747822576807 478.4463856804926 10.0 2.5111228603555587 1.956888203969669
99.70814636805814 42.20207874269677 10.0 3.082960620306706 5.6344053599534885
259.970606373393 532.3103179205997 10.0 0.4355891820195345 3.5191605534742445
67.12279124160553 751.6566734888153 10.0 2.0358153363022806 2.7363573932166525
279.86243329257525 627.3311038617137 10.0 1.7862920640459452 2.538372991878708
46.204751256127885 404.3888270748297 10.0 0.635318716188238 6.211407003892251
87.28828528527521 18.46810655862241 10.0 0.9653511571625828 5.26794377328502
424.1270517964575 372.39298475088935 10.0 1.3587785197106617 1.5489208842050985
265.61045415557146 63.17838872526404 10.0 1.8001414114571854 5.385686452425972
301.54058345261353 958.3936240352641 10.0 1.1517873308570337 6.048349395006913
160.60993671106638 904.6299737349044 10.0 1.0916155503146445 3.5374974059466893
199.96059416599306 765.8565150498604 10.0 1.1049359040087412 4.2012514422916905
90.32966520543789 935.7378002279738 10.0 0.09967672353657693 1.0154435179452
348.77351626149414 445.52594745637754 10.0 1.8094734681481692 5.660241843730861
49.577056775754244 797.928712353877 10.0 0.4864493474472824 4.115808600142635
413.1923336048301 697.3941561233487 10.0 0.9957235559818898 5.515223191952668
332.9141513750705 918.5418015960554 10.0 1.7139557161779158 1.8952261296567026
149.48855442590852 657.0089131587066 10.0 1.41868278158488 5.159173384661538
124.9634605518587 840.7699728200362 10.0 1.9701401264584832 0.9943508449866189
98.82885721179707 45.02594312121533 10.0 0.041518241542510236 2.2691480806619517
231.85746502595177 850.0496390896158 10.0 2.340987639318123 1.7073808647586841
56.04465774937223 708.9121215948237 10.0 2.609705660243735 4.512213228260867
252.66025966687465 650.8041273182665 10.0 2.1655140353709066 2.1084720124271064
174.6626535453016 435.705868070123 10.0 1.6798021449104141 3.776299637086875
114.5890789332767 97.44742362943481 10.0 2.570131785889653 5.519545353065574
194.5244633182976 164.74081997683575 10.0 1.4655033961615156 0.09321435060831781
20.864011389531534 233.55448869333094 10.0 1.4067806692613192 1.891602238449255
403.3235109235485 979.2392360644216 10.0 0.8614411926434121 2.629023157312762
485.0141392724114 143.10430252729833 10.0 1.303716905631219 2.0566030475435984
68.38729748129802 505.681208524144 10.0 0.7286120795751485 5.80285199691271
250.46790880970977 367.70177216981926 10.0 3.057774332531226 4.315837760323047
200.0330732337374 599.8560649944613 10.0 1.7797640728341746 2.9978047208201013
19.25623175933128 893.6851460029803 10.0 1.364603801282442 0.596180821826486
132.82524289198767 448.50210689830885 10.0 1.029168942627618 1.367527224981468
38.65614249717469 963.0246881538445 10.0 0.668795991704407 5.3127118364450165
36.06241541449678 465.4409236931053 10.0 1.8397917784618523 2.812742263578556
219.60329878077965 211.91924929897533 10.0 0.5861538091227498 3.682390176209368
89.82234629695307 611.1127498570169 10.0 3.1207855824808637 5.737471681723351
85.70141501267592 890.9968821833264 10.0 1.6667411365322717 0.5476015170288384
187.892873304845 14.418783817344627 10.0 3.1286748646265226 2.0840491322491457
476.65671123943736 171.02547507607434 10.0 1.371326049954055 0.480815431140295
153.9169409918655 25.776972897472827 10.0 0.7039145749474793 2.2654918609184618
54.965544941477596 788.0401847739563 10.0 1.1847166289887405 2.839805452854333
82.07989316638886 80.29738465391911 10.0 2.6926520783644645 2.804071351327268
289.68339453126526 531.7934263078511 10.0 2.592587583144243 2.7658928488134666
38.66709512160399 999.9835122177334 10.0 3.10661823368086 1.5512862382752366
216.10319397693206 331.4339252916873 10.0 1.849721795849352 3.2548468762490756
