500 1000 10.0 30
500
333.8526547741649 367.5005029093844 10.0 1.7328921797902568 3.2617739366485567
359.8953187984557 350.1417827866977 10.0 1.0979361878857696 5.389433187678179
495.54894816891994 991.3728370756021 10.0 0.5398806156478371 0.12060437905100008
295.2000663463205 212.22176384727686 10.0 0.16327611266336078 2.913030854610555
238.70158644246504 50.19076982748272 10.0 1.309555927439362 5.454230085857132
426.96122232526324 833.3780827701597 10.0 0.972312821566054 1.9898562468519607
235.85111013861476 206.03352802943687 10.0 2.143449218484303 3.6717273894088107
252.79454709244425 823.4495773259465 10.0 1.4730962299198938 4.932381736135651
289.6242650609713 574.1283358492695 10.0 2.661201404710869 0.5458659858741173
125.16990760390779 258.4544921075411 10.0 0.2801047711920762 0.9987048467805114
381.52059401312835 755.6425526593341 10.0 2.0870934221274564 3.1768321225755387
79.02178189807645 844.5167906811424 10.0 2.5274158101858153 5.474549477065998
446.8038869416511 8.72036403300569 10.0 1.8037191868832896 2.8432889427574044
488.0035381043087 753.2398942881476 10.0 1.871734330960127 4.658202057687579
111.8263575823245 186.6703883518823 10.0 3.0584720158021113 2.784116366492087
348.21367365800484 882.4346361591166 10.0 1.9802792528526085 0.37357127560376585
255.11387105821538 322.21038645047815 10.0 0.7186876996994279 2.5780823735658545
113.22204580420126 546.1073599588851 10.0 0.2522537594483798 3.632169596381756
378.5403401244913 986.6754293632367 10.0 3.0310219134984293 3.1559396850420414
129.22434240107373 847.6145863455246 10.0 1.8212890743723427 4.564794339026823
399.9192308036432 803.0955700395976 10.0 1.3118861489927929 3.802458301826744
344.152790577677 239.89037732791542 10.0 0.7247543311080106 3.86315485343628
103.34050744759665 742.0494560483312 10.0 2.7767250573675595 1.7758118028272611
89.57134853205167 26.65278515172764 10.0 0.9997106936311699 4.046925365855583
108.58109580610525 79.20014520371099 10.0 1.7402729055841688 0.4593498125055501
359.18338174931466 808.4954632445101 10.0 0.45423639358181633 4.955765405369925
345.91684023532986 143.41913645164595 10.0 0.8247761516730349 2.115653057073649
132.78007265115554 127.77083340026397 10.0 2.0199184343673977 5.454345179338952
147.66436517683312 234.40519832330688 10.0 2.9614126412977555 0.5826828311174421
419.45758358280665 816.17098359175 10.0 2.1377751600273647 2.3428419039540773
192.7805972487675 338.70395514030406 10.0 2.569689929738957 3.388994860080722
318.9311811707149 798.9125788321957 10.0 0.6630535420187363 4.168908334348854
165.84846611290328 523.034641915599 10.0 1.9434064013125538 1.2384582894467833
24.774368034016227 359.4320861345213 10.0 2.1615177003064088 3.8096904924224493
116.7765963386303 133.83029360801103 10.0 1.117345515371189 5.447637723234469
318.4112485094922 118.49735012059182 10.0 1.2463934702127504 6.059710163576236
132.54125883312878 181.89744439837264 10.0 1.3804542835981717 5.312829619003345
227.69011104317394 231.6421109012583 10.0 1.9391979872897227 0.686115687965303
57.29871815909987 541.1017889097122 10.0 0.55480419958347 0.5474345987435901
148.8665023370469 558.8293592186617 10.0 2.4425627545808317 5.461450359332899
122.19602451712352 839.986067304032 10.0 2.927329477803791 1.6073589984035388
355.8238317833767 810.2500832186618 10.0 0.020668449207792306 3.6619953421897606
471.2084500439691 175.22600777986776 10.0 1.5332864446539183 5.390272824403847
445.3596508899488 922.1633987024111 10.0 2.35327017672944 4.214394691070216
194.33162937979702 25.831311109522083 10.0 1.2315219241628628 5.630827658829826
392.3656872069352 166.68456507087294 10.0 1.098764176310581 1.854729157459673
104.45660043028748 996.9971903651854 10.0 1.0005885148050737 4.6369581680645595
13.729892942680454 749.4268117560777 10.0 2.4172206020155618 5.79248749476083
119.25578665018227 272.513219504841 10.0 2.3249964241169097 0.8663696245771128
264.78846484454033 898.9036338151072 10.0 2.644591120423493 5.349785764500863
234.40813540072708 904.6354733537474 10.0 1.3705483721281222 3.8113347305775687
417.1560545538724 701.5974889311874 10.0 2.298220161438874 0.2275813385886488
199.49144998221092 320.32833267278073 10.0 1.972917185062354 3.5670131452337404
291.7622861987943 186.60123412290574 10.0 1.58273946196207 4.709937018812028
132.8701261687986 672.7821827185934 10.0 2.4260238205919085 6.241678592701843
345.9227445544542 413.7385398797437 10.0 3.032233365906829 5.803225330315355
436.9063271215636 917.113192722353 10.0 0.9483568694150774 2.893805457752182
38.27238289636675 569.0696870801665 10.0 0.5860693577179228 1.3912217420099495
499.82281123220724 739.151501549569 10.0 2.6589208515637037 5.145548274557313
20.389785822750195 321.6887534424565 10.0 1.154633751869955 1.0136061542156245
295.54551010330584 716.2240491218341 10.0 2.255120840180075 5.732787820587475
328.94004618161256 945.7185427104735 10.0 2.9944958351526294 5.393078015895961
117.85385142544541 338.8382522031157 10.0 2.193289784446498 0.282871700492299
377.16470255439395 961.4096582052987 10.0 0.5111848414198644 1.2566426119636094
310.16726295850225 772.1728758901374 10.0 1.2942585265148459 0.8368517769965187
169.5466491688146 299.2495896572047 10.0 1.0701605262163878 3.284239912956598
477.2955953323973 486.28211314496826 10.0 2.5791004795217023 4.6197509948240025
288.4782747029313 240.98862473084415 10.0 2.482843317197628 0.6594902599684265
290.4819110504554 133.91955898548434 10.0 1.9609874637486242 2.513704087179728
326.7608349853082 641.4881635854537 10.0 4.918833877487372E-4 0.27695421878631055
122.06556740050156 304.88786070382855 10.0 1.885901255876634 0.16227897331647748
64.76331232801475 185.29830003703074 10.0 1.3279224123528492 2.0895330968192303
371.09383576585856 35.820469958206644 10.0 0.552562943796741 1.0723429306116918
316.0687925743903 681.8706276438919 10.0 0.6801339352045698 1.2610335570183102
466.2100632724749 204.30204551794716 10.0 2.3751191664054314 3.181594301943784
490.43651946602796 653.312337070444 10.0 1.920374291063179 0.26237899230620537
157.14664534137918 186.23312039388173 10.0 1.8897455067702693 5.38201320431983
47.90773564201495 718.5883304603791 10.0 2.5327996943065405 3.054377183395675
331.1508039068199 405.3459174100974 10.0 0.9058730358419269 3.210724758862361
142.88346614959292 528.0772180084485 10.0 1.7647285687576248 2.769860083621478
215.67140634167248 653.7771728182777 10.0 0.10762218521844455 4.756042488563397
382.0023724057248 252.38752758125716 10.0 2.8111046203527974 1.0115523366394097
453.6348161251832 312.60441242642867 10.0 1.3442072678500632 5.149484137369262
244.64670210357215 879.3405215674514 10.0 1.6903351300798897 4.205036725882433
162.63808107514805 851.2516963054012 10.0 1.0848025672548005 4.098601872203352
339.9046306414332 823.0257059385864 10.0 0.2283623569563393 0.5656568277560948
214.38736449791796 234.67153731532363 10.0 0.2810593776691816 1.689825484819667
298.8169860405329 598.835313942335 10.0 2.8134108190432427 4.4903913425075075
95.7099884082644 117.20862953574695 10.0 0.11719111968048311 3.5090882060571262
225.73646293940968 568.3841399819672 10.0 1.3515451752858139 5.42913127933254
337.4680127989483 952.0521141933591 10.0 1.0368334137429283 4.866949053364777
257.6276491821264 8.220790036927216 10.0 0.7624649677351937 5.435767620393281
122.70151522105932 395.1825183599701 10.0 1.230134423618037 0.8839477286132529
405.13571354302024 6.2367167278524205 10.0 3.051872996629484 4.444666827956661
310.32985600812793 632.7194458141122 10.0 0.9747078539170873 1.6476827774975036
474.2521041822516 939.6792320407361 10.0 0.7290475185676387 1.2340168666270777
235.7388065577244 510.57652041740545 10.0 1.1599223968448602 1.8079760640618854
492.40522930944485 538.6749030664785 10.0 2.849308490785048 4.2101009492275585
274.5818520805782 595.3295943438098 10.0 0.8173636621210377 0.060544092943232396
187.80440631974744 789.1692033955616 10.0 1.5075420091419154 3.7350578491241673
281.12371386899673 545.2046395565261 10.0 2.407294095158227 2.1775749818330814
195.8649950002455 179.18916080022163 10.0 1.0226434127866777 3.8047412621558183
137.45424230713365 420.0916105421475 10.0 2.98041022800724 5.64625874689716
291.5430420492556 42.334911096757466 10.0 0.3602812442860853 5.108975753303936
274.90078900481984 809.4902124090881 10.0 0.3850749930755735 3.2462284424509504
71.40743073752614 2.406444334928537 10.0 2.3391582098574832 2.723305905526278
153.96717574989577 907.2942572406606 10.0 0.49330483754966015 0.48536702359951395
134.2777400192899 773.071937494824 10.0 1.4292271606349853 0.4202751960217018
314.12743199069314 912.32056516157 10.0 2.7794119184765527 5.68512024394136
434.25585535097395 816.4839076840917 10.0 0.12509401647562746 1.1767760363693234
229.80236266424936 383.4887577320709 10.0 2.060859690006979 3.3427345208209416
104.97951689905699 614.7491404316498 10.0 0.9906760876852699 4.139841243676855
333.8471367083552 428.5581459977139 10.0 1.013990938265176 4.650043856897038
178.9259628788804 558.1591411608359 10.0 0.7964025099599263 2.1849367728418496
194.87794689714767 855.328023556025 10.0 0.5883530165048736 0.4422585164074377
250.59370841958 704.086818568954 10.0 1.3892690556045346 0.9043480631046491
459.7659276130582 664.2076638255919 10.0 2.2021863121480822 1.562566077680783
257.3905841693338 910.4562597548814 10.0 2.455974739994752 6.035830633723784
297.6264370741832 511.0619668004529 10.0 2.9799687396345407 1.3407761296192977
177.05627992705763 97.69113445834753 10.0 1.8150286698498976 3.3107103568628187
206.63182729995106 19.23958346648247 10.0 0.6358222043941222 4.3311130049409385
65.44739458016552 643.0486553077673 10.0 1.3847768298082206 0.2537149577855043
169.97579715828255 69.6890533807385 10.0 0.25924758108049084 3.131280570994434
483.5131445022676 161.24483260591683 10.0 2.051736453817097 6.258871430865135
272.31752255763433 448.06988044801165 10.0 0.3370873156871768 0.3040114668600514
487.2898993284876 175.27764507653575 10.0 2.8649471087263705 4.765783861672343
13.033640500670241 477.76425375889585 10.0 2.1044594106677614 4.347114564583108
479.7426488334971 431.3540960691351 10.0 1.9178930543448292 4.347336802525933
177.60615067779074 517.696047950978 10.0 2.2798036421187784 5.627047353110257
348.2814692471124 861.8275754794219 10.0 0.2065397449879366 5.763244330114059
253.4745609117145 453.86310053010726 10.0 2.281208942228884 2.5936955448620624
436.7812156671291 450.05175765294234 10.0 1.1126490499044943 0.0648235808115846
1.6801426909563988 563.4892441511516 10.0 1.8331436576066475 5.651571059594528
25.932490277790155 501.0571351543861 10.0 2.0885274283260022 1.309824796521184
420.63059702636497 380.7020838446206 10.0 2.2067776445909564 4.182107400090393
120.75203480246599 71.95672414395915 10.0 1.0375027584903018 5.919617101454249
463.3132613641735 442.64293013333565 10.0 1.1401837063826972 3.163046280165839
469.0806751300378 565.9868847810749 10.0 2.970708341010956 4.75967614125502
494.28480388714996 44.915228202816124 10.0 3.110810748833226 4.923851971584288
359.8969553676931 744.089665736901 10.0 0.7397842772827637 5.949117547188697
97.76577808117004 385.2774395841462 10.0 0.3029796575160517 1.6424419378681914
375.27450357794675 657.9430409191076 10.0 1.8198729744877566 2.8430722199145944
473.1679429206039 724.4869474809875 10.0 2.9206650319446514 1.7770235827328098
394.81145644240206 258.34490359796604 10.0 1.1150913142449768 5.414872120070606
279.3826805716484 443.20106885937594 10.0 0.36088630316925063 2.100288604475835
276.35975786735696 682.8575660167586 10.0 1.605986890298511 3.508394728202359
414.1583536370606 123.84126014422536 10.0 2.5838066147396885 0.7863847399044166
261.8827817083502 476.61857752158363 10.0 0.08991897240952593 2.178686479261493
339.89510147948715 36.32729254517297 10.0 0.7833617718912708 4.058618123811416
282.2691718598481 250.22442302899884 10.0 0.5639654683563244 0.7328052855955387
192.18484686632954 656.5869995679536 10.0 1.4069063150384646 5.609382312031057
459.9311226444583 528.593116032266 10.0 2.3464261183305957 2.281924767891539
32.42483738469654 96.74827587638468 10.0 2.4728304720909042 1.2560080567532832
233.01524979290323 794.7121511070919 10.0 1.9245766298354934 3.9564607205046456
230.8328318708009 575.919488854697 10.0 1.8319843129045084 2.3360647884562615
150.0540402558498 982.1778822716913 10.0 1.1778399689414616 1.1881841831110014
91.19196945499763 310.4644977475549 10.0 2.140438818277568 0.35006824761670763
8.88621367805148 920.4326655021973 10.0 2.844564277666504 3.334972244790451
453.6535096979182 452.6784491780792 10.0 0.08766051338449901 0.2931633271088116
138.67390554480608 486.60609252856733 10.0 0.018739427563104188 2.9459751687088653
136.92562670521946 956.7708940985058 10.0 1.6166473546250908 2.9271054890728103
248.8450011058924 467.8663040347201 10.0 1.805900788355076 5.898592013426624
206.17618865137072 501.0620596976673 10.0 1.9854174892545449 0.027036157352252628
393.7885338122803 388.18802976301737 10.0 2.964382112193268 5.01477465289197
177.97791049096458 845.298977782121 10.0 2.2515295114825347 4.226043222353438
227.13148109606746 803.4431275799906 10.0 0.9222227871542992 1.2464583599680066
398.6237554086199 251.9973106056931 10.0 2.5998197503124905 4.704406158800822
344.42491220713185 818.7203956632945 10.0 0.9826146679711685 2.1615295488531516
457.1408871042863 850.7154043009078 10.0 1.6835372215565234 5.435003197831787
138.06772780469356 831.7804075150466 10.0 1.5816546990290932 4.430755315999002
119.3312310042432 74.16665675623102 10.0 0.5185242088334341 2.6742581960542515
213.29605405069523 756.5520322028251 10.0 2.5130497090636195 0.0028304507569740576
394.16672670247385 545.07663323505 10.0 0.8307144445723321 5.0030304214382255
39.06643777093738 230.57654599567823 10.0 1.280001217846997 3.2431873306270877
468.86750481135357 42.69084521696398 10.0 1.10898805984948 6.013900805518716
132.6609911125531 560.3058711365468 10.0 0.06856548608060511 3.6352383486306095
373.99098484465435 427.8399610334346 10.0 0.6840055328459538 3.5244793124377907
201.84250932918073 408.1610192818037 10.0 2.639883192019766 1.540925599896566
364.86014593825615 655.468058304567 10.0 0.9478928870063561 3.6875203416641567
293.38788521106187 475.2570443813199 10.0 0.0736288066517103 3.3449106434328617
130.65897820743928 253.5307836066185 10.0 3.0398275557433205 0.20491394865558452
121.82769105452024 683.7007538931078 10.0 1.6290942277497793 4.67398115844467
67.52335537027653 897.1692156415179 10.0 2.107970258591171 2.1048244196108103
377.22027031450233 612.3673713472463 10.0 1.271310406436975 4.520418466377037
476.95531035896767 957.065962061869 10.0 1.0347374182371203 2.8996699911976296
435.7883700221165 190.06257051649288 10.0 0.531270901766015 0.42108457257777837
175.88904768089142 150.88962149884733 10.0 1.3243587100912324 5.4249210120323665
22.24639161524078 899.9759326472524 10.0 1.809605273265073 4.3793825262768875
129.73652151431676 676.7337609668513 10.0 1.893695931204714 4.601188906140725
497.6465185068446 999.3321203484398 10.0 0.11578387891835554 1.4075136065091562
344.74106603745025 457.45689036960624 10.0 2.735176535237393 1.5788767255326155
71.57171235741721 508.1461399668724 10.0 2.020334148845107 0.33192730611831267
380.96683619524526 374.82959173216454 10.0 1.7813156285735703 4.91494086974949
362.50375069447176 970.9888295845356 10.0 0.851979418125872 1.350017092280818
472.2524969738762 622.3949198050486 10.0 2.3600336376823132 1.1348462605712764
355.1944952859031 245.668802905327 10.0 1.319831870825712 1.7066223012844568
364.45705722304484 555.948492435301 10.0 2.2914831224701473 4.267304996961719
428.86843352500813 822.7372171346204 10.0 2.172197611095435 5.350059727875025
108.32612590853901 670.5444097024325 10.0 2.435944357902702 0.20047196390194488
255.08459655226972 429.72154296519074 10.0 0.22699471275701408 3.9982045388057137
168.3066097697898 582.9334127634506 10.0 1.0311139207849809 5.402926316696648
489.0860714603576 923.9945036071662 10.0 1.354363282691828 5.430087555119172
333.6380371325911 148.3393096462481 10.0 0.6327717802593754 2.451040808006371
303.4652373844781 728.1845770423848 10.0 2.7862987948717803 4.176897827925249
43.04864233572675 90.48008638611837 10.0 1.8511331607992882 0.18040087204422112
437.9726708783359 312.03429549604846 10.0 3.0197236298634285 4.985374260583058
359.38428003766916 773.7398276022235 10.0 2.8428881762354936 2.8940224634775658
64.29809252170793 474.6125053380504 10.0 2.117030134788716 3.6522563929428906
455.49832993912725 996.3979021616831 10.0 2.313181412004196 1.3565491294745151
389.65129643460244 430.78679905513053 10.0 3.117418042515111 1.0452580216146556
97.73072451754273 933.8214113682426 10.0 1.4255884521160673 5.626623382427374
47.971296808263176 955.8625879800381 10.0 0.925004396762129 2.0331219372970564
238.30422678169973 610.5272733668002 10.0 0.8035464886082377 3.120350965459727
452.59174861199 92.29491566014502 10.0 2.373750350408578 2.883589497276655
452.9660198620312 530.0202466745568 10.0 2.1584615233245388 3.3297229111104483
409.19077600319775 172.37911547324381 10.0 2.5741279473748473 3.674845944136355
85.20282857704447 341.3130057597471 10.0 2.8739689063660294 5.465022917493182
412.85338853426543 160.8269711665149 10.0 0.5114781846824742 2.155384401854642
83.35766086848135 671.0347429420694 10.0 0.9355509571178717 3.32119499803754
178.07453300192034 571.1341188479499 10.0 2.562929092596124 2.4562559172911302
141.97619925583004 500.0341338642903 10.0 0.10578363887507318 5.008869791865996
75.5310020109014 459.64543106260203 10.0 1.0842490311146873 4.515427983850596
383.711179797255 713.383490986431 10.0 2.8892883283858923 2.779242065960061
274.4501688665521 251.2242332416572 10.0 0.8264131723462458 4.476626495798173
443.11268067414176 702.6897858898168 10.0 1.608010161086435 5.67198222822446
14.403900253245839 400.4319217933475 10.0 0.22264651972799954 0.19671497121695652
438.63251260000254 149.61928288601234 10.0 0.683994085458791 4.241928704030608
55.35550082929558 142.12394588240497 10.0 1.876517456133847 3.8496549653886403
444.1708902159698 369.5415466743093 10.0 0.3396673237130691 2.0848924300365566
479.7880747228641 835.3686253095316 10.0 1.7033460655129815 2.3540251376007406
196.49342393672137 844.1995590922066 10.0 1.5163361553181836 5.409469314313634
145.74225864236305 654.5949677032607 10.0 1.2103704726453113 2.70062620169468
399.84663748609637 822.3118492635872 10.0 1.4908148033150366 1.7026333650328367
214.59148434315057 631.8757115665237 10.0 0.22191771161216053 5.517779349557033
114.10006921269688 117.01299220941364 10.0 0.7209853976437905 4.089973881619952
302.3829896596256 304.2519297536528 10.0 0.3978556838875692 3.110137557450993
337.74312889712246 479.03877510642326 10.0 1.3957819022172828 0.8011978693487222
428.5725086018214 470.0052485567792 10.0 0.41351651845770093 5.529845740339429
22.064771866421584 174.56230430225727 10.0 0.9416364723675252 2.5806882710224377
60.981019913079415 807.7842926488393 10.0 2.1537942861033925 5.561901619217849
377.8442180067636 646.5870020952151 10.0 0.2307896971834737 5.462589243996728
180.80144360971028 362.49116519298906 10.0 0.9356266123263748 2.421479530082463
460.8807588634615 388.8033996864214 10.0 3.0399663634611414 2.0599531052588427
416.4835643163887 151.83456591505916 10.0 2.673506006595674 4.46985032407091
147.6907872870929 410.8150718155662 10.0 2.942871912866119 0.1590852307126743
420.32522365508925 397.4556172191699 10.0 1.732323663516987 1.9413590581243259
237.70018594710723 923.6408206536846 10.0 1.729254147257632 2.697841540727822
286.5979673690514 134.53265096585264 10.0 1.6521002618277953 2.7756881219322116
43.260242699278415 124.39881954258247 10.0 0.556114126613029 5.30838913236081
435.03520806603467 203.77142087356737 10.0 1.4933308950754567 0.02575686612291504
453.81515834787564 209.07920575618832 10.0 0.06982831447983417 0.06070036879111578
8.511078086479717 879.6865684798694 10.0 0.1423683805579302 4.776188797420812
85.54922910723478 992.3111681495619 10.0 2.5410453316064636 0.7465887835683219
458.73808180961015 639.0810236899513 10.0 2.586630721327172 3.6179180873756334
252.84201144747286 763.0312051353555 10.0 0.41484084592073056 6.083926873475277
118.81170327664049 823.6293839156517 10.0 0.38844212447303567 2.8882017939078883
122.85933183689929 254.95812946688312 10.0 2.4374570912441498 1.0038525544048607
186.4299406083827 200.47143874259555 10.0 3.044277684687618 3.0136467892740537
39.60855709928618 860.7817113344267 10.0 1.6514988828590862 3.5067950064161204
166.61622484493182 674.7223833174559 10.0 2.9228309069325085 5.4752549880070776
128.78597672268018 468.9709311347089 10.0 0.8235611080466294 2.7811192604851156
447.7734152879506 657.805552116877 10.0 2.3049515336324222 5.688841880575
419.7445973539181 552.1080107138441 10.0 1.1669567525546434 0.27374268963937337
309.89737740200667 845.514432356886 10.0 2.4976339195829547 2.0631980781319132
345.91046531114154 385.6546340279503 10.0 2.379278365526625 2.5481178916901617
288.778017894708 409.70969184678296 10.0 0.2928975146991909 2.80368467576071
109.975485797635 526.0565632746384 10.0 3.109665682105412 4.831336135943255
445.01605578938154 857.5577793806626 10.0 0.12868603598057327 1.0333706446680717
25.195111694312764 927.0928155704006 10.0 1.180828726929696 5.722899743055061
211.68352704462023 62.2174061652635 10.0 0.8288288916927543 3.471961144141485
69.11879238308526 323.3757775904691 10.0 3.101049751009488 0.8607300077368522
119.45631271031448 218.8798479791071 10.0 1.4075077278452053 4.704809419811343
11.0814921484923 759.9085052025525 10.0 2.921305178732769 5.4417364792961935
323.0465652399139 730.069562826138 10.0 2.0940306227285594 1.7070359096741778
99.78421703860879 396.60519063025026 10.0 1.2337882944710317 6.268625108072093
477.76349058659747 274.11145865960054 10.0 2.6518554845877818 0.3453128389111712
422.2918709084822 966.6814986629685 10.0 0.8050286861389406 3.1760137143288243
140.03026012026172 560.6706130353642 10.0 0.851203974262914 4.849775721970338
170.77645030762218 517.8207022940735 10.0 0.9452027402470439 5.950013425870879
490.6854541136494 527.2712933604992 10.0 1.0231880417335768 1.668881641487071
178.33367914267285 315.02183501636773 10.0 0.9342591035167617 5.222674427202634
304.897030626656 980.7010870468916 10.0 2.5680682613135097 0.9563096106927576
210.20132747007958 34.03637875249066 10.0 1.61973019180342 0.2253478110042851
217.51691978862198 937.2065208491214 10.0 1.9075106520678302 5.731049591835065
121.70719241529898 624.2994736813325 10.0 1.3696864159555198 4.492990971052027
457.7045092538414 165.38649278645767 10.0 1.3154056253956383 0.234110155395169
119.27498929865438 470.2621167839979 10.0 2.1992429546104133 2.4477234387360047
351.64696064261113 685.6897096636753 10.0 3.1392456427105526 0.3105909046942931
485.81624644838564 730.0303428209876 10.0 1.833721973786109 1.0067401775137719
17.204633918920297 230.42232693068055 10.0 0.1253829239638458 2.8715395136165744
256.83623198886727 980.2178769158787 10.0 1.664047649590684 1.4880352209332002
299.309637748204 918.1720807531938 10.0 1.6212223372587968 6.069640873957955
458.5821960743491 545.9185132274919 10.0 1.6450891540788677 1.401521185219293
119.94576415980745 646.555325101319 10.0 1.1243160021819811 3.2166052831017544
144.56193822974177 144.70404578415085 10.0 1.0969520280571083 5.3370397681875055
41.537702623003824 957.1928390451509 10.0 1.9204343989497048 5.837372130092193
91.76086778480308 723.5547733718274 10.0 0.021880647746027368 0.5988085991380233
467.5779893015999 376.8210927357308 10.0 1.5681925420982576 2.0305904901180543
142.88568254724476 617.6279649655196 10.0 2.6180111397362786 5.603095961192816
29.319463661391985 488.44488941457007 10.0 0.13602654779060971 2.9198646445606813
305.96275547002125 409.77128524391617 10.0 0.3238780670630682 5.317002382058834
332.3616025138281 236.43782606088791 10.0 0.49334136949561214 4.825410392701115
347.6194177882545 119.68685724933637 10.0 0.47756403733982267 4.277252840719874
361.9587905174945 219.49675079010612 10.0 1.1589754686747327 4.232645078569808
241.37623210634618 601.6526264568726 10.0 0.9553749108457203 2.04210011032393
470.8785805711052 975.3564286447498 10.0 1.8450822837509402 3.1431026494123295
457.27832097615226 279.7069491838856 10.0 0.4358756211052845 5.376314755132856
498.6382080105791 511.170750353486 10.0 1.7792220858811814 0.5125254319920237
204.19399718367342 599.2029727462292 10.0 2.773632277151526 4.544477711151577
195.94730401046579 583.466732952355 10.0 3.0887816784118285 4.7508967194338005
361.1087277575225 823.6387377429375 10.0 3.0267352312034452 6.021400192946355
253.1851279816575 481.57743077708716 10.0 0.9013126745675765 3.299004640796515
458.742562432625 55.669592227491684 10.0 0.01624584180780287 1.870997005609063
356.74030534384383 318.46016218275486 10.0 2.290036323643143 2.796120039678468
197.81921876989554 611.2087661910141 10.0 2.5412904679567143 2.6599599558540246
322.0412302771617 82.80622265371385 10.0 0.7402325673653272 3.596745413995976
115.31489133541089 125.52267376376325 10.0 0.3005159647564445 4.732775969431625
477.1052800189809 956.3483928025371 10.0 0.10204174280130454 0.15986902129758648
135.01484675466318 20.227290749179616 10.0 0.16131914065293743 3.006475541125043
95.43493698034288 650.2723746679935 10.0 0.5682293680396707 6.157168723491623
363.7061588927661 210.09121377195694 10.0 3.0089873653729913 4.934656975611321
302.0890136767663 764.6385169648363 10.0 1.3725329697798023 4.186442516460496
119.33440383232814 178.55254586651327 10.0 1.3968108445399197 2.861132721753921
1.7569910662610377 424.720119157649 10.0 0.2913852903650433 4.290681233881448
302.45268752631796 800.8552073367564 10.0 0.4638072269968755 1.7844114061874536
2.6646764651344634 698.1642950319003 10.0 2.2331309098186867 1.2133161374964423
347.2909561827959 543.711064204878 10.0 2.5402447354963424 0.06310290177039854
135.13926986552755 546.8820954163909 10.0 2.8603635622307455 5.165277845673774
113.77389892890099 920.3943149956768 10.0 0.3191056145381474 4.375495411229558
288.66202619881426 317.57366956456656 10.0 1.9410029183775617 2.0078461145974704
206.81536673393697 330.1742077991808 10.0 2.2658818040577295 4.73772648608088
416.2365464894466 24.79505309017027 10.0 1.378162819870348 1.918963421911205
334.2175314572684 660.9924016981995 10.0 1.6271563168269567 0.3185763731345029
179.90088171808804 930.4726376361938 10.0 0.20292931116620927 4.172658687045342
439.5030032988045 284.2911711634434 10.0 2.2457536748124616 4.996894189494519
36.21156056971525 173.77172390808192 10.0 2.741157878532698 2.541733624604867
471.00782131868726 320.89870044761994 10.0 1.5473374010483503 0.8775762756303469
185.52766155559453 455.2252356018931 10.0 0.40212793663306234 0.325028085161455
273.5636060844762 306.8779422526227 10.0 1.4947383393605809 4.331554327316158
433.92308166300654 29.02904801243611 10.0 1.4196292569755617 5.571376432607152
214.09695675051117 638.2449077216132 10.0 2.8527622298336155 2.2890036015379005
141.5550586916911 507.4099119945361 10.0 1.4490766310004257 3.7759065523090345
277.47419908852 423.46282477720996 10.0 1.7234820664788983 1.8910476180182536
56.317162760820494 230.97255372231996 10.0 2.33794903737274 1.1429056716362846
493.9195854006035 622.6186949592562 10.0 1.8142280606939012 4.636244060284859
456.60481042018216 208.93193837025626 10.0 1.8182802600849703 0.6024203422977977
184.335190669407 602.1878587689351 10.0 0.13722256416227968 0.47227119172958154
152.02148332176702 883.1370620940025 10.0 0.17744130117056886 0.5332233764331967
134.8504307879654 484.29352435579773 10.0 2.0145759155083214 3.455810604850152
15.85367880841293 219.79241689698537 10.0 1.6338126681667868 0.9014273119360654
436.929570158612 919.3668919062153 10.0 2.6672359051335857 1.3779661375389465
348.14285260679424 882.7836045194769 10.0 1.4957139676853395 3.094821081703859
354.3650811735028 161.11459760182146 10.0 2.257182818801504 1.1994387501017114
493.18241450902053 492.51311727622425 10.0 1.2328402733883952 3.8701704363867053
203.4852489431772 572.6994894860658 10.0 2.657036363168128 1.8520940577916547
260.26780998742817 224.15257571487734 10.0 0.127071478352601 4.2510802786728235
357.9038800604188 943.0410046220298 10.0 0.9800874857463843 3.9945112331630956
321.5280280235978 249.2178955066897 10.0 0.9195135514857585 5.519324686920466
114.1404826888035 242.1414504522703 10.0 1.9723491965892581 4.517077921785553
385.6663781063787 774.3731891540004 10.0 1.68258508035116 3.7124644040842996
279.43890714835885 694.3443628862893 10.0 3.038582261264579 0.5612176301241234
71.43900706511187 681.3702400044183 10.0 0.33843197699823085 1.894548356673986
468.11251253920966 298.4313408839484 10.0 0.7074281067140661 4.255390510487968
29.69889810999521 22.029152990541533 10.0 1.3312439558789635 4.488827631004503
217.7441875770491 173.46343320287681 10.0 2.1527337781178 1.8262662519213355
487.8337966687515 872.1670270357159 10.0 2.1800703022277363 3.514502242801572
161.56919059847218 359.27338022064214 10.0 1.0408119952289725 5.942564392965568
15.426002831926688 298.38051431498303 10.0 1.2559854750871386 5.8394301657722325
118.36890966730368 950.5151217758615 10.0 0.28088910239795367 6.144663325572961
434.9622850061746 441.588597221662 10.0 2.9394074452508194 1.3350754709872623
86.20386164253586 693.1765386628947 10.0 1.6785753461510085 0.7749914188809602
426.42180615908285 971.241977219939 10.0 0.24036216939129154 5.868626549169744
251.31381134687925 422.4618312737168 10.0 2.658110785261794 0.08530275773156688
499.5705370470225 414.10505625661864 10.0 0.5728872364123414 0.47874694096693865
248.5133185206717 970.9499128035436 10.0 0.1638323186591299 4.865071402121225
132.79000683138216 111.5171507815721 10.0 0.9389402832067406 4.34244511553414
34.41073153589019 425.9347660283924 10.0 2.6367079727243947 4.205144862644177
2.2685711767377326 809.0387625878436 10.0 1.7749521541643256 5.490153601664225
359.7788424227526 864.8542975333429 10.0 1.481697732460187 6.1656690802043315
350.3834021388953 132.389419861079 10.0 1.844704302832204 2.584469373596095
452.4052184583639 947.7137948618738 10.0 1.881955622755394 3.5907578319862075
167.10126445235935 453.58326282652763 10.0 2.1706126117701627 4.241756061987752
146.7504434963458 995.4101553865908 10.0 3.1145749940601037 5.077844366419742
483.2262415469705 901.1686862176036 10.0 0.6570084119651363 3.592612792301273
321.74233271567755 432.86341705481425 10.0 1.5203548419762598 5.0698567879304735
199.3224274744914 518.4781608001944 10.0 0.6851073929473587 3.8966753843550412
133.03419378020413 725.8615735448295 10.0 2.1008649325327355 1.0870044061060449
499.1399157129484 823.794657935412 10.0 1.1960905012915748 2.9520075796302936
151.0554849343938 190.52497301826833 10.0 0.36874777504583534 4.3229483048364665
21.371948292604582 276.34061315045886 10.0 2.537563327645013 2.6897747038424393
141.18262637712343 304.29672258867856 10.0 0.5351493554950525 3.967290359433808
88.57164934363082 401.99621777875313 10.0 0.3022050707815913 5.101529218640816
347.3585054288812 397.3651369214325 10.0 1.8150842863899541 4.2667466746042555
417.05612827825223 582.6526840663431 10.0 3.00467138024039 1.199541883836284
265.488390855971 853.4244966228356 10.0 1.6558693063757193 3.5807553855367966
356.6263953338896 763.1071312447234 10.0 0.27246819745537826 5.263694423177137
17.94077079007489 198.6806540224877 10.0 2.64730252766154 6.169549648712093
333.93104232813664 579.4052669583048 10.0 0.6490659127769869 5.986883263898278
65.48090038727538 708.0072677190195 10.0 1.2328855755537222 1.9438914432680938
298.3017923506738 662.5379676542675 10.0 1.282321863988723 3.011378847206876
117.96545073031307 407.159345054287 10.0 3.100232333224352 1.7729048708833075
93.88917299147586 121.39816329104758 10.0 0.7424988831516149 3.609681375931254
230.126175503342 599.950089952984 10.0 0.958459840114405 3.888945046262419
306.926301346414 458.90424173189547 10.0 0.49515335454265436 0.3474649780047644
193.77090871186192 299.29734041198486 10.0 1.9922049677034952 0.9770868920708715
261.9490167731568 425.19622171756424 10.0 1.0298264782285083 2.402486689700113
462.72982115296094 191.0460028583102 10.0 1.4301556321673943 0.8775448600492577
465.8004055178268 561.8108427293404 10.0 2.572460968650811 0.005383247065586409
471.8752526338382 9.472521790866217 10.0 0.5133141509328303 3.9841972987084886
423.24789730596314 440.74203670331246 10.0 2.245310901284504 0.6496769254101221
336.5430886219325 453.3777099684653 10.0 1.4291960592590547 1.3737118049723345
373.0410115458573 852.2927734448989 10.0 2.314655940536912 0.8289532838360855
43.68391264295052 21.674327736567744 10.0 0.528162706513131 2.7218913332476125
118.23791461136312 445.6247223527854 10.0 0.9697342666875948 3.674194005967833
371.0720409458616 397.3753716768008 10.0 1.9234824884384152 4.103698637349971
249.6289142810212 575.9119830716185 10.0 0.6935588302980906 5.939490125056295
395.90045840960516 258.8896474362102 10.0 2.10548215249073 2.1229506587287217
186.0849522177601 362.0048880983466 10.0 0.9566417799664254 5.018859857616327
79.08996710154392 647.5306986790106 10.0 0.6581075102960968 5.308842639230449
80.65938075349938 208.51055464465108 10.0 2.440310315354606 2.8494683083071575
36.64048078073356 270.1451976312117 10.0 1.845422333372308 1.570443581275778
266.2708725213668 296.1959876146828 10.0 0.5162127010145284 3.9769005466685283
234.35276558016977 365.76744285559226 10.0 0.8953060315986586 5.43391349121589
39.7959317390823 794.6202396371917 10.0 3.0426793971350694 0.34574788417114555
467.24858623811497 15.20583875940018 10.0 3.0000860130207005 2.481918034579124
208.3988147080263 800.9019142990048 10.0 1.509852450447854 6.064604062632499
110.0175394862165 22.467846010059024 10.0 1.3171226871265604 5.826178133518356
446.92719794638367 258.52798952771684 10.0 1.2800825497112283 5.903433181102615
249.81856749212855 746.9294636257742 10.0 1.2589912034607924 1.191922408379098
140.20161386243097 360.1106719536433 10.0 0.6855979935301475 3.294519047325559
437.764332381513 515.1556350587693 10.0 0.07751798868147014 4.869961559098518
9.026869451774665 187.99793882393556 10.0 1.1680009390555703 3.320624507147031
420.41664962809796 491.2778700060472 10.0 1.177334797425603 1.6903733636247176
443.7533673417724 596.6445900576151 10.0 2.6242446481318877 0.22264071031004054
337.62091919279914 134.83504958231086 10.0 2.008338993918706 2.981479393054234
94.21681661313625 590.6496085754582 10.0 1.7409968816110994 2.830694336021507
498.0078900363243 624.9840716683879 10.0 1.985998910513138 1.0928820944217432
389.88405528156346 702.366480130135 10.0 2.459915368644387 0.9465809261382927
468.49075276561973 879.9862370145684 10.0 2.2756168224581317 0.7559812841656144
289.033371286557 122.99226331995384 10.0 1.377868619121328 3.470862784917318
339.08569114761406 50.8757572407178 10.0 1.4779870700834457 1.2501122284481052
180.79740522343857 591.0422323749683 10.0 2.7777218342197334 4.1786137684685585
149.38409959216358 618.216814303798 10.0 1.4640625741283229 5.975166363570267
488.8966305102367 292.11565243079826 10.0 2.5317760238393214 2.7955545690369843
88.00446695249525 470.85502358343325 10.0 0.692530398678432 5.655466601264368
150.89174381990173 273.8596514399545 10.0 0.2858685747264339 3.2520038742753177
201.35218962440538 595.5698717171894 10.0 0.25348302895925084 2.350983073323857
271.7829428430782 130.03688999705088 10.0 2.728170082301519 0.5274663009766184
473.0153552707034 256.5343464146489 10.0 1.5428825090902898 4.7926947622816005
375.7841448151164 957.6034791376304 10.0 0.38166312571753197 0.4853931178144087
260.12457761293507 793.4878748965344 10.0 0.390653099269487 2.527924935499395
305.1005810832573 840.7035998956303 10.0 1.675656858309844 5.571117835705462
198.0051583101616 417.52885524319026 10.0 2.100190991348835 3.330495340332192
439.5374895968375 365.48665628102304 10.0 1.4919690338609102 1.3477302903656263
309.4495557839926 633.4332027724782 10.0 0.9610716123311586 6.273041522154211
35.76840392638497 919.6534825178834 10.0 0.9278505884715599 5.548185364704099
179.9383438773914 167.40480085062427 10.0 0.529021347440213 4.34111410302825
110.09083147496501 780.6379204921573 10.0 1.0243803800299152 4.1317040108321486
185.13779294335185 529.1646433345225 10.0 0.956174032382941 5.2253352080397635
413.49775615771364 246.32978906048376 10.0 0.8086049609016223 2.5271739681646483
382.00217801987077 587.284282377553 10.0 2.9621430123776062 3.950010527078512
172.89280664169166 312.24561332340795 10.0 2.508765080180179 0.8436432118534797
299.80898021492607 786.6703762479978 10.0 0.2820205114232971 5.930208278904658
397.2774471909012 649.053396284658 10.0 2.4546044685356003 4.991686047409505
492.45501517737006 887.1062563659153 10.0 2.3278554649786343 5.841371917040885
172.73817749491778 884.3576743399555 10.0 0.3672326004430376 5.017848609820991
338.3417181073832 351.7569431291119 10.0 0.7802562275594626 5.1855152785791345
495.0618712832719 442.650922950192 10.0 0.8381486384255119 4.321619379396627
199.17764525942872 764.5437308997446 10.0 1.9572817643028824 2.212399446536919
313.80749714906574 447.3379637243765 10.0 0.4319896394928698 2.782797262639253
174.0263953143224 905.2946897658063 10.0 2.5489540240398587 2.5222225694590996
86.6621986470545 438.73913379338 10.0 1.7568522103716049 1.7607412208977045
309.9278876387778 361.57731620773916 10.0 0.7194228574387581 5.999368845560388
267.9099435620659 911.9788463481427 10.0 2.383657284875719 6.250001891171769
255.42136099652413 806.1194046129426 10.0 0.2757295699091449 2.695785255729417
279.84080509466463 928.6656384994943 10.0 1.5292042156021568 1.047636206850869
468.2981079604525 318.7248560561624 10.0 0.9450320954099068 5.5701649237231345
140.92917054161242 306.2699702548047 10.0 2.229512634595973 5.022001310700085
213.91202919311675 381.5900716054319 10.0 0.0034800500650407577 5.046647458148684
49.608705524740174 139.10587821919728 10.0 0.08182096555860145 1.267547934576366
215.37614577962333 426.92760931865024 10.0 3.010991234202138 2.1045174627464545
347.4724624780422 654.8232321042784 10.0 0.6844886684144055 1.1734511089299007
441.9732990665586 65.80313217007749 10.0 1.3508756725029034 1.7210169030063682
410.726173788155 660.3161537597343 10.0 1.8752994503272897 5.633076705976686
147.10906070698866 377.092199411963 10.0 0.7223574602074309 0.8566387915622923
143.7227941977744 80.95427975552228 10.0 0.17617279752040318 5.183197195031834
392.13495198001954 885.4626827414261 10.0 0.16547550078950501 0.45987508022596585
373.4064781534959 347.0431648374861 10.0 3.0978743751958953 5.353028884240503
417.37023722882236 107.28939703070772 10.0 1.0540250078271973 3.4241516775366883
68.4941796422116 631.4197994789669 10.0 1.4693779354155552 2.242114346876888
346.65023774870895 793.4072261798159 10.0 0.6138925985943744 5.982778041055995
432.22278825135646 192.08965060994754 10.0 1.2551950772244491 4.562864854397268
336.7294868485172 247.60865584684333 10.0 0.7077596681545661 4.164902387634059
42.490149184620186 323.8115340224298 10.0 1.481082627463711 5.175635083672902
407.86760908695624 349.7924481004012 10.0 0.5806943041773603 0.8071525660829875
338.2180560570624 672.5363326528088 10.0 0.4526842279639128 1.4937423959565663
316.92633753942874 162.66915368260982 10.0 2.736811157764888 0.1864349609431659
375.765180496345 916.6062045160725 10.0 0.13972217736894743 2.343817416344993
459.3055036682059 250.93035338927848 10.0 2.2123143358686668 4.04290352836419
404.2182397155679 68.62006352459137 10.0 1.3749042922315942 4.419972790458012
