1000 1000 10 10.0
500
970.1587810009145 421.7621823744755  10.0
582.6403930696908 789.6149512978516  10.0
610.4938091258349 128.29865294297605  10.0
41.27633539173192 379.8690847193812  10.0
154.67951966325822 118.4919245571856  10.0
623.0291748803437 794.7436578296679  10.0
844.4970630714231 250.6277249689719  10.0
576.5255688862193 896.2879636116135  10.0
336.26287224441165 62.726749709820396  10.0
696.8574317410462 413.8266089727443  10.0
971.7462932544831 455.67212070921283  10.0
47.69119505846919 52.2355716039814  10.0
520.9967423956266 15.215631072315382  10.0
295.4383397897937 744.117030120924  10.0
415.9098503321025 153.06913727145422  10.0
905.2738995766848 726.5678380279141  10.0
525.588289019376 131.07635610470493  10.0
746.6408393059323 897.6500963837633  10.0
338.02991461135355 947.4997623691709  10.0
234.9795014188577 213.33663785003932  10.0
7.4020543845911835 10.745580454960546  10.0
996.7737881460703 722.6182484811358  10.0
102.1378122213995 503.3899843195686  10.0
186.6061321715653 206.62328708275257  10.0
46.31642196365293 348.1577508540611  10.0
7.765609690962849 287.01476027996375  10.0
185.26620757633728 727.5441340657416  10.0
692.05529482426 299.59365270252016  10.0
126.05567314907296 180.0596301200884  10.0
179.79550212386198 190.95164761097004  10.0
504.5145714314313 398.61668879360934  10.0
7.622490762576595 189.18036507942438  10.0
612.6530232856187 990.3658945797296  10.0
459.53259251049883 24.058011728634867  10.0
383.8241934502251 622.3287171198176  10.0
865.7239418544973 27.79893594894012  10.0
77.70145169039877 173.46284256278443  10.0
44.13937817267022 534.3652423283788  10.0
633.118758605572 741.3350750462713  10.0
271.2156104229679 613.5036946125458  10.0
64.04829469253248 610.3658854437355  10.0
841.1953694390189 325.0854491556385  10.0
462.46704690471785 578.6489126370936  10.0
227.46073852499694 359.9900250231901  10.0
141.58994697834214 361.6374352028853  10.0
94.69752213414128 145.6889585249892  10.0
203.9237683108941 143.52942925032553  10.0
927.3021167814088 237.84886859628372  10.0
350.8229755498157 730.971180356084  10.0
837.293575055285 93.68747475197824  10.0
63.704846482395936 178.73928081796942  10.0
194.09559474993364 128.4801914690743  10.0
381.80774571312304 203.34917796103636  10.0
78.90448591700161 293.52922710356376  10.0
377.3535431812138 178.07794208513727  10.0
207.96057369921982 282.0710457729459  10.0
86.20091555899556 11.677969616048834  10.0
891.8923715856588 869.0118454530534  10.0
90.55350600419465 753.0970622234595  10.0
802.404284349099 821.0451844118238  10.0
170.0131144185889 335.8098585865632  10.0
802.9299896219827 275.61987384130435  10.0
438.2448705184796 477.9043029940306  10.0
866.475672391077 480.3898514606432  10.0
164.7477519747065 387.85584654798043  10.0
151.72821910760302 309.19265767949935  10.0
44.70017745703003 590.9618096337541  10.0
637.6055527933443 26.266342598615267  10.0
24.57777270090422 887.6961361121217  10.0
326.7777342359616 357.3291487168094  10.0
917.2156772624428 182.78546836423948  10.0
920.2887290444158 44.31056118827781  10.0
947.2158627240983 682.5947944833794  10.0
38.260889059300695 709.9356689820651  10.0
56.07480498660866 748.4514806767208  10.0
515.7649097030426 39.02970992964472  10.0
266.13508024538856 514.8245812694521  10.0
38.29056566563993 995.3230958663576  10.0
653.4397629128648 233.8159538067349  10.0
397.8542897718591 35.701455459153486  10.0
511.79561778039664 191.20828992355655  10.0
948.6316540001677 58.25957661091841  10.0
103.82773313787297 954.3546261478969  10.0
420.1042343816409 126.18171327330374  10.0
989.534317176541 658.4829113168163  10.0
106.06186345089041 846.3850630038447  10.0
298.8276202269734 15.528002335414293  10.0
589.4031334693088 650.0274723030736  10.0
471.7728766365499 738.3927528508798  10.0
585.527854787936 121.39388630872861  10.0
928.7139281366292 113.57890498997125  10.0
191.2179319917805 952.3407841672652  10.0
852.2012738480843 526.4176800484405  10.0
811.2531169048673 61.39162597585379  10.0
763.6137236717794 845.6683213496506  10.0
301.61138200706404 909.7401054628657  10.0
859.59257541677 708.043202627575  10.0
415.95365890779135 70.83272312701594  10.0
136.8831789130044 908.2558141730466  10.0
471.1953050978589 665.8654981001876  10.0
178.90517241477454 296.477923797062  10.0
258.31787494539617 364.4445931757325  10.0
103.3498162446742 812.6309041324605  10.0
616.1761126347312 267.8235705670715  10.0
577.3289326171904 545.725246141952  10.0
758.9069727006623 141.54514305931144  10.0
995.0766131428609 996.5015664204573  10.0
401.64898411284145 144.97876198745809  10.0
882.9316147121683 42.9152775196423  10.0
964.6317790450012 417.15935058699927  10.0
347.30460444424193 460.5461072276481  10.0
652.2967945970963 621.4970828266148  10.0
913.5614166588705 233.80318213521855  10.0
1.962768260982739 826.3415655115175  10.0
417.22953575774966 308.8345553643962  10.0
575.6499009370607 904.0483702159413  10.0
703.6621301390564 885.3403299982473  10.0
829.029014575694 968.1094953020121  10.0
768.2697198302558 822.0261252569513  10.0
833.0634514812086 236.0736858396961  10.0
626.6573618722413 239.22443777571857  10.0
446.76262383825036 105.39642346701628  10.0
642.4804185600462 942.2486407215522  10.0
743.568157588492 160.0237578943797  10.0
260.5596008362432 860.3350318915801  10.0
979.244904877044 287.42760105370957  10.0
93.77182051298749 298.56645339526233  10.0
155.75072228023222 78.97498330440655  10.0
94.46070392176576 433.9602853265314  10.0
283.4103659836736 210.92721761104184  10.0
104.58619740546426 151.94293149158955  10.0
772.8205423331455 559.0290183646704  10.0
423.56015275754146 15.72165582606666  10.0
998.2648343120446 386.5623020249381  10.0
158.69098903402124 888.6038217916588  10.0
966.0183948687683 63.90237713608848  10.0
30.386871923719028 488.10268244423935  10.0
193.77416361919296 427.02957953354303  10.0
992.7437800953979 940.7078213093104  10.0
361.52397060925557 63.112177523438675  10.0
499.87134126962786 227.4877199306261  10.0
29.579299145099156 523.1916576824618  10.0
499.2854489903169 263.23035606708544  10.0
736.0179574042343 705.164402207509  10.0
265.9240235216045 235.61754158266734  10.0
83.6946940492691 424.6688581005997  10.0
3.8179065401243717 745.9672237964385  10.0
6.05532013184884 497.1507175033276  10.0
737.1763556092754 239.36735910286544  10.0
261.34534701244763 491.29274648159213  10.0
388.6224290381661 189.5638670311407  10.0
346.4057115466824 682.1604035810069  10.0
99.540570765138 512.75410812663  10.0
444.0997608950458 631.827804311297  10.0
785.9750706202224 724.4769855612778  10.0
722.5175335178153 255.9133124610996  10.0
643.2447115845445 425.07883853289417  10.0
289.454174017035 196.36743628737196  10.0
813.4153009369123 801.7744260801583  10.0
372.2617843953847 814.0203997704201  10.0
711.9988403306115 969.1106186190389  10.0
841.0249392677945 138.81045149760618  10.0
573.7239284293033 134.67967801192714  10.0
22.11187667277825 671.2778733300987  10.0
621.9490525403171 773.2183212434675  10.0
859.5049763053703 15.824473073346446  10.0
892.2670586876601 219.76735293645578  10.0
872.9157320461795 944.401288494986  10.0
148.07509905063253 351.3562465319529  10.0
34.54062816125114 638.7023771317876  10.0
514.361708610314 316.71562642201513  10.0
640.4165392042752 539.6058493830099  10.0
425.6883044573384 594.8100461086499  10.0
487.6851827862445 444.51791024966127  10.0
235.31990779897615 15.522235749138801  10.0
185.67811637139087 236.43916395721786  10.0
364.68571378524103 759.6092685263408  10.0
226.58530889717 902.9871450756373  10.0
185.82706436966566 770.0900197867662  10.0
520.5714651025426 309.2726599450435  10.0
924.2169244144412 453.51246186558456  10.0
460.55667411053844 525.4415135420401  10.0
745.3112254499007 27.088303931426584  10.0
223.47850950773585 377.85796171159126  10.0
845.4196468000803 376.4715033546281  10.0
937.7049872723495 292.3190549314505  10.0
805.9591213000322 828.9965112513282  10.0
550.3693764359994 428.35450212670645  10.0
689.8805776900836 818.4809206163951  10.0
713.7485765079847 565.5797896221526  10.0
360.0356754834341 20.23607177811282  10.0
776.4095907760953 196.23443857462453  10.0
281.4772493987193 168.71895635079602  10.0
12.699050375133192 802.4519824278622  10.0
633.1627284623958 435.2969291317533  10.0
553.2530869189795 352.4714377186109  10.0
899.2579380293909 939.886312422031  10.0
89.55599718153529 636.9148710795722  10.0
236.2136793961742 697.7651262032908  10.0
317.17771601275524 184.4192417071917  10.0
819.015078137643 61.64879616790553  10.0
255.1721580917712 145.3247355236601  10.0
58.47996488140528 509.1572251884998  10.0
33.21914260461411 712.7865282803231  10.0
51.20884204470588 447.09030408972995  10.0
473.44523025055616 362.5900251451235  10.0
874.765937850299 556.4683342698261  10.0
810.4595495301885 436.11423823242166  10.0
372.8972477139732 86.08241789388794  10.0
190.9925641834167 365.30236743602495  10.0
889.0679834104335 417.3397272076822  10.0
173.6274991302219 144.16147290866778  10.0
1.3285667816437252 169.4765190524232  10.0
309.4651128678835 488.2290783604648  10.0
687.4945316991183 91.75216503677119  10.0
26.164930070730176 491.6063810606669  10.0
506.8528511393416 998.0250470310156  10.0
460.6566210645958 490.57396068325943  10.0
323.08300570181893 39.151643736005106  10.0
589.9177198029449 273.46830910123344  10.0
812.8084316163307 679.9380681220182  10.0
994.5646581706111 738.4123606909324  10.0
505.1699394245202 849.9132523845927  10.0
856.6061570176603 593.6573137094161  10.0
380.0396930690755 870.9812212373819  10.0
340.55947573373334 719.7066362728453  10.0
115.97062474448362 930.0498135187993  10.0
336.2312549413765 368.05742258423845  10.0
923.7026872309232 61.021453468297906  10.0
651.8169427128687 458.30871459623114  10.0
527.0244701752135 828.0713403792424  10.0
137.57343609337448 853.5497348476941  10.0
260.0142692314684 160.92684273438462  10.0
893.1720984167636 643.355571967993  10.0
438.16230321021885 82.90163258593586  10.0
665.939914231888 144.38187355533827  10.0
130.60160971101908 393.72652544847455  10.0
782.5491664242024 540.4639192362584  10.0
211.6519559435729 721.7583206024298  10.0
473.31649199522184 827.2896955505022  10.0
102.10792490191511 743.937287290153  10.0
246.1245917697633 1.1306778331932055  10.0
924.1782389719929 786.9023601512934  10.0
46.08082267229974 236.77786797801915  10.0
888.7107923143839 468.9627977611982  10.0
297.3791458638807 136.7451200301304  10.0
609.3136805293435 520.1636520207365  10.0
565.4325491346875 1.9652539463915764  10.0
695.209408488742 426.47187525272113  10.0
500.19556457377047 473.61913184664985  10.0
413.13626251815236 84.14854255545801  10.0
925.6973609139942 826.4015452909341  10.0
428.3367913731796 221.6620389686377  10.0
426.1578160880287 655.4417776584692  10.0
635.6504037291776 949.0359324255792  10.0
545.6605240177264 692.2613456971424  10.0
873.9535296580952 428.31451836843394  10.0
766.2080691106861 9.564453582425081  10.0
880.6672654514186 323.8677862196556  10.0
758.0866040925347 930.3219558723094  10.0
187.77895496634812 387.54702862792135  10.0
6.818210516172485 543.5227565293436  10.0
786.800965039738 261.2407779062066  10.0
812.5814516179895 847.1309969694129  10.0
297.31619766936535 338.17060944081146  10.0
830.8314093162662 188.20160187223823  10.0
62.23663108145605 314.3047529510432  10.0
776.9527450567267 850.7703847216143  10.0
62.62750141736906 882.5566195929721  10.0
653.1305388175791 354.0495303561184  10.0
795.9267888715358 874.9749134981904  10.0
872.2252127981703 266.6226340292044  10.0
293.61559405198955 41.92029639090122  10.0
951.289497713037 116.74853603117197  10.0
267.8720768929462 572.2633552476212  10.0
26.46703098734493 284.54587979746293  10.0
971.4679146726218 404.9270543326693  10.0
301.36356398307106 598.7458997279867  10.0
731.1428500670478 359.6365867661129  10.0
682.5834212184374 728.8638098341047  10.0
271.91959138234114 123.52780544299347  10.0
278.9753662423625 363.0538457665151  10.0
888.2976332176838 170.30526336147378  10.0
145.23375892010927 592.5769179565235  10.0
237.991470295834 759.9294682101157  10.0
635.8522413294102 885.7237671877668  10.0
34.85485385395215 269.3521180559393  10.0
2.0286261941467876 527.200982544861  10.0
199.85958952405934 238.607133810664  10.0
411.97183844624266 423.40075524354614  10.0
92.47400397985561 681.6046719662718  10.0
404.1626207455542 729.6395288683997  10.0
289.51216775010016 407.26375108636034  10.0
893.4715672821893 842.3652007849631  10.0
4.502592980580533 324.15877368158976  10.0
241.63976444760914 917.4958153428605  10.0
647.8504489568535 960.6440299267584  10.0
576.4786535714896 225.46725543909707  10.0
216.545004040698 722.4592444726554  10.0
498.2472263224361 334.23148202571195  10.0
171.88973369134254 731.1085064782574  10.0
547.016764597099 323.36076375234944  10.0
214.7096384957795 438.84392479280723  10.0
321.4338980068147 975.5773642541685  10.0
899.7166180513304 599.8741196562864  10.0
937.1456030120232 166.4426553555426  10.0
344.19042331981973 592.4573616513626  10.0
592.2499909691943 478.602931730153  10.0
380.8590166481808 532.8274882500713  10.0
367.489587952734 403.9041624601385  10.0
380.83922261214843 99.4403503632898  10.0
30.50402218427739 364.8509511922462  10.0
629.7247448624865 494.8173200532568  10.0
536.3120590688973 186.30021681908627  10.0
578.3850122193879 512.3016224100415  10.0
120.29312656314539 578.9430208656144  10.0
509.7655719225337 246.33200074876947  10.0
365.29102558642137 658.0429816797384  10.0
163.95647011484826 587.3778854647645  10.0
391.06339812141624 514.0628654025809  10.0
646.02230405529 276.46857791435764  10.0
362.1528289728316 376.22611873150345  10.0
504.5638193191726 959.2885445696834  10.0
839.3560119188922 965.7230022519303  10.0
213.70757827198383 376.0997764730577  10.0
110.32009149926458 222.18579772974135  10.0
417.1966877433359 551.2912434636478  10.0
526.3958958084122 705.221616015546  10.0
200.4825742384756 605.1446872603198  10.0
45.72996909080129 622.2047284236006  10.0
345.19363547329283 600.4446072017037  10.0
636.6786816756265 614.195452896146  10.0
990.0837659989415 657.850025802361  10.0
930.9790435065316 143.76557264659485  10.0
373.5401213279591 426.48419840480835  10.0
532.7127275591497 571.6752812220751  10.0
364.9559284536542 879.9875955268998  10.0
686.9512224183537 783.7599640435513  10.0
305.75083488130616 323.31841845883866  10.0
591.0717838706147 535.0498568127894  10.0
275.5479301413116 441.87472584096986  10.0
492.0847067584211 515.0591580166025  10.0
274.99283050412225 202.04986681211145  10.0
854.9153558744082 506.3451403366637  10.0
973.9272217528949 421.123654573094  10.0
309.43440135482183 907.8530087504322  10.0
612.1054715726112 864.4292696701755  10.0
788.1324176029964 325.22434034631254  10.0
359.36946997111943 799.0261558279358  10.0
251.68607409456 892.1630947337695  10.0
943.1738225650547 35.647379478386924  10.0
666.264761957816 480.1156558029244  10.0
633.5795515362647 624.479539212907  10.0
444.2782000491713 977.9363841635385  10.0
739.3113705338407 535.3718298311559  10.0
389.3667076046694 378.8736419520862  10.0
613.2001708679334 849.3607014644554  10.0
296.78823538629683 499.1258353433626  10.0
791.3084976072463 215.9346824745021  10.0
751.9567843119244 770.3804549644095  10.0
297.2642192859729 589.2539019480952  10.0
342.73913084267673 698.163973285545  10.0
331.8029063832427 546.5771369507486  10.0
455.21816949451977 258.4934281946589  10.0
537.247385029277 813.4389207081642  10.0
57.982509206921605 717.2359046834462  10.0
777.6283081110028 972.6576983455351  10.0
396.6038328882068 99.7449001965649  10.0
907.3769607523408 718.0457250267854  10.0
317.8148753810706 812.7576411000279  10.0
314.99759787411875 428.72983410172304  10.0
22.002648026964167 726.2008591057315  10.0
122.85336514886902 286.2818337814379  10.0
402.982799181552 359.46661722258233  10.0
800.1766255055378 634.3956761306981  10.0
775.6228819334344 684.8845544958214  10.0
603.6404073386996 789.6387067262948  10.0
714.7336853177164 460.52984934631434  10.0
698.3051813289914 51.84170232809138  10.0
932.7492695412562 935.1712166373316  10.0
31.480818117919583 233.9834299431167  10.0
609.0681526649461 230.0768072013154  10.0
33.0209254773155 633.9628270645563  10.0
350.52961487255874 695.5602354298204  10.0
997.7928308392777 4.4418830258269315  10.0
10.35021258741442 64.56260074779097  10.0
569.5429767399891 741.9812743428788  10.0
921.9478481958156 281.23108049792955  10.0
90.10474580470485 212.97957728817252  10.0
714.4317825175615 469.3680111616908  10.0
703.8712100652506 861.4661043985105  10.0
768.138892591454 623.7890688529035  10.0
14.683029969044803 502.586626230077  10.0
541.4474786781993 257.04272014424964  10.0
780.7573751720911 995.6599835016416  10.0
454.2024405137715 414.6074776767857  10.0
603.0106399676486 311.97292579338244  10.0
748.4360974944443 183.59766328055693  10.0
813.1046590921918 865.0193881128677  10.0
763.6713588550055 63.17190746531831  10.0
799.7717088628038 854.6797597734245  10.0
361.9450797586755 339.2531968567889  10.0
825.4515294256215 291.8742892581853  10.0
816.7911152949497 911.8334601419501  10.0
979.9987109269421 316.51430279791106  10.0
340.7740616219148 860.0488026955487  10.0
294.19647367978087 399.113843551496  10.0
567.7665181366709 398.3768981493012  10.0
193.03875894766153 25.213005271550458  10.0
729.0138139254062 776.721057671848  10.0
407.21953853063474 501.80417398325636  10.0
966.132035751848 107.80986484275023  10.0
180.99454487547618 596.2402954449948  10.0
209.53689001262865 67.25583833833649  10.0
115.5571726170106 820.6444912319728  10.0
317.40181647293474 904.7795780616491  10.0
269.2971370928747 308.6286798640935  10.0
718.0962611837775 229.52112224386357  10.0
199.78662688429228 396.1679291898207  10.0
628.155801715537 588.0233081708352  10.0
477.06591415760266 214.76687852369903  10.0
28.187894854500016 940.3866171442997  10.0
823.7758870970645 832.5931144910904  10.0
970.7181202234309 758.2587469741377  10.0
444.91272163888004 738.041561891957  10.0
466.83394946169034 617.7363785240254  10.0
298.45572781316434 750.2330896038962  10.0
152.58398485626134 840.9204819349992  10.0
27.84589697791684 762.2396912077749  10.0
171.44257843103426 951.7808179903681  10.0
28.27000399972668 75.36733360237046  10.0
225.75139157105383 455.1490620855245  10.0
650.930660395572 466.6171111737839  10.0
547.9005329613706 722.0743002122996  10.0
862.9602256912958 546.4837013454563  10.0
621.1139239739664 570.4386390910748  10.0
775.362239484837 410.54013567717095  10.0
840.0550849317783 466.6444850965137  10.0
327.34116516994163 65.79598792661501  10.0
943.070672520771 142.3496027964951  10.0
72.60768161860376 621.6058874194039  10.0
970.7412436196234 819.6397097297446  10.0
451.723057779713 774.9438124606941  10.0
709.5098623151362 168.69239588676965  10.0
154.27292297607687 691.14807993316  10.0
64.51073538140773 583.9008275507662  10.0
175.63740662568804 983.7807292379478  10.0
572.3221762314561 357.58877052600104  10.0
955.3509714607405 131.03420403316002  10.0
312.2187572375579 854.8635385106118  10.0
547.5219299182122 331.157148552745  10.0
803.6001661456228 848.8167386627325  10.0
118.50800328123789 495.6605315077337  10.0
87.62502566705999 762.1973967164581  10.0
193.02148984922962 806.6039230828948  10.0
82.67986566035745 679.8454416126052  10.0
977.0630293023993 23.051069461174635  10.0
476.1651092013367 645.5881924193833  10.0
774.5608323339432 511.8232044788652  10.0
869.181004559077 937.9662576615965  10.0
984.3177446732608 798.9667961573224  10.0
626.0486033761758 731.0693211467367  10.0
414.8456263274188 290.8926868091466  10.0
897.2020054301382 789.9263211467677  10.0
686.8928958421436 697.9313937308158  10.0
581.8399503665916 624.3089485980439  10.0
306.94790772085355 608.0893870356181  10.0
575.8260211344032 830.4707345048629  10.0
589.7269216488681 605.0796819565879  10.0
510.6787524360706 187.25890448014405  10.0
983.6323792742181 302.2393399354899  10.0
331.0942010085503 441.1996690974282  10.0
510.3937464965561 672.735273917848  10.0
481.29512075476424 614.5716594150695  10.0
968.579470424318 96.49952900703396  10.0
174.60254133462107 101.14680766614981  10.0
270.39544504019074 615.6231287718992  10.0
205.97702047678658 776.1915192620428  10.0
782.1618244918226 992.477961389098  10.0
33.87853031996979 840.485093259079  10.0
821.0864552287148 298.6239024336511  10.0
405.64531009337367 142.52668155974158  10.0
524.4301841815299 927.5986479158712  10.0
629.6937717547517 278.7661257227344  10.0
151.88518579770482 120.97591293720112  10.0
708.1930261701294 858.6076253285329  10.0
507.9649182163223 324.61722497353963  10.0
935.4689987567932 939.099729394295  10.0
578.4296726976584 950.8312413157389  10.0
240.24509577285335 783.6391271393414  10.0
663.249688990304 412.19391222507926  10.0
503.9274457041433 779.6794891964897  10.0
258.33310820319355 614.0718220130491  10.0
322.49463280940336 562.3510990173722  10.0
689.2232135089337 445.429609925048  10.0
196.15325053546871 134.06072661533364  10.0
32.19599404574447 191.29236404182913  10.0
928.7722315600874 44.555325020509514  10.0
171.66543123712486 205.27191184700789  10.0
98.21059474827277 501.59742056847244  10.0
