1000 1000 100 10.0
1000
516.1167935882831 131.9180659545547  10.0
526.2669521365535 822.2524215616994  10.0
795.6588494985439 905.5418614265856  10.0
514.3865903901632 460.6201794664776  10.0
453.04664968807083 464.64129380872185  10.0
615.7329349575818 687.5155324080722  10.0
434.08407629573173 583.3547155833458  10.0
833.89122329768 150.07793052952033  10.0
793.2549105812722 860.9319899580967  10.0
397.4526372915761 923.3876801990662  10.0
694.0219428254306 206.72271361939133  10.0
441.18026587095994 505.2585082264278  10.0
718.3161103447092 315.9721440475919  10.0
189.25121246019862 843.9670369711125  10.0
953.2634119647068 484.5993959037366  10.0
527.0799898454883 935.082779648965  10.0
730.4243700584498 369.9225722280155  10.0
521.0798605088639 672.9757880144625  10.0
81.2972701028557 594.3336663230721  10.0
399.8204248776107 323.2435299426098  10.0
942.563062596589 410.2156172885385  10.0
745.3912055149842 194.21266075576838  10.0
895.5259478603252 996.9326506574406  10.0
160.38268395213373 828.8349751292625  10.0
756.4310241417529 344.5145500821399  10.0
473.7476225872886 312.7112973673115  10.0
647.8159237355757 93.69401328915916  10.0
627.9073068158419 99.64117977369324  10.0
275.7810542122342 148.24562311485755  10.0
749.8186931354177 93.01000194722565  10.0
14.038610793623896 353.1142884754923  10.0
550.3199732421313 589.4892325756878  10.0
52.82756730305827 40.609163028640374  10.0
118.92413462705831 90.93999126460261  10.0
309.2586137119536 786.9793838095192  10.0
385.3306585351852 921.0736774450739  10.0
15.379100676982894 292.97588381663167  10.0
4.278316356589706 45.33770226557232  10.0
901.2248167132833 904.5432980096368  10.0
186.96250112250624 485.6584778246826  10.0
672.352265735246 923.5747851489364  10.0
50.09269999192745 246.0877563430226  10.0
44.82110774448855 523.7016204440744  10.0
382.7670134377735 721.0624977283625  10.0
945.3234062976135 782.3786760866712  10.0
341.69250268805274 144.9026625572699  10.0
610.132907236328 68.06578747563596  10.0
476.8811832365221 759.3350678317495  10.0
223.7738434163833 780.0939046291878  10.0
662.8036607635901 25.245777853963645  10.0
426.7855393934648 228.84462578014475  10.0
964.0833871192565 385.52765733581106  10.0
491.6855437486023 265.1599980961391  10.0
200.166548191114 797.8033009927285  10.0
217.21084531743284 120.43904596509559  10.0
990.0039539771387 498.96809328099533  10.0
623.1428005385104 802.6662641758594  10.0
355.63260985393555 237.91207900314882  10.0
341.4983664846859 308.6566625111493  10.0
542.6468903529315 518.4432660756196  10.0
194.59677168504996 859.090737266762  10.0
575.9000285439224 231.34908483798577  10.0
826.4870881004418 340.45195749381594  10.0
210.37871719104174 422.6970236866501  10.0
411.44879922257826 146.7683485798692  10.0
360.04498053387243 844.8890842699109  10.0
401.75433162078144 654.0988609655077  10.0
791.5409970245746 367.6491709047636  10.0
996.6086468844686 631.994308126209  10.0
855.0043826321607 288.03646246035663  10.0
515.1577338096538 998.7015517198249  10.0
290.84253832614525 71.7417173382996  10.0
138.68443689450405 460.6689586590037  10.0
699.1667228060801 82.33773569734548  10.0
550.5867600622115 741.9499117339989  10.0
87.68772941048653 410.8191324636009  10.0
847.4598340598817 305.3904249705092  10.0
24.226854929854767 4.680845390770405  10.0
720.5799650326127 695.0259073979336  10.0
311.5970556708273 913.9483863079008  10.0
314.31526576131444 887.9012217558856  10.0
775.4613571943287 620.9875586563121  10.0
356.4641130215851 333.56705515428786  10.0
709.8762748888199 101.58502000219605  10.0
125.24921020178436 680.7951359933767  10.0
760.5805358999806 476.705035323562  10.0
568.6716617345335 543.5932670097818  10.0
542.6902075424447 857.4920902132855  10.0
424.1558572216981 42.39070351536811  10.0
87.31321968485572 260.5032060745027  10.0
499.892684612581 271.3033453008774  10.0
290.6977584127017 275.817300369843  10.0
374.0152559983837 288.67717103651216  10.0
899.8808207898345 507.5837160741103  10.0
643.7173851700395 705.6473551187931  10.0
210.404104061774 674.7354383631847  10.0
513.6524402021929 456.2398519093539  10.0
574.5168754680542 659.0071458544543  10.0
951.4257777295991 872.5811065240981  10.0
22.386386811991787 718.0618434195303  10.0
857.7215778719269 760.0704017951982  10.0
784.1880111496832 543.4443457704492  10.0
699.5804421195695 769.9090271099101  10.0
267.5492893825382 836.2433438215863  10.0
837.5715099219756 0.16875115729741985  10.0
92.67303675660077 597.7585585357273  10.0
341.0788596692431 421.6217091980078  10.0
116.56662964754705 388.13290226631415  10.0
430.6488214014373 420.8427497553219  10.0
988.1561261299227 392.8241587062077  10.0
812.3213498254171 480.63416635772126  10.0
667.665178309182 254.9542391733519  10.0
76.09486157167456 776.6118651674241  10.0
516.4904258864801 280.98864636692866  10.0
19.15112217672632 258.83147841268374  10.0
17.906965609216783 807.862484466441  10.0
224.1927302626997 608.6211171787248  10.0
924.2881843270605 231.58365683449077  10.0
474.2224706594066 313.3276435584684  10.0
643.1266598523155 440.5075081219386  10.0
617.3207881358813 985.4714037980189  10.0
971.9940679886419 170.8919738079686  10.0
308.4533937631384 967.8440410847152  10.0
871.6795313558941 108.00571923644276  10.0
650.0685071476858 212.3727956223017  10.0
827.0973824838233 392.97597250450997  10.0
129.21898788555896 398.1138970194751  10.0
487.1571433933063 563.7270360616764  10.0
406.17152431574976 262.5266339359469  10.0
697.6398269667776 857.774293947966  10.0
447.94192000583354 160.21874640744315  10.0
745.2262762946525 235.30274970343257  10.0
219.9214096081965 934.6429571100725  10.0
616.1748788485395 442.87286985076634  10.0
649.7359319451022 290.76338139735867  10.0
339.7476972807354 931.2611552960813  10.0
859.7070334092292 990.4995451743423  10.0
34.33511772599063 465.3563914522264  10.0
727.758928253353 357.79536080662643  10.0
103.33119861587315 819.6966509976961  10.0
681.3435286696558 776.4484738273898  10.0
138.16360749909518 40.14673663427282  10.0
254.93171174924555 91.37545857973129  10.0
477.4825108267122 370.3788433411761  10.0
348.8449210820943 82.77687754004359  10.0
44.365891509907776 91.23433691906368  10.0
315.6788964006966 472.7051640614025  10.0
37.4990574651356 201.70781377183744  10.0
970.2970258865377 244.8279247762495  10.0
287.63838440178205 82.20894651542787  10.0
370.3477262966216 410.7175891493571  10.0
607.2704934385355 23.92195824697918  10.0
746.4866771954497 739.788161093488  10.0
259.22994650029653 782.4959514807899  10.0
274.96159116796736 385.03808151209506  10.0
749.140032260648 119.96432375989986  10.0
479.9433892551718 783.0479160515741  10.0
506.89237226026506 635.7044650986691  10.0
928.9642428799114 684.2205785616086  10.0
663.9833610629879 55.41403992838423  10.0
542.0501190298361 678.0402665899661  10.0
56.37643701931716 546.4935189017739  10.0
273.610899856332 118.16623233447798  10.0
786.66085814744 558.888866367684  10.0
145.8789538530878 923.4657072878894  10.0
164.62956887853974 152.3625879901972  10.0
613.6626238380401 333.6302729159907  10.0
611.9997256555253 764.325148514209  10.0
22.408162565810464 331.8079829144952  10.0
164.85149937802467 896.7726781183479  10.0
485.04019318877533 111.72361820901344  10.0
536.4621172133533 256.54161240188154  10.0
847.7769330740574 663.0478686049123  10.0
313.5638331279431 470.0041461449003  10.0
541.093655984783 276.3153690456086  10.0
750.6555527528096 611.4929557812499  10.0
19.23378025996847 527.4809565664416  10.0
799.8503892518901 434.15772718855516  10.0
180.143869058362 92.24221315538594  10.0
467.84185683018245 372.619643731566  10.0
627.4353271594832 561.5454672409481  10.0
326.9238897246722 98.70472401705722  10.0
886.952273286424 282.2315698925756  10.0
23.6008902910384 654.7002163332131  10.0
722.7511825693111 130.5669261386636  10.0
926.1757059002495 962.9929437709711  10.0
510.7751293380682 41.444059651559506  10.0
631.8053041519674 816.612270681532  10.0
223.23146153477546 62.32525488287721  10.0
913.8647822043882 292.11430029675813  10.0
952.6584567216315 678.5419287071695  10.0
832.0627122078785 894.4083428530391  10.0
61.89330518034342 165.35109532898463  10.0
150.60185969187035 642.5404809261413  10.0
984.6299823016042 762.1897957204533  10.0
913.7810716512112 736.1130085672834  10.0
420.9823577385918 535.8572803758235  10.0
13.78546862010066 403.9330653628781  10.0
173.44431877413012 901.8934640271247  10.0
852.0142419064509 29.64737600126588  10.0
150.86556469000112 907.2118158473487  10.0
743.1458350907028 673.5341006331566  10.0
131.53756751277322 542.0835161266872  10.0
540.2432948994747 665.2874161595445  10.0
721.2117341570656 545.8586670421847  10.0
69.55274622784869 29.543512310154508  10.0
567.8476482296522 398.3499336783488  10.0
355.2502712936325 124.06202858546156  10.0
302.1157858808589 447.5924982622731  10.0
287.24416714542633 19.889572035812986  10.0
861.156646721178 414.73357280262456  10.0
339.24036569402614 833.4974889822931  10.0
822.8231373741206 838.0936812698934  10.0
179.63124438985645 432.798749396302  10.0
128.61140118710634 370.98113287551615  10.0
534.3689447792468 682.1141541780194  10.0
105.71048685513307 231.62981784182247  10.0
458.83627304382514 665.5710117120364  10.0
12.07846192994666 518.6699180007438  10.0
254.82964213235115 134.0821231565743  10.0
423.17912218148666 551.8299955123633  10.0
629.1199699829024 757.96707116207  10.0
654.9897864844752 875.1080980243456  10.0
331.6596282565377 635.4414092143122  10.0
75.117201652516 68.43810363039616  10.0
434.3539077639923 906.6136055508302  10.0
592.3356253593537 53.917565489240985  10.0
615.4185305152977 253.29386585693214  10.0
834.586964536156 153.95130216231067  10.0
299.6948614195195 526.832825477144  10.0
526.4602675366099 761.2047601179487  10.0
271.89709403192273 739.3720415159839  10.0
359.3934289477057 114.05005232235953  10.0
427.6168704822338 178.3026153791961  10.0
211.31758519871968 336.22637095654153  10.0
656.0118571224692 459.3920045345259  10.0
917.190527485668 595.7259877268089  10.0
458.4576120523449 920.9534498520203  10.0
917.8420840819473 965.455831660409  10.0
799.0420887592512 879.5960958120183  10.0
21.781364912026426 327.0136253714886  10.0
855.6350585952206 917.5084840745118  10.0
203.09203384723807 448.9569453602067  10.0
794.3653584965117 551.8917341366073  10.0
828.26824280832 192.23236649247698  10.0
425.690874720332 349.0728334780503  10.0
955.8208095504116 647.9708898646907  10.0
616.8478000908287 788.9928499930753  10.0
384.70929195706907 896.64516658913  10.0
633.3167128941936 960.1784638454642  10.0
941.132683326823 992.6229023859094  10.0
161.04550630313108 470.9697674008086  10.0
87.93757344675457 724.4397807768053  10.0
621.5196462711435 799.6909081381007  10.0
316.8793687355956 678.6547529824242  10.0
533.3730192573323 674.6143554392171  10.0
941.1989900609991 143.9390010013981  10.0
97.08296564993535 973.9841045798601  10.0
844.4534302187209 432.08941766473777  10.0
883.3956146127792 67.02605294811659  10.0
461.2655320518275 263.94630537309683  10.0
491.47879480682866 478.7894158337704  10.0
766.6351059892884 970.7340827103427  10.0
309.4011725621695 254.8254763018045  10.0
332.6794761513384 395.13288166605895  10.0
57.38846064050374 426.1253696691181  10.0
575.1484705396294 541.4278538796685  10.0
623.4081625487806 530.4017725378827  10.0
156.78559091288435 220.37245269199877  10.0
810.9870500277443 232.71406919600003  10.0
140.58326901679675 161.9402648274345  10.0
10.765884891953847 706.5998391436882  10.0
893.2069001808679 327.9300816612224  10.0
480.1484847059887 586.2907758124145  10.0
927.3389233508703 446.426891345463  10.0
869.5032801478367 981.2536845400982  10.0
841.4207076029636 111.41127348039237  10.0
868.7270766951135 256.2127992052674  10.0
266.24655809577536 143.34848610642425  10.0
364.58251644955396 22.972385841695587  10.0
260.0908735681291 290.37751284765625  10.0
297.0721712460329 64.77386227428505  10.0
907.5256427256476 764.7595903672814  10.0
482.21361349974603 719.5845826569337  10.0
971.8127271092463 555.5346370508062  10.0
28.931832377896537 585.6304254974995  10.0
326.7311952039803 935.8731341594531  10.0
619.3862762067422 280.6479560567068  10.0
550.9268649240809 92.40014707620203  10.0
844.9020066281166 385.7459076392974  10.0
506.3481659203306 343.80703357852695  10.0
993.7753978029841 635.4300263557367  10.0
942.0579741842387 987.3557729777382  10.0
172.57724673687636 877.2593990784092  10.0
165.68889465775572 414.41937865692734  10.0
409.17627877709407 317.76616004163725  10.0
607.0349834398722 769.9916429827459  10.0
433.5595426490587 95.68482700856917  10.0
661.7500734212402 96.13795966205186  10.0
161.62579049020977 279.2014845745163  10.0
547.8490284671055 595.6480668103071  10.0
517.4810509826063 970.8469676235486  10.0
33.68542816525155 379.69103077708155  10.0
121.36604389803696 321.8225790402345  10.0
803.304889165414 822.0613944375813  10.0
543.1974715119256 906.9604955072912  10.0
913.5504404919762 432.644813137821  10.0
275.80633776382666 92.18548291798723  10.0
267.02289844199413 984.0201321529735  10.0
317.3079437717338 738.2584280879487  10.0
275.975210599664 477.6546883368388  10.0
268.6401628505674 827.7460921110095  10.0
924.4470015420992 419.93757596606986  10.0
150.15786215267323 376.5760436178385  10.0
249.42176020089258 793.3358898420657  10.0
720.2729247188871 297.19917902726  10.0
856.5153781665075 54.2471069602668  10.0
939.4809370795082 717.2967273956676  10.0
461.68219706514304 466.6600697464186  10.0
364.7172733776669 626.1325603443032  10.0
607.6500583437409 89.52660982369397  10.0
681.8365802682632 620.0657129343371  10.0
642.2737642340182 775.7839878798609  10.0
288.1117098644399 949.4021351551856  10.0
765.7215495174287 612.2581367926169  10.0
821.9990087083429 30.678344154023264  10.0
454.387068903625 332.2166485464029  10.0
804.0191866392249 81.6346971091333  10.0
851.6447791565638 366.1289280656319  10.0
100.45415281657367 560.5487135451425  10.0
779.0439238043831 361.2309754552606  10.0
750.6615432322213 647.2642506944479  10.0
866.2627205263349 196.7803207047698  10.0
809.1609198713995 90.16530983147652  10.0
924.1206862908496 749.4264618673881  10.0
245.246397171467 361.5082509896913  10.0
92.1738047616052 921.910709235888  10.0
615.7326821073342 212.93947792399948  10.0
480.8938632479499 738.3488492736938  10.0
180.54248809307904 403.6901601322076  10.0
998.1594794301399 630.6385907755661  10.0
366.1954586215166 585.8535407625213  10.0
800.7636360582045 393.0732790767405  10.0
998.8597597840508 74.31434494929945  10.0
343.86799437591276 666.0322378764929  10.0
526.4791447602103 503.3140803618866  10.0
314.81211098924445 224.65699294398078  10.0
528.5906027433206 177.29968664936945  10.0
832.4110357999145 794.7120989737898  10.0
172.79771424470945 260.6174586278379  10.0
168.8521951153671 595.3679443479383  10.0
918.4683259442482 818.778157986339  10.0
908.5288348833762 317.4322088539351  10.0
691.0749190678466 123.43300820406023  10.0
896.6232847342332 785.5955981270662  10.0
954.6990643173749 563.8645823324648  10.0
549.9808114950857 124.546790985119  10.0
595.5717029932081 969.710802552162  10.0
103.7905381103873 851.349990010048  10.0
296.1236600231832 142.80379281996036  10.0
149.81717812203453 950.2684756917288  10.0
126.87144390631921 920.4199645173298  10.0
385.4032266027084 651.2554943006268  10.0
412.56544836225 147.90157734989762  10.0
837.1883484982369 329.6241446484381  10.0
539.3793377074524 525.5236849739348  10.0
949.4690775685023 671.9454834244344  10.0
261.52030012799264 412.64542646312105  10.0
834.3482242714681 12.014892731825654  10.0
238.49229976564212 321.59733548692003  10.0
669.3005426855982 530.764036962268  10.0
988.3453206359804 14.421641235000893  10.0
697.5073473659966 835.2862294637052  10.0
177.5954507544002 827.4959583419586  10.0
537.2891674776833 284.6811446416031  10.0
185.1022815635286 92.23470643004971  10.0
539.1927289885366 314.2146162033228  10.0
175.04146603116666 294.4773167145336  10.0
742.7645246754585 924.3273895474356  10.0
493.21199956903286 920.8355233311328  10.0
579.7699927582065 447.3170201161463  10.0
61.269235360599914 777.1867510780264  10.0
846.5939393529143 682.0547273876  10.0
585.0762072113382 932.6644149298764  10.0
625.7845013466879 495.88935010840373  10.0
816.2177619664557 341.9099575657405  10.0
775.179013985893 32.92904259984808  10.0
809.8227054555074 629.0154755412622  10.0
322.77757349595026 739.1800012696824  10.0
107.19184456970343 478.50034416887945  10.0
606.5055464506856 517.5615814235762  10.0
38.33045504398957 571.8283041888831  10.0
280.2340510178033 459.6052149283484  10.0
887.3356427609851 32.3868048139242  10.0
370.9028118569283 765.6844733369057  10.0
492.69073129568454 897.5133436465601  10.0
416.3173747967016 661.9118475627511  10.0
964.8702893854539 223.06824682646197  10.0
339.1685553633823 349.377582543038  10.0
595.2605004230004 44.217289165888744  10.0
120.04867526922902 280.194501542131  10.0
703.2521792793203 565.501345124264  10.0
520.7161213562847 344.85219147923186  10.0
122.46422388578648 633.9346919178691  10.0
78.58574582904242 876.672558786131  10.0
262.40755414376 760.787478667053  10.0
344.3995520487896 731.6982141399398  10.0
198.50071825882043 700.871826297414  10.0
867.2585759940533 86.13397345928142  10.0
41.20033327047557 872.5653299563381  10.0
744.6733863549895 8.500970178673683  10.0
914.1107779428268 707.4695049124351  10.0
650.0173649386948 309.951714966647  10.0
231.28893656443773 355.51519997030687  10.0
125.74308895458952 653.7338823040108  10.0
605.5622403497729 39.4905751301754  10.0
587.9493718530844 413.57920327694654  10.0
642.5284758833917 752.3815267777313  10.0
926.3623412128195 310.8332843965018  10.0
79.00859577319098 921.5788182553889  10.0
803.5209335138637 431.4310674235872  10.0
210.07475404365016 125.91954845717035  10.0
757.933816775654 826.3616060043444  10.0
315.37724787956466 944.695216181037  10.0
998.2008192640113 533.0552935384411  10.0
843.3460675321472 542.1726656206492  10.0
338.5692041183479 520.1651429963258  10.0
440.9438921099803 646.8378073972002  10.0
71.1210377195708 754.5032944344845  10.0
526.9991703178885 171.48663043261425  10.0
695.7649871086487 316.4328066897685  10.0
998.7492594891107 838.4516857947422  10.0
336.4317943918136 248.80378082761146  10.0
834.0757151777387 823.666633135604  10.0
360.350304656237 614.5619345721125  10.0
806.0142833487995 613.9349990709773  10.0
187.00615574923552 59.44709287361138  10.0
261.475284060521 983.6839568658202  10.0
524.3629460243397 28.737487878640835  10.0
932.7100035185402 240.6475374267798  10.0
302.15146908519165 670.78581995656  10.0
47.91140586075493 664.337951395072  10.0
385.5098252268121 375.13084580485526  10.0
586.4387050743712 366.8278513187723  10.0
746.9830415615053 839.2584195586755  10.0
384.5066209719458 642.2799891316973  10.0
150.86819225230553 535.6245439677476  10.0
938.7821666142274 239.82552620893583  10.0
561.1168521223755 459.3416109938272  10.0
178.18305804597557 893.8054445895788  10.0
422.4838276812711 76.96912964157299  10.0
178.27347789836622 876.0544562177313  10.0
684.3373286401386 468.1381430760367  10.0
778.0046195814116 296.81996577708327  10.0
937.5224411845135 754.2783696236596  10.0
325.14872650600256 374.07363286436436  10.0
316.89643499598765 42.506046781289555  10.0
324.62717471205826 915.3862798807237  10.0
885.6305726231084 277.7690503110874  10.0
593.0346035648373 812.2016260764117  10.0
62.100376128685795 592.6356814013506  10.0
633.0126546528913 433.25794325640044  10.0
276.1621044796898 971.6517772071257  10.0
332.7283548644847 422.07104268444164  10.0
448.8401881061213 305.9806628961604  10.0
768.5639185612783 552.8060471350195  10.0
77.92698981472368 204.0787377667761  10.0
843.2262838726755 979.5291172321057  10.0
681.722379691707 245.44921391150666  10.0
726.8360245003025 425.7451921978046  10.0
104.11789469584309 717.0550508671519  10.0
585.1570616018873 604.2906979655917  10.0
716.4558701087309 255.7618230028672  10.0
876.9804081836462 432.06527241931616  10.0
865.0715455583746 235.21948054752372  10.0
581.7758635807643 409.7501330102027  10.0
8.151694948465128 181.88187919199373  10.0
79.07840140097366 873.5747480341448  10.0
861.5207263142926 982.4013384704388  10.0
42.676177473845115 694.3578055078935  10.0
530.1913300443686 153.42510234190354  10.0
635.5200340097254 398.4621938944568  10.0
40.993186676506866 984.8591813853899  10.0
495.3747428104158 615.9681281973305  10.0
911.3203809296724 938.954353520464  10.0
486.5844992381986 223.28219795512294  10.0
390.01392060578286 290.1082249039888  10.0
959.9265483223935 540.5647983643717  10.0
788.6233461396514 624.0659662132024  10.0
310.37847205498656 468.7716287438129  10.0
884.766726169912 480.2421022198634  10.0
951.7257730351514 506.76983307189096  10.0
724.03617962413 117.17369826778634  10.0
437.2888168118448 175.90286064284632  10.0
272.8716174811379 108.65567301539436  10.0
347.6489484106794 497.5424910706464  10.0
282.0525765983634 236.89679560809628  10.0
739.1054343307993 818.5801472035337  10.0
408.93424587061935 939.0748613657996  10.0
400.69680138169707 460.4744597390852  10.0
116.28049203100332 384.9582899520758  10.0
902.9709411047584 379.3850384158066  10.0
116.52335707354955 115.80002671700562  10.0
438.2907650034682 268.087420904366  10.0
162.50477884438763 58.49983530676872  10.0
750.3131468492822 304.7776654532192  10.0
799.2329854760975 644.0686902856223  10.0
29.3805346055499 59.539306837266935  10.0
285.91276049966774 705.7192278264679  10.0
510.9167772056101 906.1595876504441  10.0
273.4850769216625 809.4444860359085  10.0
655.51899144635 655.1455465377728  10.0
980.1382599635625 678.7368914556444  10.0
212.29060899827502 23.204987980441906  10.0
545.7293528863187 415.13786800940267  10.0
171.0605364765998 985.1214571418188  10.0
965.7810859937695 287.59782411986913  10.0
594.4862189782482 15.865829832041655  10.0
506.6962043784876 966.1655996242976  10.0
587.6393424791307 723.9520731154047  10.0
786.0575955973673 209.31480259865887  10.0
210.52459541132862 401.4579178173032  10.0
765.3591676023934 179.2544598626862  10.0
968.0835448393207 571.7957841333896  10.0
747.2390430265993 755.8594675033253  10.0
622.5870593118788 703.2335275634631  10.0
95.2631050164675 447.39622921566036  10.0
464.92173765256626 874.3276943295768  10.0
801.533639640177 755.0074515722112  10.0
854.1264690101411 326.84731625083697  10.0
215.87427874780707 137.9593977549699  10.0
788.6380561934682 522.4293345857163  10.0
220.06881892765074 47.94361391284774  10.0
508.0551325014948 531.12132041251  10.0
881.608730566498 853.2646209483224  10.0
640.8319963862489 323.1308566128702  10.0
153.6297278825417 857.5339233830247  10.0
211.16555772807766 809.5156857019657  10.0
501.1951926338091 32.5295667527038  10.0
897.4392150481859 283.211722094584  10.0
428.81049117584325 531.1700462897302  10.0
294.94054719752205 248.71119591480206  10.0
760.0285334461348 524.0897400185485  10.0
577.1697670193864 496.86651483420485  10.0
177.2341277545507 412.09292082762806  10.0
872.9085212200686 680.7097914852712  10.0
968.1703282671449 6.801426928037757  10.0
880.3197174768779 578.8419115275325  10.0
145.4976737674154 843.101544799386  10.0
724.7005389159034 694.8594353164355  10.0
106.65259572291829 389.5329506195827  10.0
833.1126973050555 834.4509697165669  10.0
783.4987267187033 556.553430402874  10.0
646.9652663524319 826.209613022221  10.0
794.7410737856839 567.650671294415  10.0
322.7272727652294 607.8712975367615  10.0
458.7993761562897 954.562587549097  10.0
181.29814489649897 486.60357957100473  10.0
650.8140693703654 165.40576549514884  10.0
558.1668686996704 500.13301794438445  10.0
394.6841455768014 33.3016906615603  10.0
879.3408377779127 454.91364685959525  10.0
769.5134708363889 143.12824020397795  10.0
242.12804945767152 398.20295047536615  10.0
179.56802261284844 955.3144170807984  10.0
515.2074687196034 992.8258551752417  10.0
287.82380115675863 398.13410469166433  10.0
989.0235913052156 506.57133300416933  10.0
945.4107924031232 523.7443214521234  10.0
905.3936635755507 902.5802262169847  10.0
262.73593829976215 738.2525208434306  10.0
774.3166198923503 822.7470818709648  10.0
562.793922573762 62.38640558367814  10.0
246.3249162823893 93.07270966598347  10.0
333.15131353008553 856.8785047156233  10.0
450.3221496823079 748.0681438136479  10.0
450.31641589742463 455.4677556034318  10.0
129.70014850479527 470.72534135109964  10.0
888.6833259334085 188.45793299403658  10.0
613.6319040357004 775.2329008200752  10.0
845.965707695132 351.0634729574259  10.0
645.787036434629 221.53061324066337  10.0
718.0118509264851 773.3108666920161  10.0
359.3191775369243 443.9591142818332  10.0
638.1198228816414 782.0539209006208  10.0
234.82532430122393 800.6764913503133  10.0
359.4472010771699 510.69953597730154  10.0
707.0795372997161 6.17652602710872  10.0
103.83732420481617 708.5300122115538  10.0
196.6941541604107 196.15817865538764  10.0
626.3599012841344 429.04718473024116  10.0
734.4639832779609 492.15943125062  10.0
152.0908567978373 235.55217980254395  10.0
18.99992209231538 282.78299204253  10.0
30.132346068088566 852.2140963705958  10.0
702.3604611762466 119.00536326992017  10.0
919.6010515627107 510.16989751768983  10.0
933.7406978260966 332.9745323453729  10.0
73.28876807948103 590.7368132910519  10.0
707.8803107333597 232.86628708241795  10.0
816.9265403498543 551.6074598456186  10.0
362.7036061629533 0.7823749379342049  10.0
635.459563222747 536.9373110189129  10.0
649.8056845342476 226.33850870765383  10.0
372.4668380016377 518.5227462782012  10.0
161.75140838124412 345.50376540439123  10.0
924.8365132607885 292.80767005751363  10.0
541.7542295510012 122.41745142001581  10.0
472.0337026636281 167.24473119625827  10.0
824.1544361258897 711.3231081746143  10.0
717.7747352329201 709.5772523979881  10.0
458.21737204218505 766.4236623186262  10.0
841.6479753005743 504.8965022663714  10.0
53.124123416480984 529.3759338097997  10.0
859.1981295179601 467.86794800467237  10.0
648.6283117465551 817.3062375924849  10.0
871.2175172714627 891.3096003838916  10.0
363.70465435471243 358.64349790603245  10.0
246.46405901815382 77.34420769213368  10.0
604.6161628580406 979.7299926747011  10.0
126.75285201990627 93.63622807942119  10.0
624.1785474824695 732.0839894949647  10.0
769.3439344380635 924.7639268860066  10.0
115.60217635467329 168.352528390992  10.0
148.77658421961638 47.565355490696184  10.0
697.142761426416 624.4069712960147  10.0
928.7756243986225 249.33651670601563  10.0
597.8947270375018 545.6974820433793  10.0
384.583060870187 329.04915905844047  10.0
590.4114333530524 607.8971563591439  10.0
107.04420889829758 174.29414490698025  10.0
232.43899240159516 625.0302709964558  10.0
352.00416141842675 590.4460083126304  10.0
777.9015740997703 12.693510153265809  10.0
712.0471513237518 173.5829376015967  10.0
696.3775820120765 879.6424612449578  10.0
382.33786766498235 464.9860112246481  10.0
600.6578687587777 657.930564950308  10.0
668.3001616527864 602.5796996176996  10.0
523.5786182019986 549.9511206840813  10.0
540.0955824878769 693.4658028783407  10.0
908.1729289311608 970.1473469641135  10.0
977.3400868222818 171.7410710736673  10.0
379.28717658771416 589.8193417153418  10.0
567.2246022735458 477.0784761767539  10.0
350.1590932738946 555.3710340621973  10.0
320.18098914520255 492.09087919035  10.0
784.0566691749389 943.5042407553519  10.0
949.4619430549911 310.28491465446274  10.0
978.9283237227424 541.2808860705834  10.0
924.4797711011286 71.4521186354462  10.0
72.11616050754621 594.6386118297337  10.0
452.47567937848146 797.6331041151021  10.0
72.53612265050403 255.85914080663864  10.0
169.06741052683216 390.3299974215414  10.0
619.3299835654549 78.65253436896269  10.0
725.4502119652506 208.4312584809287  10.0
338.84593638716456 58.934946851349814  10.0
648.5021570807805 936.3518483543813  10.0
625.9059811397763 400.041164542423  10.0
819.7716157390444 773.1812695187874  10.0
910.6701119224376 393.0275866117108  10.0
670.3011935923394 326.170588921757  10.0
989.008344510809 545.8850176980501  10.0
720.4692980214536 975.6787405124098  10.0
792.1439094701556 369.89526185033736  10.0
407.50640536439863 893.7378201922144  10.0
50.431710433174956 37.028814781649324  10.0
238.0703643350417 344.6855398507135  10.0
666.4885557586135 459.1957473870426  10.0
179.24118572329428 373.8526590180992  10.0
254.49234669265485 208.32541637010516  10.0
858.5226310435627 499.0816933955707  10.0
225.31978857225954 95.66505848962059  10.0
581.9140326434513 559.8929082022129  10.0
1.293049986112127 159.3509395443087  10.0
398.8429728419186 450.4021865202699  10.0
429.6580189698637 271.22050471379555  10.0
443.72539535404707 64.63439815226567  10.0
230.51768324661202 566.9971267506027  10.0
566.146802764125 416.6655468362004  10.0
362.7963903412078 428.39414904971494  10.0
825.1341143509869 563.0650823306655  10.0
520.9117749994492 801.3476951759236  10.0
767.7153354690272 651.3999796646602  10.0
585.1830022884612 221.50333570758707  10.0
537.9394145325906 146.0999807941459  10.0
740.6055027519609 36.24432600350658  10.0
769.7565879342292 41.773666500996896  10.0
151.47364554950616 961.9640446295199  10.0
905.6349662456358 664.103248656967  10.0
533.4350881220688 295.9491189318788  10.0
52.51643304185261 479.7352294959791  10.0
699.9110253767363 814.153683906098  10.0
737.691115521188 189.12365003671317  10.0
176.41909707177928 629.309312885041  10.0
959.3961593754851 260.0706816289675  10.0
274.18699095194745 58.22945816436509  10.0
740.4216865281538 974.749602557705  10.0
593.5456505988436 852.8307630204353  10.0
987.7324876334887 9.283156170422636  10.0
787.9439792188408 986.3084696203316  10.0
837.0914351722478 542.4901549274394  10.0
561.0269721975835 554.0662804364009  10.0
818.8965342309288 899.2017425589023  10.0
292.07178093182404 248.41596553415857  10.0
119.92044510959698 773.5881148151424  10.0
389.1775233112413 296.7253619386232  10.0
935.3677395505207 149.2253572116351  10.0
454.95591925901977 714.6079111128776  10.0
406.6417462683506 135.17135427171502  10.0
616.0718476130583 218.91106608998646  10.0
922.4393184700788 71.10832657111021  10.0
915.8340989154523 169.67402592731574  10.0
624.2685738073928 419.6491730218358  10.0
498.1384870971458 465.8908981794625  10.0
802.211153769319 160.19361835735236  10.0
421.41669578935813 406.8277236584083  10.0
492.7270633177816 626.2590241611795  10.0
332.8462025750655 148.80736347690083  10.0
997.5266676917564 987.0000928545165  10.0
905.9277077846873 536.7891304924684  10.0
231.011209977948 863.6707135575149  10.0
898.6386603935055 770.7349098483179  10.0
773.5096295174513 893.0700007741144  10.0
924.7223082060952 578.6673016056334  10.0
258.5158055118916 402.55393628218616  10.0
547.2739744311594 311.48915006655074  10.0
254.35750147757375 744.9830324682829  10.0
101.63735535426622 649.0482506413096  10.0
114.20403910037503 257.0153151470036  10.0
733.7252726407801 412.5949433308422  10.0
363.04722871247174 250.44310778250178  10.0
500.2311114165775 315.69441243193694  10.0
66.26567726002897 923.8113932689176  10.0
18.798476028833665 353.81926358312444  10.0
281.60997874666896 590.3440399578192  10.0
79.06823374830263 932.262593453152  10.0
134.92233747701675 158.24378299040254  10.0
829.6237350102135 762.6753372770213  10.0
279.63089264466703 370.7206577527631  10.0
641.2065523996823 20.44591850295685  10.0
501.03583766539674 915.6426325052828  10.0
513.1765545682418 248.30428366114  10.0
8.630256463431962 148.491332930481  10.0
938.041734236965 15.946537521334125  10.0
523.1762181932168 837.3447987824409  10.0
467.9849861021959 401.1402857472572  10.0
609.9822222206648 34.89823651096724  10.0
837.6660271377814 944.6849959236854  10.0
835.805276985448 910.0728210819158  10.0
389.17908875594077 849.7657857952895  10.0
234.02737523602667 130.55165091352882  10.0
717.897504983918 845.6528311978559  10.0
251.23223679853334 177.62104640292898  10.0
912.0389859558398 316.36299425597525  10.0
818.0355229335794 795.984445322514  10.0
494.1359547777915 6.814321489867492  10.0
437.997541637852 633.7551427193748  10.0
189.19762309397848 862.1676025061294  10.0
220.67457727951546 11.623227665966462  10.0
942.201610538852 330.4640010821834  10.0
598.3411406425541 675.2312693859296  10.0
186.65460423893433 764.331353395847  10.0
60.64230082421207 331.08204957223353  10.0
226.31316587885885 394.44575673092044  10.0
617.4115618828695 743.84108841625  10.0
733.7573404700034 715.5995313058719  10.0
857.1166916651352 181.68530435406083  10.0
792.3610985489046 25.640186821057288  10.0
406.8718438217033 36.38887856583517  10.0
612.3056418479522 288.2095712490871  10.0
319.68166554091914 516.1256720334578  10.0
36.63264199958205 452.1261192624397  10.0
415.5588578536209 411.5071519878587  10.0
219.93626128968756 853.4172286939578  10.0
885.383907230693 69.16378870977292  10.0
410.14475762213675 350.4229328327297  10.0
529.8518289027132 872.216700118421  10.0
592.9432019849518 398.0562786758823  10.0
850.5773781056303 723.2755166360024  10.0
868.7411968428394 354.21931711977703  10.0
836.4069376697323 253.13769952752563  10.0
823.690631898558 929.5383125341516  10.0
695.2117319864012 737.1532166342902  10.0
829.1100439913228 840.9955106503338  10.0
969.9135656408304 991.2578565462914  10.0
157.77412013872683 410.6987125991842  10.0
447.220775976213 840.9674133057028  10.0
40.877791862216625 62.944585302364466  10.0
18.528954689583045 109.16396063638811  10.0
306.08668855775323 415.89485907767363  10.0
184.6672209725434 452.29480017982394  10.0
34.93645264953349 938.5993621024536  10.0
209.64735647468768 789.6430860825242  10.0
756.9459521591058 949.7633572654728  10.0
23.300193803374114 516.61913172144  10.0
58.159793426039606 71.57117470607844  10.0
848.6596611540604 170.55955120365584  10.0
123.43852130222332 120.04189975159763  10.0
187.18142041490415 726.3110014939286  10.0
654.6649231755848 812.8067303861203  10.0
233.36036292868178 238.91420993987123  10.0
811.1379020262106 605.8625442925932  10.0
10.036589309454946 121.99298634139765  10.0
303.7756409255894 432.7691432663503  10.0
516.6574123526593 952.9919540426215  10.0
541.3522984516914 112.92237219793167  10.0
964.9881101343484 330.1961484386007  10.0
774.8436155254716 719.9496950990701  10.0
740.2418650769231 971.5038889665442  10.0
515.0582630093816 256.93767460633796  10.0
70.32532213505527 941.214516631714  10.0
109.08372466182314 572.1163610707364  10.0
511.8728248089569 618.6304565713201  10.0
252.67675491683207 566.7883542000264  10.0
268.96876225416656 781.0633079509978  10.0
388.579914228763 396.70533555978614  10.0
48.93482112398051 963.8715728510398  10.0
394.84779852106186 548.7582948559743  10.0
629.2843017203246 81.44763737829952  10.0
702.6175256646663 386.7619753101046  10.0
560.923157162887 145.61022516287338  10.0
999.3597580361509 3.2782899236689644  10.0
464.90378326040917 801.6475587068077  10.0
971.4986982428562 988.8372086798327  10.0
193.5136898495192 317.29572383239014  10.0
119.389785371959 35.57769141038592  10.0
721.2082732529202 606.2258940033707  10.0
537.9969205873273 129.24586568186191  10.0
6.873449380516594 845.1526875288722  10.0
698.2114054289793 451.6508119698898  10.0
226.12997235998466 252.46528310665718  10.0
686.6068541133495 15.093014728617682  10.0
710.8682998499955 636.322352168741  10.0
65.52586261071569 480.9447113621923  10.0
652.9294875517949 391.4400389535393  10.0
500.74592734711587 576.4745894341212  10.0
129.8235783757189 726.3421262782482  10.0
570.5730513675608 17.17443653316586  10.0
292.60421848826525 36.630007576782695  10.0
718.063935582988 866.2586074527728  10.0
619.4943690744336 504.86975160554994  10.0
137.1785129625359 818.6716987811301  10.0
983.5844941164889 203.98177269726014  10.0
494.0165115331583 983.8533317630693  10.0
908.901610023351 208.55853580570115  10.0
775.8928651652511 359.6738841736593  10.0
796.3735030214222 477.32418768693555  10.0
233.85929002414463 339.3681920879593  10.0
89.68986254100398 559.9894422939832  10.0
338.37952866625454 273.9588069870218  10.0
320.78730321109185 503.04386539848133  10.0
903.2186547466804 324.574345851275  10.0
725.6635742238078 681.5667946637433  10.0
49.207467095422345 582.2323780029799  10.0
653.4511560394302 667.9274372744203  10.0
477.3952419129052 707.0706740101971  10.0
305.1577917314264 663.2834478193844  10.0
600.2048416894592 144.6745005778154  10.0
433.2085817067408 464.07639849616965  10.0
439.5568562372163 314.0615025673278  10.0
508.8993575451476 413.2619224503652  10.0
842.5299175125477 30.05031416424353  10.0
522.0991798752228 294.8009557051076  10.0
487.9766090162415 822.152552907487  10.0
16.015373706816384 669.9777051741352  10.0
361.6156363652817 742.7923142679194  10.0
179.56144147620546 725.3993273553907  10.0
862.4727176574532 719.5710913878352  10.0
820.8447208933693 305.07080119193097  10.0
470.1438133063098 499.4601332430718  10.0
827.5171391389014 432.72819052432385  10.0
950.2064097312372 757.2166993700563  10.0
283.20914016303766 295.6519429510378  10.0
404.2055879886615 995.9839057897387  10.0
753.9931423377222 357.4713128358793  10.0
80.99375249774354 454.94889489352454  10.0
384.79991159742013 995.0099067358882  10.0
757.8038567671822 357.09751926940436  10.0
352.93708822577264 813.0117578493605  10.0
672.2879776432067 479.51769190205863  10.0
914.3366148237536 580.625558370641  10.0
440.8545030435678 209.3682612973765  10.0
747.8832683416239 554.8147398217125  10.0
133.98856176131522 960.5436038946726  10.0
554.1541472026132 808.3995940456748  10.0
695.8423678722595 69.22868044096364  10.0
897.1247225727329 64.22662795418155  10.0
193.23307352077313 60.95315556118452  10.0
90.87403017995244 451.99981351747385  10.0
958.288085389695 487.41728424050444  10.0
528.0480123213139 550.597019569634  10.0
549.3282790226342 368.27628261321945  10.0
222.81664897529342 56.23427329615183  10.0
596.1824328953342 641.2341213503034  10.0
498.2868803228657 425.62955369459013  10.0
18.976538640289697 923.211601415084  10.0
686.8103443462696 883.3565072473815  10.0
813.5440146731486 316.017551641561  10.0
431.35084438006976 253.86815352428692  10.0
581.954038999758 951.8662788023382  10.0
677.0537259298477 181.20918457471512  10.0
253.25692193141657 467.24845223002797  10.0
724.3853273430308 433.224704520949  10.0
987.3968561402523 618.0762229222156  10.0
778.6875654846865 152.1124745654504  10.0
84.3442550047332 804.6882154245374  10.0
275.71927374103 109.45449154513265  10.0
830.8510433353862 362.2132733296588  10.0
888.732229753028 251.40312298757883  10.0
608.8340533385337 89.95654068998293  10.0
529.8566244287642 78.48564763948707  10.0
262.243358013184 642.8852676353121  10.0
847.0472571357355 694.5307553901303  10.0
673.3736460599081 88.95548837960621  10.0
687.5679945330094 680.5088410072426  10.0
734.9285008802901 147.93561078517249  10.0
749.9691347564254 301.61762826128745  10.0
420.748961204423 370.54595379235565  10.0
178.7384715772674 939.7334900576778  10.0
455.96932522635024 791.148321125791  10.0
169.28338091940398 58.387784503040606  10.0
166.46466484170097 392.88294735379094  10.0
745.6282441487873 453.7166958079709  10.0
447.80613538311917 61.06488876207972  10.0
749.1875632320629 22.372348266816  10.0
435.5417352246969 568.8155638048149  10.0
734.202015238416 786.1712783712354  10.0
381.4715695671723 538.3191960331026  10.0
903.9012158354163 453.2967740478172  10.0
444.6885443710951 251.75842107747826  10.0
441.1833816264522 367.1588758521467  10.0
591.5068210023246 647.8967834588362  10.0
588.5788613303336 296.5565988179993  10.0
565.0016126175165 833.440384686914  10.0
614.4907220408247 154.57473824911793  10.0
932.7361470360506 962.7247184338628  10.0
366.1827192413445 398.68762385412236  10.0
550.3525630403735 394.9369932401956  10.0
454.7106786032192 560.8302268384997  10.0
389.055308387302 624.9981488553037  10.0
242.97098623060543 83.73727620648164  10.0
566.6172848218671 602.3928404754346  10.0
715.2653049029009 398.639167352019  10.0
594.3904039522745 701.6500448301167  10.0
995.2580985405458 969.4427709909548  10.0
306.9036014869706 788.8402325743615  10.0
748.9295389085584 849.814715623446  10.0
675.9835107153262 540.37026280313  10.0
960.1032716597197 152.12296601099706  10.0
727.9337734648545 413.5200706879  10.0
598.3548728922443 710.9825338384162  10.0
80.16113970617967 442.5800552713214  10.0
512.5834818212217 139.18950754048032  10.0
192.73797443840922 340.11173190339827  10.0
478.25570721238097 420.11677960120267  10.0
290.74183559422204 219.76852550417036  10.0
702.3072364822534 158.1842407303965  10.0
54.815212496348245 625.2775782180597  10.0
246.91449109790676 617.8050561296553  10.0
600.2392363348449 449.5971131826867  10.0
771.8250823273673 721.2484015139327  10.0
968.9175002754218 758.9288890989782  10.0
714.6619808183407 247.14874383571495  10.0
344.01677889760265 498.1782601996535  10.0
529.5937418363526 573.9303623072616  10.0
463.6141250868384 547.6191228658021  10.0
886.9888748440287 446.2047200416873  10.0
257.55028553474546 624.934946030718  10.0
800.1493426715531 407.2380369764249  10.0
560.791756159191 82.47092249682476  10.0
489.94497011683825 736.874775330976  10.0
866.9548177855831 736.4466980264858  10.0
424.1465042657153 961.8420691671382  10.0
477.2468749135427 483.04292755671486  10.0
375.4823151024017 264.14930697816584  10.0
72.93169739910665 605.6889373986023  10.0
530.9195579784346 403.3361255347332  10.0
693.5267496907067 358.5430835181662  10.0
654.3982429738518 89.61083054735397  10.0
338.29253585574213 623.0714376133338  10.0
56.221659373922094 97.460723444872  10.0
925.1752694830175 177.79399608562295  10.0
654.5349617638274 793.1045234029702  10.0
139.21585129569857 395.68251009647184  10.0
727.7986724851891 164.1965645049588  10.0
781.5396420237944 989.3572825636767  10.0
51.89163698875843 886.4809761435364  10.0
590.393047479556 761.1449100299076  10.0
991.4536516725927 439.6336917381759  10.0
147.29457626059883 183.22274354977563  10.0
772.305293404917 793.3184476589917  10.0
404.2196837658467 32.48987597802844  10.0
600.2582719506206 724.5230154547759  10.0
571.8398428067756 235.46873329913564  10.0
511.35691098450064 398.5299562842243  10.0
594.1885201586311 540.4553333771834  10.0
839.5674878762752 448.41589233320445  10.0
201.72769083634924 627.2999916257488  10.0
