1000 1000 100 10.0
100
553.9207899266797 851.9134218323974  10.0
900.7488674199623 150.26838093166495  10.0
581.1393853096441 569.4289728608466  10.0
800.5321190032205 171.8531574740576  10.0
615.2517487258764 511.1917481144731  10.0
781.6785699687592 709.7914152215033  10.0
198.59631225583396 446.2708695664511  10.0
537.6686258808835 899.8982348095241  10.0
93.15710133112309 67.67304217993053  10.0
733.2551087975412 480.9514235690285  10.0
977.7490877387739 678.687595061217  10.0
301.735193303289 712.0625859369346  10.0
430.0402221165077 969.2213658351797  10.0
564.6721046842295 118.45686315591009  10.0
616.5365572672115 513.5012350121364  10.0
796.8996868162152 916.2770524929355  10.0
583.3830293220392 441.81189517679707  10.0
594.9948473983945 678.9431020713528  10.0
291.8094562761067 591.4749126425801  10.0
424.0040082422927 50.76136943157395  10.0
574.2775631855344 326.0644823483074  10.0
15.061682450978719 87.89227192532645  10.0
0.8612891227844921 126.89446204878851  10.0
865.6406038715443 112.44915093756313  10.0
240.12004769921668 7.099911835946937  10.0
954.5244306537272 802.4149918933863  10.0
874.6996925217568 776.1759349378738  10.0
925.1959042957691 608.2279076084204  10.0
789.1239563656158 191.62525293436806  10.0
414.184186705598 486.30021401845755  10.0
185.7150068211203 74.40529212686886  10.0
905.0176325625472 370.4001603289866  10.0
4.3080100061911875 536.1544306164681  10.0
473.77892125450217 763.7392198028374  10.0
22.402066992988413 568.7163368444304  10.0
58.86166935239123 327.7720776149933  10.0
194.61560464552775 380.2701705691384  10.0
435.37880796855234 368.1303978953976  10.0
853.7912885403524 27.413487043889795  10.0
903.7749722705647 673.7757242009262  10.0
240.82190299832973 88.83399942266512  10.0
812.5459161320089 252.3706168404036  10.0
456.24558918405324 353.7451979000985  10.0
426.5709457622504 123.03137000059361  10.0
333.884618195484 757.0498822408708  10.0
325.4141083437121 477.03984504467724  10.0
925.2793779944498 83.23474345747417  10.0
470.0531850478821 197.7557907534544  10.0
253.39502875022546 282.2884539712083  10.0
311.845746580292 942.8850181940309  10.0
745.0554897297944 593.4742058545933  10.0
834.143998037904 735.4232702554376  10.0
283.7852757524132 56.57746417480081  10.0
214.8212324664537 284.0093815926075  10.0
138.21694424641151 405.28806071777336  10.0
877.0741576149952 59.08507902511473  10.0
115.94825032395562 783.6652054711262  10.0
56.217754046635314 488.17385154843896  10.0
168.70916287353012 204.17292985530722  10.0
651.7896102401862 501.75396794060146  10.0
331.9264575995179 174.56277598533566  10.0
57.13340646136478 60.616228398082896  10.0
320.2492012429029 460.919062830346  10.0
862.7320775586446 226.25989128230682  10.0
320.3256958789726 525.4717599683876  10.0
814.9130066685507 797.7949617558459  10.0
523.0983680735391 780.3205283260281  10.0
178.14919500517234 531.9831326384576  10.0
720.1104364046286 432.0031992297354  10.0
697.031762162453 487.46314411825864  10.0
851.7940666953666 356.8798482442016  10.0
683.0907888090625 89.87108536141785  10.0
740.4365114416966 143.59453641029262  10.0
361.99315108346764 101.47970908079418  10.0
366.49757898944034 166.41358606476163  10.0
508.24738988377504 797.1451218020516  10.0
954.1778247516775 312.03046979063834  10.0
567.3972258255411 297.7634134399467  10.0
820.6137402872189 772.4649725842382  10.0
919.7873252307595 193.10342303054074  10.0
412.8030274132566 137.97396107793702  10.0
675.3355261709919 297.79628886501706  10.0
207.33872571762691 876.4301178135588  10.0
405.3485971015912 627.426434238903  10.0
180.25871661819494 169.41395426471962  10.0
515.2688811147789 456.08250749117616  10.0
367.7925447449394 990.3036015809771  10.0
541.34174898672 622.3909590946519  10.0
633.5150333415797 255.93569682571405  10.0
514.5445461783178 87.96928006292204  10.0
133.39200990078604 860.9501033788015  10.0
676.7200404337048 120.39922296471917  10.0
127.43028356914866 412.720035081358  10.0
256.70841148250054 372.2356192207952  10.0
725.1208733108613 524.8080800667539  10.0
718.3731968184591 558.2289704331463  10.0
871.590466431629 598.1781635900478  10.0
877.7692861735634 394.85551950524314  10.0
382.3530832841523 121.93195080491314  10.0
553.3008996101898 959.4112921101114  10.0
