1000 1000 1 10.0
150
181.78306790023134 227.8065956957064  10.0
98.36016788961999 889.7350412438168  10.0
944.047844549481 702.7328843248786  10.0
683.8023246917963 110.69689374864255  10.0
835.7136870986849 708.2299746836401  10.0
652.6549731933133 529.3014703725721  10.0
704.4678949265592 358.93305903080574  10.0
167.88250175204445 250.07245204621753  10.0
784.7539200679709 699.273624576018  10.0
883.8955549006378 400.1692915063968  10.0
63.14622282886128 114.91053851888589  10.0
597.3077091878238 83.29904698122404  10.0
640.826878179161 20.414500743467066  10.0
113.80318217003915 269.9313596126739  10.0
343.9269059794571 106.4399488538671  10.0
148.77342965487617 680.9758759162568  10.0
911.5968773173436 235.2820608266196  10.0
174.10609251876753 168.37094318167155  10.0
452.02271471098845 410.6304918820953  10.0
999.4876875516543 573.5706419751077  10.0
498.2045007386133 115.49581483349525  10.0
533.8062876996702 553.7072950570973  10.0
918.1673754826753 711.6984279895001  10.0
610.7185983812489 405.24452746943285  10.0
138.37520661208623 524.9741139559549  10.0
982.1715265919829 486.2262931248262  10.0
624.469522854318 701.6638670776516  10.0
584.64486634682 440.76515627398993  10.0
330.05754147949716 916.1205154749283  10.0
965.1087449080619 63.202738755273494  10.0
872.1244849688844 532.3780058245533  10.0
317.1659014293743 304.41458939398456  10.0
520.747635537833 879.2936178145687  10.0
922.5748819235467 619.0201744632773  10.0
701.1402748379752 885.2873404523231  10.0
919.3277540848627 579.797956280709  10.0
597.6558398118832 436.9669638853526  10.0
224.68169421018635 444.3950545501203  10.0
622.2340144381449 475.34083660623406  10.0
130.02077139963865 149.45925204894718  10.0
963.8718756483545 23.985212250084654  10.0
554.1506483375265 28.610839618911644  10.0
171.05500745017665 55.446458907399744  10.0
192.605672030152 403.2105215505237  10.0
735.6849004908186 345.32258565695975  10.0
832.7740776419182 78.66875187041266  10.0
944.8906503963874 237.88321314692774  10.0
918.123995919982 694.0808039952746  10.0
846.2144356840427 552.7500572439602  10.0
39.539075008657164 819.2613357652324  10.0
32.01164387722122 699.075155837888  10.0
407.74942495440825 670.7907088965293  10.0
90.508746531486 431.8175745313866  10.0
518.0701056000372 327.47485315431936  10.0
993.8124775953672 584.1332633226049  10.0
157.13577408343093 365.6593025061906  10.0
397.26665760741963 540.5573717248647  10.0
621.046804024547 906.12708214677  10.0
809.9036136157617 177.57174181148315  10.0
515.3186184600177 166.84936178101205  10.0
862.3391774806094 491.3147822043368  10.0
789.2530367375414 749.6466009709458  10.0
446.31169172699526 156.60488661771788  10.0
720.8259910460381 53.85720565858221  10.0
329.1671170167001 817.1126389742851  10.0
412.91368671803554 406.39967161249945  10.0
956.9436672624227 993.4307813914546  10.0
987.6550491774365 725.1533022456507  10.0
551.3111424714639 113.95580161056196  10.0
72.9751145520815 791.3713781800125  10.0
278.4716448307558 322.9079828706515  10.0
363.7706884334914 496.8803310838793  10.0
222.23011226592428 400.4817261157226  10.0
9.985894528411588 753.1068144068763  10.0
128.7940873464365 342.0315788097599  10.0
334.7822646942296 101.51422109282015  10.0
407.4644739316478 886.3634746572047  10.0
918.2337873273832 448.8188634814099  10.0
669.2300967543405 557.6148614610195  10.0
395.4549466232279 765.3951935324912  10.0
164.38047325966198 590.8715211845044  10.0
412.79531694091276 31.56874459345893  10.0
840.6029450280167 448.58268389452195  10.0
61.71159868955056 194.03426353012676  10.0
384.6318105802663 503.0004146235666  10.0
767.1541890759186 403.42548940985637  10.0
533.3686950192392 859.2830172033202  10.0
45.78185852708605 344.1024008768283  10.0
144.4946973728669 224.56664819395843  10.0
769.0449857341815 38.51076873615056  10.0
1.9468720490392055 190.22275352799468  10.0
567.154226788644 111.00749816488509  10.0
98.23279167090982 287.68396791039817  10.0
792.1778442299226 129.83509101594925  10.0
183.40873524535382 702.6340419789553  10.0
21.987796040174423 310.9664736313632  10.0
699.6481964290444 588.0224315613042  10.0
431.50112903271184 563.8319642886403  10.0
830.6798636482962 503.2775972716641  10.0
483.63963801814447 586.4778281420853  10.0
286.974544832171 625.2573394672279  10.0
299.65764823481743 476.4958122888353  10.0
620.4131499805692 25.88882856880048  10.0
756.9640511123421 114.1016931089558  10.0
316.2688857047313 492.11431105893433  10.0
832.2911622602848 395.0303480670114  10.0
645.6883732116434 75.6735338183564  10.0
959.0402610918485 243.45306875436577  10.0
278.45822163653946 803.4169787552775  10.0
199.85910169330566 218.91330757340222  10.0
953.6947929905078 753.2589996311076  10.0
848.9844267591569 446.31455190815075  10.0
85.19700320157864 6.5431782998670585  10.0
673.6080257763309 544.2840901224212  10.0
38.55278061342593 824.5069614138018  10.0
379.5023870879932 204.7753479861858  10.0
958.6921247900596 764.6962187953823  10.0
43.36774590606518 85.56020072909021  10.0
449.4309519532419 352.59470338576483  10.0
192.83945601522612 717.3019946181607  10.0
110.65118153777908 354.3972680567177  10.0
934.8207872388302 198.18913809230122  10.0
924.1148989730584 658.7702391052061  10.0
33.78333636397679 551.6477331346492  10.0
745.5108085445594 268.60522045498425  10.0
123.90295627124115 756.4416604692898  10.0
708.1839778002538 928.1884556299522  10.0
302.37660062934725 623.5063651629505  10.0
173.1007352059357 466.8701797310966  10.0
195.99157574897552 890.1529018527915  10.0
969.9519743121715 27.233647848827978  10.0
218.99484735677765 129.817031352915  10.0
65.90048760857981 963.9270208085163  10.0
147.53777316776672 334.31741225629406  10.0
471.32848518906354 348.7354527682853  10.0
324.4468094811005 315.6262337699732  10.0
146.04423025259905 698.1350364240141  10.0
777.7985125014728 395.44445295782384  10.0
904.7567385280744 751.4838710608194  10.0
287.7527394231386 203.41295038071038  10.0
837.2307620075825 871.1700208473096  10.0
968.3252844125756 788.5798812779991  10.0
556.3844312035235 910.4499609766768  10.0
244.2572504543662 663.7837517640739  10.0
666.6942991265668 200.3751019822583  10.0
197.86519673402302 848.900694972471  10.0
205.62376155269 644.1183911142997  10.0
136.73282736777236 456.443433197431  10.0
452.39263554169696 775.1765325594107  10.0
890.3310153993225 871.7886080673842  10.0
