1000 1000 10 10.0
150
295.0071958992685 783.0262983122932  10.0
430.7719657132446 492.8816840652781  10.0
509.0967293889085 391.7340757220051  10.0
863.0822837638954 297.012856314844  10.0
522.8171839426268 153.17684218240447  10.0
728.9292999382606 527.4915698892678  10.0
669.3709164647861 616.7709754081276  10.0
279.78460553667605 791.2465300552037  10.0
332.75059986253586 600.260354521586  10.0
631.3065196203947 758.8730504900382  10.0
183.96464698303473 417.897644392208  10.0
54.24975166637203 126.10671674489215  10.0
695.4007481978049 346.8240961710769  10.0
63.79200025903764 356.84530411511963  10.0
481.9420874829928 389.29517541748703  10.0
938.4117291241164 179.91774941683204  10.0
377.80231633754636 725.3138569823268  10.0
175.4277303179781 289.33771906426176  10.0
799.6467848453046 118.39778827182369  10.0
47.53738071691493 206.56818400195053  10.0
869.4194953716813 936.6196616816154  10.0
863.1676757784829 803.3630164154189  10.0
974.3961325644185 381.72512250454  10.0
753.179142412509 555.0399520673684  10.0
927.3358666982144 981.0461369239977  10.0
807.4392894349446 196.57898289146448  10.0
656.2056096454071 390.0918631568454  10.0
167.00945379156585 87.7290325411717  10.0
400.8021547353834 78.11317096376114  10.0
241.1645381587122 258.3446362159523  10.0
722.6992594143098 524.6011449089601  10.0
563.1925634161056 801.4638615154965  10.0
245.29821803297824 141.59354417515635  10.0
924.8967505752132 9.17736428726501  10.0
932.3620894949391 254.8279155514438  10.0
336.95023458759255 405.1277327472732  10.0
886.2652375699024 126.19346732439496  10.0
50.7292187957249 617.5172554002403  10.0
101.29134452909183 180.59838380888138  10.0
346.97757757133843 857.7914601024237  10.0
342.6648992153658 312.2827281784142  10.0
47.632251529669766 622.7046318533904  10.0
338.60238504717097 388.7720826007204  10.0
739.3652082868394 121.26259181576282  10.0
770.521178963494 845.0799884706325  10.0
510.8745600647373 843.0773990515781  10.0
125.64563977841937 566.4323970959298  10.0
600.6839222877951 630.9572466467212  10.0
336.60146086351807 94.70032668996842  10.0
728.185383868058 598.0941702882033  10.0
274.1908788978331 561.8922600096291  10.0
37.888449109875324 239.0011821781042  10.0
582.3929762349385 653.4704867569563  10.0
525.313647077665 123.38953344759773  10.0
48.73491042050671 334.9208709489379  10.0
532.6960213245709 633.4658151607191  10.0
688.5310184183481 36.918726887560595  10.0
403.6403067683133 307.6676805820091  10.0
988.08923781312 487.5979857940006  10.0
668.0964649382254 487.64603511908234  10.0
299.8348694972425 404.8449745776771  10.0
192.50010230449965 130.3407293509661  10.0
211.40363947228835 817.2017148778264  10.0
574.6498658495453 843.2855981762629  10.0
821.1081391106586 868.8780851513771  10.0
688.8692317432077 428.8179051233391  10.0
243.78200697381092 582.5365175119271  10.0
694.2280645192743 481.6565623334658  10.0
343.8593102309452 202.92591725646514  10.0
7.074650509157898 874.3517562677015  10.0
646.6467678209857 425.1071751592025  10.0
708.8561900275195 286.39899074666687  10.0
614.0990206631492 22.924836485888168  10.0
611.1820323951466 285.3479067074287  10.0
988.0081178373188 136.5452892400243  10.0
732.3106570357683 852.027168169062  10.0
701.3702700210897 752.2947404881787  10.0
252.71779753761348 657.0442425946579  10.0
937.7942920742482 713.6945403583826  10.0
112.12969526805416 842.0085794533875  10.0
279.167805265128 939.5060453821168  10.0
286.3821952659553 536.4662383452236  10.0
523.3989876205009 392.76062163469913  10.0
439.69269346727737 850.3218133264872  10.0
676.9027776991529 744.1644958707943  10.0
86.4090029379192 621.5641326241764  10.0
830.6025173609908 603.9327758361635  10.0
616.0247329149427 770.3997669900532  10.0
113.56925978791898 658.0204549371031  10.0
536.2288957148173 713.438696776903  10.0
685.0226218073634 37.88242430810263  10.0
70.98239130464678 925.3645010244287  10.0
773.268558230063 777.3087813849901  10.0
814.0918472232215 400.56152236229093  10.0
99.25128708009368 265.54563113272786  10.0
483.47712500234985 463.4595166523747  10.0
632.7476359764548 192.8254072161194  10.0
947.3055341004915 103.89616050102501  10.0
520.8340549577891 602.5955089169565  10.0
600.3926457598902 772.5863636332326  10.0
201.10812352159223 314.1470583824093  10.0
857.7456333620206 361.82658358784283  10.0
166.24755467541507 160.0108104467518  10.0
1.8522050340075147 917.8513731961243  10.0
581.841762771117 194.40026815698687  10.0
871.2942777823916 483.79866878148283  10.0
976.0321074655434 272.1469243683897  10.0
910.4923584395236 356.02877608211327  10.0
517.3489649788385 171.98597020183738  10.0
913.8631319230359 951.5817624170223  10.0
976.2351558760832 743.7155712881597  10.0
392.39926504997845 430.8468122172502  10.0
326.0964527162117 395.66593233339876  10.0
866.6570038213003 197.0557639840168  10.0
81.32219749524027 607.0795600119387  10.0
547.3638333040509 403.00271210681893  10.0
892.570153277597 49.41716160218734  10.0
803.334626336866 635.4304237366881  10.0
623.7109974689073 331.26847563305006  10.0
536.1120439025409 18.812850998899734  10.0
120.18014049869197 343.4607428533781  10.0
81.72248591752451 82.80314939634381  10.0
145.08573708948902 674.1221136752663  10.0
542.1665155850854 871.404559404594  10.0
507.27298027817756 587.8711445268817  10.0
512.7382508238649 936.9613380094376  10.0
234.64720811748973 618.9673755371733  10.0
15.995681424287644 58.35567495619287  10.0
756.4087461665496 915.1724613144197  10.0
79.17978833358919 750.3355656743587  10.0
449.45528543177625 87.23519357559428  10.0
799.1069619013955 889.6879392110188  10.0
577.0580081581112 468.3275603769156  10.0
927.036375119073 74.00992687184127  10.0
602.0198398239058 368.42368536203054  10.0
975.7397585088286 650.1208384722888  10.0
91.8758002797756 120.52671249841163  10.0
601.9778891532118 701.6958188591792  10.0
950.2965395992693 458.81368076672425  10.0
549.8150788267797 669.4918655748548  10.0
506.7083096969134 43.181622725765536  10.0
753.6785947877505 692.5752914997828  10.0
75.2436357452152 750.3429480641696  10.0
294.79757956629015 205.24949623336485  10.0
954.4888235433118 688.5314642220792  10.0
780.631659536427 801.9202356365207  10.0
481.09605266903276 761.0454191768695  10.0
374.12654795338216 890.9252666826377  10.0
673.1790114716105 3.266822432530292  10.0
138.1105746228688 198.39383585419046  10.0
