500 1000 10.0 30
1000
27.377098762695397 314.5929262203354 10.0 2.6899641764511344 2.417875832937349
312.9602011194873 361.6731968414402 10.0 2.703184950919267 0.8828516393373202
104.34927858270987 691.299928686624 10.0 1.0539731393720755 0.40699895859439017
369.01042451071623 321.3178111460013 10.0 1.6531690539310882 6.190461490581569
377.26806736379183 135.37370258814184 10.0 0.8808315865796493 3.9181650992576986
21.754790862189623 237.83604614937315 10.0 0.30299695182438596 5.381511440282685
84.6231131061636 880.2408058993644 10.0 0.9102031191283495 6.079541629701404
142.10977936172702 476.3844696791465 10.0 1.2640256835660937 0.3070429466197438
452.7812231853789 638.223082772432 10.0 0.19522504114563172 3.2372777074002888
223.1523018719994 611.0264141229361 10.0 2.6875909694421325 0.20798294914987508
82.35844000213233 963.7741460323755 10.0 1.3228882160794522 0.20153388989301416
426.17502182387346 899.5712620433004 10.0 2.8093081729230915 2.3118277947975776
9.915590400527307 90.89792196447 10.0 0.11103420321679998 3.9972416242607234
279.6042548529493 515.7988128267057 10.0 2.7080119651827452 0.6089359723640516
431.30550850612667 373.6555528539025 10.0 1.1623242425500198 1.0390502862319115
79.60843942039142 792.9752884596842 10.0 3.0700904720321245 5.946915689636499
197.99993233208008 708.6670160678696 10.0 2.05156071032506 2.1853082246050963
166.2255475014106 982.5670783146271 10.0 0.9601468956097372 5.603717886812069
322.72429243110633 568.5135092711297 10.0 2.80547588688628 2.935676603389186
373.83731554907644 282.0584606634001 10.0 2.8090983476126286 5.699142916899474
355.7285084256217 524.9470425215154 10.0 0.7301274814750798 2.9174860520555246
79.81854288223944 135.77954236224988 10.0 1.5011794140030383 6.065556785536395
118.0218366051486 390.8134432986203 10.0 0.5414788320643545 4.182064310398512
400.18958729969285 62.65078108605926 10.0 1.315202450816098 3.8136353302254085
402.89999245671646 359.5948501337166 10.0 1.4250992005805834 3.6508465961643983
206.10016723361068 514.7502048955537 10.0 2.4732278084618575 4.019231075421453
382.0926695484826 771.4781914667635 10.0 1.9761363925665336 2.905054216341456
259.9725518156197 520.6097009660922 10.0 2.348456532692013 4.961882018598408
77.85945884015865 384.8558520584311 10.0 1.9242572079207179 3.534863486864363
395.1322965973143 117.14640630526141 10.0 2.0545198995023335 2.314502762300078
387.3624574785346 282.1645243940987 10.0 2.324798588153022 1.8170726612967416
287.7547292331533 824.1358479593888 10.0 1.6405510898144617 1.705925775618313
270.64354507465225 788.9688869920107 10.0 0.39958594253117213 4.34426381020429
494.95510817425736 665.1325451612248 10.0 2.4593431723974017 5.516018030693217
338.53462024621115 35.196010194999076 10.0 1.1290133689773874 6.117836927791134
57.85084867085277 488.74490718342844 10.0 1.5037750510739656 4.165743000489924
201.8287046412441 37.427064302728795 10.0 2.508932888476333 6.134986773696822
93.42366835136329 594.1701318995241 10.0 0.9911982675835848 3.7353413763148517
68.04025565541733 431.1521784698149 10.0 0.13589430034575034 5.123594018584611
424.00999079654184 914.8958121570927 10.0 0.7122076810771684 3.9340711381691174
197.0826285866067 231.89512208431208 10.0 1.0210043524557904 0.7648403618920381
418.2475897618051 264.47411142705926 10.0 1.135876702258948 5.378569344421467
452.19099591149137 254.11381351411865 10.0 2.760556089405886 3.597335389679081
342.3067491362255 398.27514877861404 10.0 2.0666404703155896 1.0439831580480423
307.4186905048489 66.78287345038181 10.0 1.7911252513394529 4.119561930059264
145.23384306024982 895.1254322918876 10.0 1.2829627721307693 2.5705953634900593
298.0351724528745 614.5646375173748 10.0 0.9944512232723529 5.390617577495896
227.23568952169398 112.73788410036822 10.0 1.5149143618683176 2.8830205722339093
25.15370176520726 883.474867729677 10.0 0.2691862027218421 4.522167045746311
364.7326526325981 720.8397655617622 10.0 0.3456685756060661 4.344509825399171
450.91695016459937 239.94910807955227 10.0 1.5958873220533731 2.80406369080847
91.00872397191367 565.9042485371579 10.0 1.2391726933737575 4.478664311778719
345.5685485772339 322.2164975300559 10.0 1.2167614100546593 0.11318669204545387
456.28657682305663 871.3926490823534 10.0 3.000240622925926 2.5076508864314397
372.73871782095017 612.886605717162 10.0 2.0273327771552796 6.224063318449501
216.05582741658878 27.412883266694553 10.0 1.1569364474384978 3.5622177760589913
424.2721840053492 71.6561865928259 10.0 1.5227846524112183 2.6796732100116323
121.48264974396467 473.70075164134676 10.0 0.9829955392091696 5.272791731927018
440.9264702616831 457.0416909837521 10.0 2.5333108254059478 4.079930364632328
110.72870610641272 429.83030497634576 10.0 1.8227250710898468 3.2872122046452175
80.26861357959936 216.04384470192085 10.0 0.5204331285738356 4.791389114582963
325.00772250411444 476.5593687971288 10.0 1.130817390353605 3.565977625490932
218.09849150090145 70.65078138215131 10.0 2.5226015192639237 0.7763714240046811
498.20767475503936 242.21659109859718 10.0 1.4514621694137737 5.7439281019585176
394.7270048877807 680.0856269008237 10.0 1.676903053994329 1.3503605418225548
393.9068287669226 698.0363068342521 10.0 1.2049494247110466 5.099499515478069
442.4369401625249 7.705046902781287 10.0 1.6751047074944143 3.795967069587753
88.61164928051785 816.3472780846497 10.0 1.2008347232206442 5.694809130642419
155.4549919294448 271.4549299620123 10.0 0.9436885217834112 5.863536454117033
25.04478697999868 595.5218642730359 10.0 3.0334704599314875 1.1215179877926504
488.7627656507351 606.789412429333 10.0 1.0609750693341349 0.8123702225742677
384.31123651973786 705.5915248702173 10.0 1.4338442464263028 0.2387332864401884
397.0750661983668 820.9596037571853 10.0 1.0372714933144265 1.7482955726080343
450.770826934564 258.43518660478514 10.0 1.7113988188751237 0.9308222779372144
50.313608603401896 867.5780469914138 10.0 2.701232336996262 5.354038271424013
268.44502149872466 456.44654898410363 10.0 3.098718860684531 4.97936138083308
286.90408802108965 920.3655041881391 10.0 2.9555367643929524 1.4583923497707894
12.786423193945906 123.5867334823072 10.0 2.694703464871316 5.3514270899710885
291.2249426735194 174.9859151810731 10.0 2.8574582644846642 4.514087410543615
126.63883991723618 372.72832784897923 10.0 0.08901768424188043 4.440934560863569
106.5358846239311 757.8761269079748 10.0 1.433449954045982 2.9436390134016706
394.21619755540604 913.1972085430131 10.0 2.385571509925686 3.9900062009401815
219.7142005936221 370.97654719539906 10.0 2.612524940353885 0.34342186335537406
251.92835994791878 752.4184833179708 10.0 1.853836290054521 3.235928650786549
79.12709511593641 551.2686720099217 10.0 1.6167577127608288 3.664544942330201
259.88199112814044 295.5724824780267 10.0 2.8947686039607627 5.7009421691354545
31.968149018791635 674.0263329789904 10.0 2.7556319796357824 3.555469093161623
282.88461944744256 97.16746120577291 10.0 3.005908638644961 5.196971849218893
292.3860053427462 78.6862640122975 10.0 1.9758380803717668 6.188471253100024
54.77999054345256 768.4349042280743 10.0 2.8616268263111078 4.869621804245008
176.7333668619332 946.244751870436 10.0 0.2504111363756598 1.533667657584648
424.9428054269697 794.4539685613784 10.0 2.0293652527454835 5.29602476034925
467.2645849529269 807.0863643925072 10.0 1.5791666064403822 5.942518844965804
210.76106848458238 264.9109779544099 10.0 0.45997543190869933 6.036085786743455
390.60974889022447 808.1510220405419 10.0 0.42326703343365424 4.314267007140359
204.93407834157006 772.4006612318472 10.0 1.5429071966093113 3.7756044182343484
322.35361119276337 118.34568214388474 10.0 1.8812669707255778 1.9638587535175427
11.414200700449184 982.1749662005244 10.0 0.7360345268724195 3.186481187861503
454.04729162776874 101.1069983589512 10.0 2.4604512901473488 2.040028728126789
8.820601386066384 627.2460146618873 10.0 1.1139684388654603 1.6513432666167622
283.9809874629341 133.0209639571881 10.0 1.4543494726613857 2.3731662024729796
365.15300048150345 932.7491270497927 10.0 0.5747315666592726 4.818498554327978
418.0458449147758 197.4061622269644 10.0 0.6253724395659926 0.38923766985768354
152.63362206040736 723.4725790949271 10.0 3.0442207900061407 5.860220955709489
292.01303684493973 631.766342029583 10.0 0.9423980847008319 2.5800140385269366
236.50539667471787 718.4598774739047 10.0 3.1307218718979097 1.10823884503721
51.55815322352747 658.0191429608158 10.0 2.7669369087502096 5.174727576436293
236.61468423566495 766.5912988007075 10.0 1.281289449901986 3.2137621654244444
451.3591394010253 574.4068148180204 10.0 0.9589457023612559 2.1936684190271962
485.6064291606865 27.050426764460013 10.0 0.4630549422820768 1.9838086891296354
259.5958551802903 737.9952417341834 10.0 1.7162720146467751 3.2368073286593533
32.56006385291238 348.582320012495 10.0 2.151366021594258 0.5455736994094311
279.17928483921156 716.6679128910706 10.0 0.7825190610987365 0.949027598232048
365.8941804192835 351.4494851669586 10.0 1.342506885760873 4.733973758117511
222.03872814052949 239.52029335605894 10.0 1.6735924278669416 5.603536564306519
154.36815630879252 965.9917585826871 10.0 3.085292076730994 2.2479213505113793
297.7948571931114 824.5617957483778 10.0 2.5621434005107124 1.9220376476442773
430.00880220568786 431.69642769679615 10.0 2.129818400151533 1.107613174511853
3.147002728778603 212.63076902643076 10.0 0.6250414460697633 5.263494132373215
261.79017688093455 10.68498615035962 10.0 0.023947252810074534 3.737163579611366
223.30255838427266 986.4293996281197 10.0 0.612553012471583 0.04343536495856622
93.89472301845103 919.5225033553301 10.0 2.8265980742215886 1.9128280202903263
381.7768404754245 3.584202026165273 10.0 2.6169337107031843 3.4890802029741943
47.383835191801836 233.25605484114132 10.0 3.0825898913691336 3.9896343337275537
499.891399886533 522.638956677441 10.0 1.3522025780613307 3.0347108438317933
109.10592087560839 765.5884101209841 10.0 0.754651086068577 0.5758843753381041
152.29889631930877 150.88572027425096 10.0 1.767936843939911 1.0377941367609875
256.6702184042603 179.09326795000058 10.0 2.3546861023044503 2.590455673458196
429.86282582232116 992.9407141225062 10.0 0.05665116150628778 6.226469666474488
193.31434708051148 829.3781239566817 10.0 1.1336388237138237 4.465293662180426
146.21998460259948 628.9709465227247 10.0 2.421839602083738 1.3553785262740559
491.49379746719023 97.10124678422815 10.0 1.6649520682230277 3.286429112586898
149.35402337025877 801.4779800980417 10.0 0.8211169986981754 6.082199970618015
69.02148235092886 211.74888497605937 10.0 2.1455716239110103 5.175728269702186
224.508001294834 939.5451246282488 10.0 1.6134803330139778 3.7896791956328535
46.585470729464284 821.0789795765581 10.0 2.461884540856762 2.0518566734011925
199.76428264832285 899.4542502672078 10.0 2.7631833248150737 5.303551825021243
160.47299923438447 810.1375717364597 10.0 0.0392251335719898 4.010701996264899
490.61977089529677 550.578434647438 10.0 1.3920777196284706 2.5231870012485804
29.328901967322686 123.75432185500269 10.0 2.252429606923449 0.507996575712127
444.8845439083089 85.4567952114107 10.0 1.1603409737723895 0.09235259121557464
198.77659413966785 596.423187987222 10.0 0.13731552947787598 1.5578285921839212
474.2322166197942 182.95765321812607 10.0 2.307276953036015 0.6490370068466947
12.729761669664331 43.47464279559654 10.0 2.8663995024954043 3.8554492969744643
83.72997930469262 403.436358412766 10.0 1.9515714929290013 2.9764330548211806
485.2228362476143 117.44566303894621 10.0 0.7597097739083335 4.763732716764977
35.67650741982836 444.7939878632198 10.0 1.6198573843494415 4.8329470136459385
471.58832234137964 683.5537293167613 10.0 1.8471017226775375 0.1778798987029516
9.075829030018468 138.34315109373108 10.0 0.9082849466937452 3.8098913629501494
62.80929779676592 718.1809732043101 10.0 1.8989498074540845 4.38472420825378
241.07539417571732 313.3871969758496 10.0 0.949489301282736 3.7026881460970307
251.8749868669215 984.2750149705128 10.0 3.096494608696206 5.9400804663378795
261.6962571235256 909.419032155193 10.0 1.3020396513589307 4.036279293378088
45.967686347141544 987.5723831447657 10.0 2.5197752329500913 1.3530516787499165
458.1837089866291 964.845913529429 10.0 2.939188634519563 2.2217177299188458
323.30908148495087 967.5509771683213 10.0 1.2217760055669158 4.89277460851926
330.306364788752 361.14613398333796 10.0 2.5248013910666227 1.6925990975772338
358.49413920959796 927.017933782982 10.0 0.6198115019035466 3.5189190475267935
422.9318673700469 451.3643438759786 10.0 1.6488582699509322 2.0912334125110803
65.14066377960742 954.2387548956867 10.0 0.8444626482027224 3.4372441527399524
47.20734259366638 951.8514051340751 10.0 2.0732434767237455 5.693922622831431
129.68265396375068 341.51437794671347 10.0 0.763812185887644 2.193042739460127
26.672652767438578 726.1550361589073 10.0 2.8062312724044145 0.4372760473052532
335.1355580299515 254.11215827878465 10.0 0.18612400194479847 4.5294396908863
329.63473547629496 339.9677627990141 10.0 3.0431059436714603 0.8588225062407426
498.66165133916377 953.4571390609973 10.0 2.3879186434353894 0.7463816578379353
74.1309816076145 516.0380536163804 10.0 0.08778873172484263 3.6412933229887297
71.76344282893376 828.4898092328592 10.0 0.19182980703189223 3.796132683569594
16.809846632874994 867.9512515559653 10.0 0.4300756069882057 5.047279562244597
76.93360712987379 739.0966132636473 10.0 1.8606589854520243 4.160851900740311
262.0568910716452 541.686306906113 10.0 0.10663567595221544 2.907084860184587
179.58907665357 425.51955475339844 10.0 3.062992369942729 4.721517171859237
52.694224409181366 643.8545585812531 10.0 1.2150599336825874 1.6411764024641236
319.117898428569 987.6507925923016 10.0 0.4467050094585354 4.088544989156307
128.58161917417686 585.5271423091384 10.0 0.2887591873281891 2.6703183980539102
447.86665766102914 688.1191155971845 10.0 1.7704034628163319 5.780370777623556
264.44731787670264 720.5567139604851 10.0 1.2648326824442107 1.836380964675683
51.89671144352265 583.0739186703805 10.0 0.8946282335297552 0.26015621010726847
223.27678088643583 907.3002826700957 10.0 2.88987350290681 4.461243826455969
252.33735868883 734.5731417165765 10.0 2.95896391582983 0.35847953595895715
486.5872750166342 872.6491027576526 10.0 2.300258527023815 1.1269713530015288
411.16405932705305 8.481695883178375 10.0 0.5026350488399823 4.835545482641072
247.91674088375936 507.2718603037204 10.0 0.7502035672262429 5.9108650605519495
290.2298474693393 711.7861752581231 10.0 3.1334950851224725 5.168289312709208
280.85476802769006 470.9776919850083 10.0 1.3878536513878914 2.7691976090625654
437.37798824660774 573.2324605470591 10.0 1.0826353223451137 1.4220984092306201
417.94401527959076 737.1048175390162 10.0 2.3314480827344015 5.475792780163807
98.46410870824795 821.1922438318239 10.0 1.37783608858733 0.9208570754672493
1.7800655498600992 954.8415246277912 10.0 1.6493681430026157 4.552623173323676
79.11586366505175 362.66483506297976 10.0 2.835919690966637 0.13255669005040094
294.6379146874833 758.3854737354341 10.0 0.21734703634067856 3.4569992772914198
105.0582662785109 317.3204805540124 10.0 3.054134713473342 2.023993477287013
457.9531692648887 401.8474881743754 10.0 1.7778906013394256 2.285521100844733
354.8328001600968 410.4914274700856 10.0 2.560799082979043 3.328350542505864
337.9861715660855 348.806459936734 10.0 0.8875776733571545 2.45406886120528
463.73855081607167 979.0170167330174 10.0 0.3451635800222255 0.837592795412945
418.9970484010868 695.4212160908132 10.0 0.48878890963667787 0.5697466493475004
422.8232087058379 593.848956378987 10.0 0.9045943468709595 4.5705477863520265
430.25985359561906 556.0058050956916 10.0 1.09684708620854 4.113349903563706
421.7524462449852 553.3231993516691 10.0 0.32549783515876374 3.256042995029317
218.24404292299405 789.9743979112542 10.0 1.7683214693178513 2.5907530594909676
309.385450240527 751.0044958109156 10.0 1.381218054811071 5.07045571787841
120.29123153501492 699.0622111225541 10.0 0.3945724899470358 5.311602721985856
470.8849220996807 672.0100066867813 10.0 1.601384313534571 1.6796761261963513
201.11541677943868 573.7282520750806 10.0 0.49956634444567377 0.9138984939097464
45.18965139993825 521.7180858119162 10.0 2.725142583878253 0.5159857352465328
338.45492565996216 217.64680732988617 10.0 1.0904622815095832 3.199919905261954
31.677740468494253 740.768714219668 10.0 2.7715085861692472 1.6141870027286087
269.20396062715724 829.1932434671455 10.0 0.30194632802302296 3.8445638394504207
459.8486339875508 410.2614778740793 10.0 1.8605161529951169 4.247226580805726
332.35208863800125 868.8308999860716 10.0 0.3783879164032074 5.966327596945386
420.8520275482761 301.0577735847999 10.0 0.29715848805948475 4.5086475740384175
270.0597371622319 791.3050382105331 10.0 2.323294378880777 6.245893529047653
384.69192465393644 571.093171626004 10.0 2.7730363605588626 3.108669334124804
73.19771797291818 771.5501416605581 10.0 1.3220827773370254 2.193176482265051
351.93379316039704 364.6061206234293 10.0 2.485321844116187 0.23919289679824213
482.67904729044153 803.2168521740341 10.0 1.1127743602680142 2.2035331893651278
13.743012423415912 817.1897651442356 10.0 1.4394520669674098 6.199308505738072
382.9111240954728 798.7248744916931 10.0 0.29116863914676266 5.048252767782327
219.08275958131313 220.5724133532907 10.0 1.4652542786117473 3.7958979427231068
448.6963749926568 569.7478281158868 10.0 1.7118234361313929 4.979843005365092
172.89952251714675 351.0335071269658 10.0 1.792563912934422 1.1666530911282893
31.90952802342745 817.0367144323689 10.0 2.6837876013824804 4.8051959387978185
414.12414578511084 215.36089275836812 10.0 2.1186859068761654 1.0843592187634485
399.27958283147177 508.48777673990986 10.0 2.9852461150703777 2.0009577822165197
247.3167572327689 718.2560285782577 10.0 1.4606683436538157 3.3986145680647892
57.60471781036258 274.3614733310299 10.0 2.533190487882469 2.4808215358020345
426.78367159364257 5.093128791251567 10.0 2.7203125224434634 1.7623215123617284
27.728123405782235 698.5582742134474 10.0 2.1703299519816506 5.097916556512291
16.994175472224427 483.93848497078994 10.0 2.259314493439783 0.19293302267153914
53.60293887192097 634.8582325835255 10.0 2.9673010943026368 2.067234383260377
478.1256886019962 780.7363593932397 10.0 1.1159991305490111 1.1910100108800055
357.7744716442783 927.0297659698379 10.0 0.22363143147979164 4.364713492448157
150.56506796278063 131.56772890751313 10.0 3.0238753310156135 0.3908526121179165
179.60777604561306 161.71468011451572 10.0 0.5522376516461223 2.199436252452571
437.1944192528469 965.8877892328375 10.0 2.8767507622074877 5.43920852329903
457.5886401021093 332.99510147850066 10.0 0.11145042252644037 4.7040464958036985
107.28940209422628 684.6489826687933 10.0 1.4864687250227089 4.1210748867296525
142.02629933037403 547.5487926448192 10.0 1.0640318492853666 2.9663927711570093
270.8582779826589 887.2153175492256 10.0 1.5833201491082443 3.1011566980742047
249.4857958871728 149.29928391580316 10.0 2.7563816462987716 3.6890997986034093
197.24968363533674 550.974600863112 10.0 0.4848406431062725 2.6097378561942146
395.2782386125843 892.4666322767027 10.0 2.2858972126270447 5.874408992076169
276.8573899237363 917.5544939350275 10.0 1.9272875034522607 0.16719287512927164
165.33704999654358 41.925486890772135 10.0 2.2107401160727953 1.8475412423825317
49.750055121736914 89.5490498411905 10.0 1.2244504451066995 4.914824448013924
313.8083103131332 529.7764585627906 10.0 1.9505106225440598 3.821223447522373
350.05419167812477 591.6615753985027 10.0 2.376406076113548 1.7082149977393049
397.6833408319462 547.0371966646189 10.0 0.4772123059146574 4.52703627044998
239.9184260241956 400.170319940379 10.0 0.8725177948804718 0.47881560433160464
84.8016698784937 199.35916350917094 10.0 0.9821763695578579 1.9215227059221553
31.887170042716797 194.62312428942064 10.0 1.8068646004040618 0.06422042382947354
496.5524528724643 105.67677043672118 10.0 2.7068253230346246 5.917494348572847
323.5118246871555 835.6673756785351 10.0 2.3380131758253757 5.15444100375403
71.60250874225999 68.69476874238234 10.0 0.4680771883969022 3.210432062341532
93.02772005911059 322.9214988881052 10.0 0.25733404826348644 4.094443685737176
61.9791518780351 196.12019463022312 10.0 0.6282149921708753 2.353943188721453
29.924759695952762 736.7940238770052 10.0 0.10927614272708298 5.34956323385768
397.83574732837303 101.54537972104916 10.0 0.21259322811180842 0.065687000139644
399.2401186629318 918.156914660483 10.0 1.6587827437373592 5.816533459639905
282.2284477996004 63.8879761220309 10.0 2.3276581839687873 0.3425075136232654
363.4008104648537 889.7789240412251 10.0 0.26872533111819896 4.494714480336726
2.2318501730678175 274.294306419524 10.0 0.4454853079487254 5.906003723784293
310.44464000964973 273.4255769902353 10.0 1.2612985771247407 0.6736990340732186
67.72201892352648 549.4124867921666 10.0 3.136513970662863 3.6015310135252583
362.4472794078442 206.5318825599719 10.0 0.857233449956876 5.328879258924906
414.15480414373405 139.9413132306335 10.0 1.9715540169501216 4.643535975028115
362.9838385539207 512.3540567514082 10.0 0.16941996249175534 1.7395636591039592
30.667674315712603 513.3613516105496 10.0 2.869428838500645 1.1089902107333822
267.4530062750114 127.50643817384733 10.0 0.1324087246383053 0.260150243519343
499.8331666224337 239.75434826481558 10.0 0.04938546623808611 3.244384834683331
485.09181734323374 40.79005028251104 10.0 1.4328813827050237 0.7368367980335951
60.392044555194644 359.61727514197526 10.0 1.869062804613671 3.2800884909345696
346.5092589728396 247.21865675660558 10.0 2.875652557829368 4.358778673849596
429.29432894039644 862.5773273625548 10.0 1.8443133179159519 2.0431939651163207
495.5667907249534 471.1491884859781 10.0 1.8299414228133029 4.675103189358992
244.37632566859813 155.91394139084426 10.0 2.5608751407764894 3.752919105154873
129.4338461547424 662.4220981564243 10.0 1.1860492786237453 2.177320592323783
114.00176782078603 651.7943080962423 10.0 3.052948511231594 5.33394439203788
135.64665461940655 519.418364439569 10.0 2.905237327653292 0.45287339169643653
384.99517684828027 852.1283520640891 10.0 2.3808016627852684 1.870678859232548
299.9982019873813 542.9392456697602 10.0 0.4469215388600486 0.03502960869471728
365.1955716770885 559.9497780899771 10.0 0.6682962542252557 6.263504364164724
384.08773944765716 374.8149909238424 10.0 1.9922583117208985 1.3619377569172837
361.9587160748053 96.22917856920587 10.0 1.6377692598001932 1.037432856856939
496.35775974244586 425.148943662373 10.0 0.9296616889681398 4.695715546501748
22.935947469190808 651.0253631311161 10.0 2.615552228022918 5.718191666088699
305.4466823840348 42.102836066214344 10.0 2.490345767773694 2.7064254029475423
90.4577067760115 147.88162693628902 10.0 2.7491019424940744 4.938577139206713
269.6853348171229 728.1302531194524 10.0 2.5790808812372217 0.6957001442936953
305.84999496450115 250.37258999511957 10.0 1.2718552113024628 5.513091196270749
181.56536305406067 156.56377399992726 10.0 0.9847194336689061 0.4746105059868189
325.011767884606 389.70836117865593 10.0 2.4196163518636356 2.201222898886313
451.00768482131906 992.4625239591696 10.0 3.1351449657953006 4.861686385444601
131.58149135908187 942.302039259823 10.0 0.4053862607012581 4.158459492239005
176.2590852169982 771.6261583430883 10.0 3.0458082314484605 0.8068333347398774
59.02083453699552 936.2067607635396 10.0 0.32634912611115957 5.467946823211818
176.24516850053874 341.6816170544303 10.0 0.5866732691793739 0.09820301644410036
157.94385389685684 915.3287316469397 10.0 2.8568322663806587 4.627995240468044
283.2077250362528 619.1490063844893 10.0 0.16364431165775983 4.5515734609125325
270.0195974671616 840.3223706318215 10.0 0.7469740090690844 3.5122384829991806
319.4545817255157 666.3924920296631 10.0 1.5277944522825107 2.91363102015742
294.77624695928193 155.07371063789287 10.0 1.374713231588211 5.85464165456433
307.05019238962194 342.3629401999475 10.0 0.49430262412283166 1.4671942886462235
260.6351855911912 397.6786704266726 10.0 2.419517262080474 5.466425974659659
84.27502526227532 31.03804907393892 10.0 2.430437919166289 3.932619970380426
436.5027255920594 984.8218884192025 10.0 2.4497049599420166 6.228254276372291
127.68183641565301 201.46686396962133 10.0 1.8918476787956926 2.3436918957452075
345.24796139730233 48.46303627123283 10.0 0.19531822401402918 4.374484663991259
3.5769943124328574 803.3240981105473 10.0 1.9523246106761771 4.44797440466002
165.39463526102338 453.73620731148924 10.0 3.037343102902867 3.3871713533724943
497.7550672423024 751.8813237200408 10.0 3.0443628459893906 5.371892818461995
132.35534345968813 376.9690664586835 10.0 0.05602963752021209 1.4413966174851236
97.31455198798727 6.3007160933530315 10.0 1.8689562891775926 1.3571538581913636
175.53600334158625 72.72793041758396 10.0 0.2797228958488094 6.011650013507497
123.38316037028285 995.1578267845321 10.0 0.8777838096848523 0.4326556799416301
152.63887586830606 708.7949059762626 10.0 1.941566113604946 6.156061180824478
438.5805904459008 393.09974656077117 10.0 1.3419920841371111 5.30638975055785
167.49217938677563 397.98333716122113 10.0 1.2394691687301838 4.21209261146173
278.04700901781007 502.5445605662918 10.0 0.9310735187625763 1.8812999655166434
82.73436948596962 805.6980988544457 10.0 2.22527771643739 2.862977479845534
377.8652728147207 744.3286873165227 10.0 1.8027723380197975 0.9362307199950636
463.68145967825114 962.1465182425146 10.0 2.8008500502389397 2.1846217043127765
199.7051783293266 11.208264734954065 10.0 1.4328304896934465 6.154705453097219
314.70512620861234 158.10658836168145 10.0 1.6991826869119897 0.021626792715811853
175.51762238563228 888.1206309610427 10.0 2.030636825375006 3.1665576014130807
94.45002761113741 53.15851587937415 10.0 2.999086873882434 3.1782603595908774
21.107034205496312 993.1124878246435 10.0 2.9156090810734296 3.0063788956093056
121.2183691633042 375.28587249526447 10.0 1.790500154948038 1.932330911465158
292.4101137816197 942.840623351988 10.0 0.7047980399689118 5.3175449562666115
104.84978895486996 840.7526677738306 10.0 1.3663636522968872 0.18079201731897004
483.3089132268541 696.5519078585542 10.0 0.9564517357740661 5.811969842700644
166.42475590944085 173.1625457363395 10.0 0.005055606656209165 0.31795720931155297
88.80654550150868 282.4482239270131 10.0 1.7173793758379277 4.42053548200391
332.11953784901823 350.60625166081985 10.0 2.431699479731101 0.5976349586758314
182.39352366091887 160.34314168314435 10.0 1.3135396987062435 3.5558645107655944
112.54098581897637 459.8039961010446 10.0 1.876320409804259 1.4694338221708256
181.43292189269744 724.5162604382259 10.0 1.82726649228321 0.046271277472745835
403.8690996315079 786.1483186807139 10.0 1.954334165695926 0.10073071743889676
99.3924248158658 700.6715289218888 10.0 2.4810928555712066 1.003265673185226
72.13561711969896 18.55444375230231 10.0 0.7253980263855532 4.132075216774352
208.75150474006094 440.9059047582008 10.0 3.0662729437420353 1.2079979236480651
206.96671499485353 698.0237677296657 10.0 1.4437190085832823 3.0368149972334075
163.41164062011293 370.5943897374858 10.0 0.6403883281051115 5.686092014858055
156.11793341406604 288.82714980890864 10.0 2.2009777444744922 0.3893465095974333
254.43800094341336 91.09795799883436 10.0 1.2029336396072974 0.49874114303146355
77.12946803001603 501.2138470522798 10.0 2.2714276787273504 4.572073894934449
97.96039625195085 892.2004062252337 10.0 2.8697320315908366 2.5433989665796957
367.4299453552769 744.5528773083066 10.0 0.9222717356090425 2.6856607350296176
179.06186020649872 678.1804268994338 10.0 2.100204613939755 0.28575417364349487
459.2168363889802 839.8125540853902 10.0 2.9369311531571065 0.5466275509773805
300.4829368410231 561.4253286032506 10.0 3.060289179231188 1.0393245855443471
90.44156100819445 370.28468627942755 10.0 1.90192000596719 5.882021687362567
109.96967901221815 627.4923095276501 10.0 1.5644204789030107 6.139135474645635
288.2274641488916 299.45968606158146 10.0 1.0580337544424825 3.0476953198106935
5.093603330299956 625.5239242431527 10.0 0.648386470143297 0.8205194729873112
426.04883176285904 734.9588468587672 10.0 0.35506393343671083 0.5834410343649786
339.37175186228745 587.9236275461595 10.0 2.5129361020472336 3.2025811082485567
340.99893013504436 967.4298633696228 10.0 1.6567660820751746 2.011180591070475
478.5148413982908 633.1980130789976 10.0 0.9032294266334433 4.71835957296343
122.4753520316908 163.3121461211753 10.0 0.00520168909859856 3.180609623502636
380.63177350661545 455.87169759451217 10.0 1.9162113213085854 0.3292710573488271
308.61071659368514 340.3778907502607 10.0 1.8956053528884522 1.6569735437108468
499.21851224523414 257.3811183857142 10.0 1.482423650476797 0.5561257465835178
351.776786653348 504.95532785503974 10.0 2.342584216550958 5.216451515347454
432.75958412898405 121.85379824834008 10.0 2.4922088481778144 0.611222361208906
339.49030743411953 79.74037437098735 10.0 0.9587082746701093 2.9526750488841316
369.77020349475083 90.67892081373653 10.0 1.3836154910780005 2.8673374035064265
82.04847757446787 1.1028515463792354 10.0 2.963465389414163 2.298785562307785
3.1071623799969195 439.77582277399364 10.0 0.4584212647781851 1.9746656545626335
303.22237506192545 114.79361713152203 10.0 2.0914344563232374 4.362371115667744
212.3767525525082 913.466312891963 10.0 2.447122361136665 0.5871984326918852
295.3362601944501 748.9588588131361 10.0 2.844189970560339 5.169722692716821
438.2676166628462 918.857431768665 10.0 1.177803160501699 5.85029573919025
25.061111682630255 593.3677102436243 10.0 2.085771023089793 5.1724944712487
297.63682968499234 934.6405399089809 10.0 1.8387552729084726 2.3543109996483955
301.2503142846396 263.7594590483775 10.0 1.5633952698198215 4.657464128516752
113.17734976054194 638.2132959040682 10.0 1.4375545422254035 5.644064318630076
241.14569389997865 180.21681363465325 10.0 1.19838108886958 1.9699968596378552
156.49469630238784 505.0305985359107 10.0 2.216373046516978 0.35187066564619207
396.28217986706744 638.4711033044075 10.0 2.3174572476214728 0.466244957022937
28.421415431055365 884.090689543994 10.0 2.763402646249707 2.1324024060181985
24.41885453176057 203.0459455498419 10.0 0.5145539017358142 0.263979182827703
225.3970304121463 803.4629304437705 10.0 0.3102576095546778 0.3432030247808547
118.82494922862308 801.145486002044 10.0 2.025643345206789 2.698234838702859
65.74189933231206 9.763204267744797 10.0 0.7915120483185948 4.941170014990887
431.24857281906935 146.19366295509616 10.0 0.8952227845672062 0.4100753154200561
274.6529496284047 995.483373662461 10.0 2.611998648623881 1.6627099778082932
349.8964823337537 369.93040077035613 10.0 2.6532874406669777 2.9658035250737353
151.74946956335822 18.080932476733036 10.0 2.534301364412861 4.400368320859292
118.75292400718418 991.9712958419913 10.0 1.9362549887287706 4.961480005144433
369.9971013520919 364.7352897249821 10.0 0.6276444605224282 5.70204231018961
9.565790922013484 605.7369601987932 10.0 1.3414864584411317 6.200337813129119
79.83807074466587 366.67665169766997 10.0 0.8543314386323023 4.880801480227307
182.82802496814043 909.6582213449041 10.0 2.5108098110029413 0.322730446846343
117.35589835282067 916.9940081579138 10.0 1.513694960969634 5.7676114388615005
99.08261736749402 962.5632614580933 10.0 1.7548191046373725 0.6354980847608114
240.3026759559022 495.82840446311315 10.0 1.964842380463596 3.373761096564714
466.8791168431826 792.1535278475706 10.0 1.3239686235694097 3.8124281563557982
440.8169034778558 956.8575361640948 10.0 2.5693983272287944 5.433326995082744
338.71000340917044 735.4739091941028 10.0 1.0939932277182696 1.0533954926675981
8.660279070385746 578.9783173071819 10.0 0.7135836134205922 4.419919021878405
91.25477352922834 140.28391261687545 10.0 2.1920255867581724 3.3473068352657087
143.80127035589874 137.09337703531043 10.0 2.262333361783995 5.698301276365427
151.26012814893474 306.236103499666 10.0 1.4681086139863222 5.072467783421213
42.17386299061965 995.90766632702 10.0 2.610106857316789 5.413982722282626
453.38420993231085 794.7676863040028 10.0 0.4844940256188931 0.23435153602720468
3.439385382013105 480.6418223734357 10.0 2.2341856214540283 1.7902250173448553
241.33311356880276 486.6119129849706 10.0 0.07344054707634504 3.8487209690014494
234.57965298399645 28.568077551299087 10.0 3.061131206200686 5.692189769709472
448.61775331793615 15.835219589075965 10.0 2.5651084014659364 1.1329315825711201
148.1495954996902 875.2753232392622 10.0 1.8575122109302702 5.322377794350482
20.25914401929202 459.3066509899669 10.0 0.5902459145912293 0.0664472770204055
79.01736082074012 279.5692271942083 10.0 0.7829999169902209 4.8451202572966405
161.77042932957985 410.50551159432047 10.0 1.2627999226939406 0.02764963652087831
468.4200925605704 540.914141394687 10.0 2.6222558887833887 0.6980860627604845
126.74351597407029 816.5737200173065 10.0 0.2444985486759043 4.944086854915704
189.1635948027301 313.32249790254986 10.0 2.97972867051133 5.963791857616119
279.36864404887336 207.51908123142528 10.0 0.04963083126451031 3.6189838457450594
310.7938238766603 969.5983327923257 10.0 1.931655605624632 2.2670382034377927
293.2149347005497 196.4755444061914 10.0 1.2292385033632427 4.830454284262353
228.56846921081996 19.841090184839594 10.0 1.8662921905594585 1.8278893699356893
472.6000328779934 379.92703992207345 10.0 2.6734808978067495 2.7423493627513
205.05670091123724 838.1158621468745 10.0 3.0110911469683685 1.7467516433475334
307.8769572635889 16.80079241280985 10.0 0.9324438280218803 1.0638858351981895
498.1952380820064 201.19637295557368 10.0 2.647762659944497 3.7263864127299584
0.9664054637416042 115.33654685731476 10.0 1.2322100881388485 6.054508117944569
374.6287745576045 393.2870646550578 10.0 1.6599542024639535 3.8295264645235103
322.46242912540004 806.637939851423 10.0 0.24133111083653233 0.5721984182319085
432.16306880044806 880.6303316336331 10.0 0.8525388556976976 2.9548201776818472
286.63982019092407 133.8122668161732 10.0 1.9592039092082034 0.8988428838288405
280.15859679782534 809.9053282042926 10.0 1.6828236860542396 2.320031391237375
255.69116393611208 635.6048847234581 10.0 0.07795568333216568 4.337344372861794
251.69303373342987 834.3244490709492 10.0 1.6966481842250638 0.07770002578573149
209.5217994209041 353.4343595347098 10.0 2.326505637552866 1.5707203546576916
446.3207203126611 21.33392901484288 10.0 0.8804820816970624 0.47608164318218127
42.43072122866754 140.73502261654303 10.0 0.3032785441295441 3.1495459054468387
27.257092669565775 845.8246542329842 10.0 1.368509956355131 4.566680707138284
373.00565194771445 403.51256104128595 10.0 2.7177385735917277 5.912162782743059
321.8163323174237 522.7593559915911 10.0 2.5786443695045356 3.295974766488977
478.56029319392354 651.0195072019974 10.0 2.5604954626795395 2.642052087039999
398.93030075252767 183.12274841295852 10.0 0.9199944910180364 1.6729040398238157
90.44194364992214 485.45646871673654 10.0 0.8345411525734202 1.6074966935086477
422.57692204090466 647.1005798930445 10.0 0.8581192266337495 3.7435352179337973
411.5376819095072 909.6056138743968 10.0 2.920461766549238 5.3498918258893156
204.94608172281804 798.3938842967285 10.0 0.9274985845303044 2.772440554466341
342.30703810714994 81.30230575093455 10.0 1.8232369088292546 0.18883052547984616
8.171209090088006 813.5748559134412 10.0 0.7474614715653426 3.7515705605341005
26.669489957002966 893.6516312163014 10.0 1.0327509997536846 3.19969553815106
268.4546894021664 750.3903586486405 10.0 0.484983441149945 0.11404821136191481
454.0748152146735 9.89562110336417 10.0 1.7102390082218442 1.3619897297540005
41.415112908520456 248.9195604890584 10.0 2.6922792904978827 4.030295558124286
479.08437914115194 231.83769169228353 10.0 2.220401262841926 2.421735075024425
92.48470468364711 349.4916813654525 10.0 2.099769542568314 5.040029023489045
244.79155662022188 330.73046886008484 10.0 2.265652620966459 3.8918355924248678
181.18481920769258 681.2703827036866 10.0 3.1374758025104055 3.5214259972150117
121.40943828925627 719.5331748716038 10.0 1.5227760004740685 2.344364677108729
213.10775801732308 525.410853843103 10.0 2.0707387593342066 3.175774396352862
396.353807993179 595.4448509202502 10.0 2.3172049843716453 3.356709749237493
58.433066306010915 506.69581813920604 10.0 0.22685065252213898 5.3563525317893825
77.14970855956143 431.6199902755421 10.0 1.522817622807243 0.32749572064338883
460.806302302773 917.5569535138715 10.0 2.4772564350967836 5.658778988066545
293.4895198746961 946.9721622418606 10.0 1.642817150346927 5.046335512792298
85.40850608904022 928.3876894997845 10.0 3.049264907340802 1.0440580003652777
409.77084018158564 932.9725370615039 10.0 2.697637285909562 0.8439535440057333
380.044514419597 188.05388299290004 10.0 2.3673152183476316 4.769972110146794
84.44223241543081 566.3491825391318 10.0 0.16305925074176666 4.87928962582814
48.07813586572407 568.5082677044006 10.0 2.0198690633178775 5.1454111672375955
137.48486945252452 86.59352843062129 10.0 2.4207562304512544 0.4343867321759867
57.04240362699697 57.4154999009151 10.0 1.1316211870925474 0.4717775433492865
212.35840458374733 967.1801599460656 10.0 0.28746990800263983 4.313486467713081
231.75297620922947 52.69330054369836 10.0 2.498154868925286 5.34535142595132
343.73903775863545 959.4062842558737 10.0 1.0452024689115205 1.9427998974319558
105.7529144908853 562.8767771858585 10.0 3.0680498280172266 0.46352824329931325
167.3778766685093 637.7570835037677 10.0 1.4191657610575248 5.842602552359212
329.91675263854444 67.21144809007218 10.0 0.691513775639733 0.7105617700320199
133.40789476547027 325.7032013580856 10.0 0.930295763113596 4.625637794489792
62.04226648239136 39.38153783581355 10.0 2.716118568512172 3.179014973394672
209.42743254885087 530.8364648464799 10.0 0.7549086795624822 4.7864033215493285
386.2577860317966 388.7799982011133 10.0 0.804471330820585 5.610515370637372
184.68841383076563 268.25051318851155 10.0 3.124510129946296 4.691937665723009
436.07339241202374 323.22607107922994 10.0 2.7977547160084946 4.566873314834754
311.7175250608625 901.0720404904596 10.0 1.9514257527506982 5.649305601036375
19.90397628729246 387.0368695669965 10.0 2.7477616598831474 3.5939329145011647
146.6982351239886 377.0493016651043 10.0 0.13361738463031445 3.132959643979008
172.89242727071579 678.3593229764421 10.0 0.36171031889471356 0.37947475014728055
74.94207877951337 990.1039684204121 10.0 1.8128530843354806 3.356916377917329
183.86089040814812 499.6685670256824 10.0 2.818744242224226 5.158690587629498
132.77706998015236 45.752634502596365 10.0 0.9024269335249455 5.133329370308352
271.2184300169775 945.3390728066155 10.0 2.39267903214059 5.96147044215462
362.18147824923017 59.30415389502575 10.0 0.5523960044717114 1.6271786977798677
206.65302579102823 180.19481185225095 10.0 2.6407724322670973 5.211657110866828
59.49121060854523 365.7391633125213 10.0 1.6163244747365186 1.6389169724394195
310.4361781226724 412.9446242413421 10.0 0.19928217779948024 2.431801269222843
404.50862617913214 270.1778907361263 10.0 2.641483561690289 2.5026785349157494
367.16815558673454 818.4091392172114 10.0 2.7995701578837275 0.4396835219430426
81.34121593689053 117.84275779008202 10.0 1.2827776094398076 5.33808161084193
135.7920684050311 912.4454525113413 10.0 1.5410909734061298 0.8963248154364393
127.29812748227737 912.4216765404187 10.0 0.3924347479702012 1.601631778275259
252.70481946257988 133.47576828759188 10.0 1.5969685998007996 0.618301804337691
371.1726208540342 361.7386006709583 10.0 0.83175220407867 5.967799500993512
451.7931576725148 634.5263514586471 10.0 2.684961659207202 1.637983017425416
447.23866993943574 479.6373880783302 10.0 1.5356941148100731 4.795515303312361
150.22291133777316 539.6828865318407 10.0 0.4927984999904597 5.583796186797676
496.28983648922343 122.98534857728328 10.0 3.013798278955663 5.165899293714022
73.8094065144631 168.868730296998 10.0 2.4924435253382784 2.2225477317553084
290.0484263987447 92.70260081311876 10.0 1.8314676070534779 0.33989551488071484
220.79746467465384 984.8520129524119 10.0 2.0977727261398886 1.275725173777734
140.27320054978355 677.7236195231095 10.0 2.100232095320614 2.064105501438942
87.87886173891607 266.3880973333289 10.0 0.4187973157843472 1.1128716865894321
78.89367595163365 770.7971642989552 10.0 1.6759276472735838 2.6973835270838356
207.27546768771228 761.403596708228 10.0 2.2881533357992545 3.124225801629539
420.4991069366773 935.0307847276225 10.0 2.655321791596442 1.8785235777329086
168.71619096583245 824.127946717203 10.0 1.9855673427990443 6.216420578163982
443.5104540952113 50.08617501901003 10.0 2.2993372060788846 1.5483055439929492
425.13586120729843 790.0791416996641 10.0 0.004150078513460825 5.410431317572666
51.363225813817195 416.93186357042566 10.0 2.9778276148785565 0.37367352244660845
305.92414841790116 592.8097129420588 10.0 1.881577781473598 1.2421989893381156
400.02946657440543 450.05896668393586 10.0 1.9764466749218403 1.3430549562169445
286.5526558680831 876.3191642120547 10.0 1.1701041466463316 3.104413623907121
103.20698176919474 336.0668569650235 10.0 1.3313609561524624 3.890335005458919
188.40830345978227 107.03914327555796 10.0 2.811817961474023 4.95555119171056
251.50395770476013 287.5245277726761 10.0 0.10314327944308825 3.7412721368048167
107.66116489698236 439.2977361263679 10.0 2.599290538030122 1.357648325595862
106.94699576989264 271.0141838743771 10.0 1.4016166553255134 0.11420175350597031
496.9948046430692 338.1688273487135 10.0 2.549973035517826 0.2777616565505014
459.1408274738239 338.26314514992595 10.0 1.2853729676249164 5.194482734978975
449.02735622583486 213.6131443104664 10.0 1.436432671339184 3.2252238118740073
254.40774050543 939.2704221342062 10.0 2.8433123605260984 2.107456864377287
355.2513170927136 569.8169658601867 10.0 1.0308800961897213 0.2658277868056137
234.23484468422583 846.3341769026966 10.0 2.161574124709124 0.2474157111025768
239.32034255528401 423.63482265314735 10.0 0.29279906849144055 3.892129518154096
444.3573532400864 567.8862865288143 10.0 0.4787794924933901 5.38204685189593
188.51105500381593 996.0424603521371 10.0 0.7793717876693981 2.7865877177025977
100.80596731431262 381.0402747709485 10.0 0.22853210398580556 6.265965270284051
432.18801309515436 930.5064449822556 10.0 0.21990007218946717 0.8284008140496119
424.2464683384634 361.75889627349943 10.0 0.002187424625429758 5.669506846547365
241.0999949304597 542.1762122989182 10.0 2.246303575319408 0.38961237498455403
178.93976637105345 41.54763148920038 10.0 1.1087090395490005 5.919239828356333
446.3357212996467 851.8054545383486 10.0 1.9421373384753065 4.165156172860098
277.6502743552499 569.5802201448439 10.0 1.4947146310103252 5.1307060596319465
1.7671171296855248 408.30859425571344 10.0 1.905746283700969 4.538157434558002
438.83106871921467 509.1626777222074 10.0 0.6971041093158274 5.336032237144903
138.80820368599467 153.85869472778802 10.0 1.211238999298134 0.16763911252651906
7.413635501709203 647.4418408199108 10.0 2.586946312279503 3.8639226830729956
287.3178649504119 835.4333538374376 10.0 0.9673259349058876 5.658360107765939
175.53059909467456 447.2649082197425 10.0 0.3071091589544009 3.7321931393323062
61.47449504329477 716.7143274197724 10.0 1.8444250927312478 2.8937461568018747
464.49935571998253 20.09595646796425 10.0 0.8481449635814581 4.985579157945756
234.45069188214134 594.247630152934 10.0 1.1417659150610768 4.095162375538993
454.3948559951682 748.8959787515133 10.0 2.9790793810541407 3.314201241069134
250.71613432944318 371.770001534409 10.0 0.8932102285134901 2.4008921777828127
372.539596541082 939.8725376383252 10.0 0.11478424605535319 5.009307159542203
449.7967297910644 696.6082093543392 10.0 1.5967975441122437 2.0192207450247337
277.23902400807646 132.00512597627778 10.0 1.9471947180974178 6.051860962097079
300.31827755127847 412.05729427356516 10.0 0.9207148097030282 1.1383612905227158
198.09035559431342 943.2529300170058 10.0 0.337992860169797 4.080858445589852
68.162559717111 829.6441012580018 10.0 1.8158294570794777 3.4086898514330057
219.1930753121602 582.3507090794823 10.0 0.5345199016313661 0.4617148270620281
467.5641758386374 75.18235793927386 10.0 0.6927983755147405 3.4366631745023257
116.58913615329148 405.09952307251183 10.0 0.7950394024505825 1.5113453273796444
468.97617836420505 12.525369981729927 10.0 2.505393015882479 0.11473287481019945
286.26099702330714 144.05811904858425 10.0 2.2152052825245034 4.374619553526011
62.53259030393876 498.92289899956523 10.0 0.4113308390974137 5.21778120842818
324.0156996851262 690.5416857564913 10.0 2.5276904920225665 4.883141790495007
400.93602244798336 975.8881366419811 10.0 2.980567869667637 3.701018675001378
243.5830587026113 557.8338246180568 10.0 0.6889604169128859 3.4662603631583946
370.5984305346488 649.4812882360459 10.0 1.0692497698308112 5.917463287342953
444.2559870844605 404.51815552374103 10.0 2.153461211785204 5.604557380643671
264.86315893439524 763.9158956720242 10.0 2.8823694614582553 0.5350912653441302
164.40133236833486 246.83584545672267 10.0 2.9545217490938267 2.320494413573265
358.1364639817261 722.3940478423874 10.0 2.6397915535995287 1.7788489996586305
282.1690856577759 238.97533677919026 10.0 0.6117025554849729 5.736285454703309
304.7565405863467 59.07704790352908 10.0 0.3731163087995924 2.919210521775626
449.7282377690424 150.2002875189643 10.0 2.1299099372851575 2.6715593637510273
411.4282117280443 516.0974249010792 10.0 2.670694138833201 1.358139392874834
172.35740204545198 917.7222165570164 10.0 0.14098797407111682 4.983437672542513
457.0514721047093 729.5187323679664 10.0 0.9469448656002927 4.623507342970739
68.71823585248809 904.2241566266523 10.0 2.121237946884872 6.214518163993339
358.77190025163327 278.1494312180582 10.0 3.1373521362400383 3.552048488455822
173.6399181469976 738.9412045278982 10.0 0.4833739408795879 1.260240261964009
108.08114902795396 99.11688976259548 10.0 0.7271551147062929 1.042684259009493
269.7426816061273 871.2046067439795 10.0 1.4630859515382553 1.1432349651701466
25.795607019479306 524.1079695356025 10.0 1.9929791128366627 4.120480351903295
359.2286082805516 215.35542632562854 10.0 2.16951558445244 1.6858005735147803
9.741325269762957 440.1824607234904 10.0 2.3698527381200747 1.719625259723575
12.167780389896299 515.9341684597875 10.0 0.7330936343444192 4.67251481829232
73.97344717498194 329.0652323880053 10.0 2.4025013707751204 2.4301012530935098
452.60790954323346 312.05228392857185 10.0 2.7474709861924587 3.17023760277402
103.35809811875063 188.82402437941104 10.0 2.3128292239224693 0.678399913251635
368.835629134811 629.8524568662855 10.0 0.5540461136485297 1.3231796311016446
372.3449987594532 591.838395951772 10.0 0.3902730515260611 5.27721084591227
59.11742046098845 781.9630521279672 10.0 0.09236021795959669 2.281438536793236
1.7588516784844965 382.9666164161943 10.0 1.2059605900704242 1.9560307123370766
149.24849514428473 902.8539490522269 10.0 1.1790276171371785 0.023161642169563533
152.43770942262935 771.8165418351115 10.0 2.737893151964754 5.7987667413020905
243.23760068521838 98.99896556849508 10.0 1.2260842206223541 6.118105991165633
379.5463028684533 823.0267042999291 10.0 1.3948074532864252 2.9436541490741015
493.4560307496526 342.7521664866726 10.0 2.0888481456901844 5.821088605418256
196.39260127186975 598.4638887631133 10.0 1.3046958992586393 3.4450055307446155
201.57873623181055 488.84341638149476 10.0 0.5187862985931756 3.348392798645438
21.575661161853223 455.24352082458574 10.0 2.4529917839048596 1.510518668751826
186.64585967886632 42.400016424179455 10.0 0.030943921171146575 3.6017361764707436
308.2929050563035 253.47905848712293 10.0 2.7310836109887617 5.323401854947496
281.57286851404893 557.4004337741887 10.0 1.0994851579561824 5.369865586491685
279.63492813722286 477.6665995219117 10.0 2.617332331750143 4.919672753389693
444.43706202649173 794.4663742878018 10.0 2.778514794124069 0.9272349171946287
318.69599248966347 525.6109645141879 10.0 1.9981628146607335 5.772372068318507
95.86903362140653 16.899453025493116 10.0 2.506858187869391 3.652759972252683
187.3283331186385 668.7996236922993 10.0 1.4133478467200977 5.977823992289828
418.8768893758464 53.868944282808414 10.0 0.49043150050197204 1.198733542578342
372.36834966677753 438.1305413456069 10.0 1.9454444703597862 3.854983057873084
482.43145794164036 9.656321734350492 10.0 0.13326942196768746 3.4877482637996415
483.16288627801663 438.90037298979024 10.0 1.900334552675694 4.959183747256166
175.14064674334062 747.8634652963401 10.0 3.056860556829879 4.527892965079042
249.22365490365084 848.9590369309049 10.0 1.7775890560207332 5.365590496974919
60.34098207238048 529.4904017595533 10.0 1.1744307622375247 5.332925781832721
291.83799332017026 103.93716244198781 10.0 1.5404408016768705 5.046667643876315
388.93458115754095 433.7888970045595 10.0 0.48814168744720465 1.7606877805637493
468.46403923223727 523.4524287529736 10.0 0.11328893906381574 6.207815050654239
131.29955283473072 440.79823623763605 10.0 2.1068246296282456 6.0166435136748255
213.73836644390738 882.2012598148154 10.0 1.5368715753698319 3.2816017279559535
14.602019016823785 304.46924928896493 10.0 1.8557527555296405 2.494223671648204
425.92444386822115 179.841985896124 10.0 1.5807151278268317 4.267745166016229
176.83789142229926 595.2831632806462 10.0 1.5203163604344314 4.088224158097858
72.62981062136808 113.5757507086993 10.0 1.6544976535707616 5.296264564783721
173.93251008175147 541.2712130462628 10.0 0.41811931801968777 5.980381480473894
314.6201305311654 7.331371977819634 10.0 0.2559889513384688 5.224848241332819
201.22625200398286 546.3413606415339 10.0 2.752862192603289 6.174971014193657
71.55839556037064 201.46059061585407 10.0 0.9432237347615736 4.139009216664765
15.674227696618804 514.8184641097255 10.0 1.590549493095427 6.022475700854695
78.497244034187 156.84968544706334 10.0 1.2057376360692933 0.30944108374211704
170.08830430811645 361.10404567567554 10.0 1.6149234168552826 6.0711328827386515
106.9525551390607 777.3538960927369 10.0 2.793318081588406 1.7317773657038256
295.74935329398016 333.3619175757199 10.0 2.2327537908120942 1.5905928052842981
149.38655007774048 704.460876833692 10.0 0.023119217178835947 0.8297207875327361
294.7181513638601 30.1359870607274 10.0 1.6150892247685458 2.532273935560979
490.9283713578938 588.0894228936036 10.0 0.7607587192193436 0.7033777793957252
428.1727022271865 238.80635721849907 10.0 1.3645644693980132 3.730833552637088
217.16034452221783 587.4295653003223 10.0 0.4679306445396538 0.6630587806729908
412.1004861251127 974.7902016149358 10.0 1.7090343114899336 2.3679698372534617
331.798083787144 605.7305216378111 10.0 0.1404681159232239 1.1560466700427667
256.6734009411279 350.39334313570856 10.0 3.039943508749833 4.2109361079375685
283.09241865536717 12.942770209206866 10.0 2.6665562121236897 1.8000400373440404
210.6338310975987 152.21905228074417 10.0 2.1249073082672236 5.6912406021390005
322.7815376625865 860.120042019646 10.0 1.4600090099160763 5.506882554775428
297.0197309651796 256.04025606357817 10.0 0.3837083543461118 3.291656776379639
246.42112143272237 839.4882208056764 10.0 1.1416653934842291 5.551877863555957
51.55697645312623 258.04130768943924 10.0 1.56161064016078 1.5990524303282725
188.9209319825128 494.08665494725244 10.0 0.8716121415025843 3.129822436068908
200.04708384899916 951.3356944286337 10.0 2.0520286421701357 5.517718354622118
274.1156788785268 430.88874482926474 10.0 0.5256407108202917 3.978719840704301
136.07842664121256 526.665781705027 10.0 3.0387318484056305 2.5582230137517965
42.198573308144475 541.3074957531155 10.0 2.7301477293620082 0.7716046068207613
185.3890382170435 626.1910676737399 10.0 2.1565282892130244 5.519475657570013
203.84546889863685 482.9929223170349 10.0 0.2630502794024173 6.096368282945624
268.20912744426727 629.2709792526327 10.0 1.6945897815849793 1.2578008653827975
394.8578103560903 926.8268677057773 10.0 1.945539329162507 1.352346052772945
195.91154031535524 799.148527419501 10.0 2.0369371811427546 4.666002576868717
230.15256815508113 323.0220418520069 10.0 0.1384434604910897 1.4720397169851758
463.2981419254981 169.44115821335814 10.0 0.0854873303520816 3.8659618340470976
80.9271084046529 190.2312963954289 10.0 0.5122695901280616 3.4073648762695776
22.850281182876518 299.34494588838066 10.0 0.6300892202049178 5.162525887778289
123.82734375956633 181.57324749797866 10.0 3.067524744231038 2.580833591644968
152.27159936979407 276.4584572083055 10.0 2.29148661144065 4.602934159561207
335.9471554805665 431.4808828393152 10.0 0.09651426287392832 5.4622855501091685
151.65111025980593 596.1324258792764 10.0 2.129950780801672 3.583353958235973
234.48717546760744 937.2789434759668 10.0 1.0145389447740394 5.701686616227721
231.5747421289427 796.2515437571882 10.0 0.9658716929894163 5.302513896679242
284.90122756887376 979.3967988447592 10.0 0.5260336611260139 5.916647964014218
78.51361581816025 976.3547834990056 10.0 1.6687732051915403 5.831449262929154
26.358341900894256 834.1225534398136 10.0 2.155332103328357 5.441293976421733
208.81696233776236 580.000149512175 10.0 2.881393485160615 1.4223513252342281
88.3486005043952 282.8051406966433 10.0 2.6120263038302967 1.5776136195086676
347.6378833904113 69.2804879384411 10.0 0.8556469298004911 3.8343835819719967
397.2609702150567 671.4103139759947 10.0 0.3259186918221974 3.1957395842764034
194.12016750256723 370.3962301744472 10.0 0.29631367900032207 0.4764566465952684
496.7610569735645 524.336895300187 10.0 1.1657773517711245 0.551731913458522
59.17421985465121 219.19175281949265 10.0 1.3361792303334623 5.082864570384785
30.79717214740857 966.3995717142061 10.0 1.4246880265096653 0.12505510762349564
487.17013596054693 785.5611167941192 10.0 2.80837816176005 0.6332909846324903
63.06259666004838 456.88436895631156 10.0 1.196824537544394 2.3708768468688617
97.87622688118635 205.62990577280306 10.0 3.0768321815253077 5.056087967117105
31.742310565315012 589.5831593656346 10.0 1.5248951770270114 2.9150447041218714
9.971007496383299 900.6190086308088 10.0 2.4622192874214313 1.7360764857443396
263.37224150073337 962.7135646795272 10.0 2.314770268097682 5.042614155822929
332.45678043101515 811.2969691909358 10.0 2.6615332321411422 6.206476242201165
94.63925867944317 372.63005185459076 10.0 3.0912348361589643 1.4856667032409503
335.30297244603935 926.9267405196331 10.0 2.486280417712086 1.6214343565123521
275.94990252446485 835.233126456535 10.0 0.02942656883296769 4.467480845410018
35.64731491225109 737.6135341134378 10.0 2.596131535862595 4.963984767554605
455.59600582447405 188.98228019175832 10.0 1.7562557470342555 3.4689783303782606
60.88302890255909 488.9597129839213 10.0 1.2743178466397531 6.010684112717618
168.34549081276518 283.4193363554809 10.0 2.378495348735903 1.9311385688693712
274.96008789423485 367.9329197932001 10.0 1.7755698991769895 0.1670519800472528
377.2861888494718 7.1081850454512985 10.0 1.7760798961949518 2.9345268466127905
279.2288191997499 998.8541862603187 10.0 2.297313433320357 4.849916342474075
242.7510751421436 658.8973954538608 10.0 0.6217282948316795 3.9634399714834174
24.153682424367272 878.4114624819201 10.0 0.10049621544993412 0.9290451021434262
417.1528508664248 416.4117343393934 10.0 2.045962825855525 5.884302232564325
393.2257282129723 628.6057519717688 10.0 1.2511121635585631 6.205023550100335
289.556142187353 905.6789960356567 10.0 2.3865130618488015 5.139626714701114
245.40154205669523 196.53516440266827 10.0 3.1061461566593294 5.665865618463092
228.8153044223787 125.79828485663126 10.0 1.3703801426924314 2.56150755763505
27.396964080263874 379.92403460243804 10.0 2.2760641968331496 5.189577229196338
499.1060747695922 232.55611800248033 10.0 0.030381952522854135 0.9475531507289529
192.16370623031474 307.30256134852317 10.0 3.04155294647472 5.691793036665034
146.67911772161253 934.8964376722939 10.0 2.567289262198453 2.812075732402944
284.8768709382476 751.74374943445 10.0 1.9876136003852127 4.164478458293022
281.6636507092695 508.1510271469796 10.0 1.4549469399215587 2.4465975052640703
182.76165286533396 407.0637865555373 10.0 0.8017338707463301 3.9587849927454535
303.7492127219877 677.9362630866794 10.0 1.2693984409601011 5.693634455559355
100.08726878185902 505.39185617611304 10.0 2.57889124101754 5.669566381530822
245.57374482254951 878.6227062565092 10.0 2.419943564297113 5.594374743659722
94.65619229704075 405.0160171145464 10.0 1.1686103731088309 1.8153476887887612
32.6461160836623 640.2837087941554 10.0 1.8339443650473757 0.7212892291920383
437.11699553653517 27.411098854280503 10.0 2.159032465206334 0.07833235366813968
83.63113347884776 108.0292496604861 10.0 2.45914403327322 0.06424925644416257
329.42862488982297 272.35501234917837 10.0 1.7810152714014118 0.9088631432676091
299.8253145413977 947.6312583430965 10.0 2.2415143201381613 3.891821449647666
83.8045805623498 790.0397010028471 10.0 1.597128556631822 1.3828155626469387
117.65137564223981 141.34676511381417 10.0 3.1370843018006336 1.845686296472733
498.464868032907 739.0829900292241 10.0 2.537324018436781 4.523412373425471
422.99972587632743 427.84489204092637 10.0 2.9617837024046487 5.964182606806575
291.523963908419 409.34741731305746 10.0 1.1682732218733627 2.303381285720562
251.24491568310626 390.14434343212145 10.0 2.7837708324807653 5.9548846460633875
79.34285426642873 838.4727286606586 10.0 2.4439866060724165 2.645130726845664
321.76533391596325 445.4671789409057 10.0 0.5162618472171376 5.783885360986373
10.673399153316831 801.0277107776272 10.0 1.1388725200445349 2.661420915589452
80.79420306904782 240.91546095726224 10.0 1.8445341412582381 0.6273575381740316
292.92293604222664 799.1880225121836 10.0 1.1887212287627331 0.4453538610643432
51.42991678192155 208.87680538447617 10.0 1.8663605450200764 6.129175058229613
471.8674765015669 933.8462564943543 10.0 1.5788278281754802 1.0592321448632238
414.63404127661727 286.0654050711473 10.0 1.5662706338529353 2.1517611268380143
451.1414722080002 785.0601541021657 10.0 0.7259790175191574 5.358556328933222
370.04488701182316 50.104204823028795 10.0 1.5073217849497673 0.3533170174984221
362.83228476266123 680.7456901728326 10.0 2.971389269251792 3.2741535304213976
450.4349535823213 777.5552070456445 10.0 0.7324599578145174 0.38922440109191353
25.507570137801526 982.5208088290622 10.0 2.1622918703810625 1.0294129537832326
88.64029198413809 177.30346028245393 10.0 1.378617369326779 3.2300734368413386
351.0036265309287 267.6065491902043 10.0 2.9082897096643707 0.2430635870125009
360.78980787676153 803.2015681384862 10.0 1.4425337260118876 0.3321476191405629
186.30286802486145 535.6912454808208 10.0 2.653892523629071 5.51835811128882
454.66294111836567 399.8804720198888 10.0 2.904985342152375 3.4802584415057005
201.82847655606005 819.6646073616278 10.0 3.0073274609654796 0.46024788273771977
37.0034062039809 685.63321851944 10.0 0.37364974995987804 5.76443171796852
62.4845100736523 829.1275363587396 10.0 0.17058735078744344 3.278932927287923
318.61759652061147 326.2774723290536 10.0 1.0132339790658575 4.4837795267723255
242.76941880867625 505.5842383470094 10.0 2.4904509816924696 0.5497017872060739
241.08533332395015 103.90347805874379 10.0 1.6531876035527504 4.713395886480926
472.29122145892893 618.222361303522 10.0 1.4134943836522782 5.375927251679425
333.9114021632085 534.413537316883 10.0 0.5451648614890995 5.522312034380172
423.0123714400364 779.1882323770969 10.0 1.9842926111913466 3.967617225169152
415.9458594072264 437.759041329547 10.0 2.647279784476428 3.817274838115663
374.552524029943 507.2626329172142 10.0 3.0415150588745847 2.3248657506953188
439.9012796521879 214.78169914848633 10.0 0.08874432274426745 2.0924235172329815
218.87729043678956 218.84379062744864 10.0 0.26439012563476605 3.0120473414400393
403.7950048952032 834.5649644726166 10.0 1.3600635506402423 1.652552392336881
290.70105178163544 275.1438097977886 10.0 1.1844122280340008 1.1899909696059383
378.1446295840184 786.201950955276 10.0 1.3469872873358275 2.147553513076345
134.93207921347965 464.5046897897007 10.0 1.221856202518783 2.679567429816536
322.7447190971788 498.8860699901438 10.0 1.8817097234458882 4.693689916554025
447.48799216984054 548.7401750800601 10.0 2.5389557755755203 5.569074375637954
491.8529994901964 984.2307777056159 10.0 1.633051673446999 4.861775629093979
50.80964826344791 752.4098329069677 10.0 1.207365935635665 1.54592987051034
351.6141240954675 704.7244490936889 10.0 0.6064683247958857 1.0822459685666557
390.4017166004355 323.93143046021845 10.0 0.9198213816276243 4.438499187142279
58.54899031587857 922.2268330583819 10.0 2.478267742778278 1.6056010916680754
163.72796468065064 547.4379555053794 10.0 2.3055554796610553 1.9273451853551344
172.9379990471994 30.413247870774374 10.0 1.9154168273829906 2.1611325899136644
317.78941010263225 834.2855833522392 10.0 2.5174470710373473 4.416136191474885
405.92618909101003 625.0727696500109 10.0 1.3663784349208132 2.2754165553336367
276.71342310322876 773.1186434839457 10.0 2.8451457171203742 2.198497768478438
324.1783223435826 316.16670001722815 10.0 2.0628548116134477 4.119150394910217
385.6819721326001 267.3980601209453 10.0 0.9026788903237271 1.7694540936731578
60.9123326849148 535.5534984865227 10.0 2.722306647274348 2.1535548516960454
182.52714692334777 139.299491399396 10.0 1.2731066746772874 5.824816277752375
207.1388828024997 844.2864880916605 10.0 2.527401891198498 4.834290726124251
233.32192401181163 828.8870826446229 10.0 0.7383751666756186 4.124607505637456
181.93551265454278 493.39058686787195 10.0 2.6023557259841454 5.537927001574344
393.29455876472525 67.4696917186366 10.0 2.397287909639494 6.268294518049712
5.583172235985923 242.02421722523871 10.0 0.991519210321671 3.6591686474422325
479.3944980887533 654.0452262508052 10.0 0.6625773875034936 4.487130080467375
24.393559022114598 686.9328917021776 10.0 2.0637151440721353 2.4686574069598874
465.8380302380407 713.7397495650206 10.0 2.4355712989396636 1.1739377868914933
261.05522039117005 607.1003216617237 10.0 2.3609567168387366 6.139740639764536
438.961860195228 67.1473452897392 10.0 2.887491133720427 4.96360491279619
189.32650239932647 77.50361447434229 10.0 0.5185843700729765 2.2242799316936748
172.71260724893767 589.4773602113353 10.0 1.5662299503443353 1.2793149780514044
356.9036963649362 355.87891984003215 10.0 1.1294384658069618 5.3929693251386155
311.1004169684749 688.414635377536 10.0 0.8195900232496087 5.361311166772964
405.29219268921076 796.4032786801667 10.0 2.0596385622886197 1.0653818021808417
268.9449039908749 279.5997994967927 10.0 1.5679951978245814 5.772882420368578
160.50906415075744 294.199385429123 10.0 2.632829620585789 6.116882115050103
87.24127881962367 888.6350185735207 10.0 2.8203066391361045 3.7897365950991
93.44501103571767 14.569337531110005 10.0 1.7701130621217076 0.46462308964425136
104.47516189753725 758.522283275642 10.0 2.6869965390471675 3.7913417893234356
73.71387799938046 410.863643387991 10.0 3.0821712444146714 0.1268380927290586
430.21383757028804 91.43972483191153 10.0 2.5719210555082843 6.122362218821813
465.81780540617854 784.8917190257052 10.0 0.7131922787757624 3.56650041365828
332.3023580708061 803.7628099874631 10.0 1.3013716610152288 5.197621514843239
241.45622876922945 893.7801223733406 10.0 2.20301106106234 3.373743149498017
273.992469933171 423.23622619001986 10.0 1.291999007518553 3.478016684192525
406.8067778604585 357.184807576527 10.0 0.9060178879813745 5.584819398873005
462.3324935694506 7.203076567209421 10.0 2.520713565232597 3.2501124669233716
168.60623323311265 868.7637003932676 10.0 2.9279358882613646 0.5061770475189005
394.1463631113905 210.7972778238123 10.0 1.6857688878520884 2.5447998369125275
387.8596550576354 465.8156461258761 10.0 0.6986670248338749 0.1290231024693462
10.929931173378538 884.00571356416 10.0 2.167261291933092 4.251640384957199
495.00578613335847 360.99214289584944 10.0 2.8546958244271052 1.1799512876451919
198.9925034947192 826.5062671365108 10.0 0.33997365069542873 5.0740194901442495
165.36692220807714 89.98824699146957 10.0 1.553676935128865 4.600969580882137
496.1720024155749 579.1878469203607 10.0 2.5414830567983007 1.6560622629732595
178.711288138028 979.1185043014187 10.0 1.0318637095898275 3.9115778737786204
491.4516757158363 381.25892303429475 10.0 2.120143625202731 2.5175863158463487
11.75614654795043 186.6844510263944 10.0 2.664168631943025 0.989600980514566
28.80655978147223 671.8506958359114 10.0 0.7109960148371454 4.588227740700787
337.43962909497645 822.0399921674247 10.0 2.793271974484442 2.564131533250003
451.6077663645246 765.0210501129789 10.0 1.5934176537105638 1.5168299869414528
229.78952817190006 896.2606421893269 10.0 0.6893314226529259 2.5502125515340377
248.91280562658875 577.0657208111606 10.0 1.1591006164246889 4.538381577658652
498.21716953873283 108.32304811671767 10.0 2.2208728271491354 0.9079874676977054
89.97000355607338 535.0427571422425 10.0 2.1627486882796134 1.7029219626667296
200.06441372828982 720.70107003366 10.0 2.4612486529984117 4.46568627525446
358.265148217985 45.41673326994078 10.0 0.9566512628090856 2.753114942224106
5.231977495229357 28.284578474036426 10.0 0.3554869685584617 0.698914461875073
421.4384788058849 151.72872536199745 10.0 2.2266577587983 4.348717652221967
211.71714923132333 174.5272213219915 10.0 1.968378560955453 3.8436556200893466
498.4002301858602 260.19846595274254 10.0 2.4351343946210764 0.9334986379362682
335.88909334167033 318.7295208752081 10.0 1.0359768629131711 4.114227332106968
109.97269416525435 62.16488166933942 10.0 0.2008162906210356 4.7481322256322
326.3298137793392 408.3634866351354 10.0 1.7263039602592143 4.226601792126612
224.3870809565146 32.27123900138174 10.0 1.52467543981466 2.36428409174408
75.06893075496146 60.34475429964603 10.0 1.645603431723265 2.2726675940766063
333.9632575529017 131.30121592576583 10.0 1.1226958428159775 2.880567061083818
25.040314741728576 305.15908472275134 10.0 1.5667291255658387 1.4732852221051147
324.30036708964536 592.5720272089598 10.0 0.4516606814606585 1.4830262910595053
297.5888919797946 197.7489129418867 10.0 2.3275112374545555 3.2450834818320073
122.3067225569674 920.7909435503335 10.0 1.2773417929068742 4.086052525105602
388.8554532589939 549.0662967496572 10.0 0.3978185968594843 4.418591378956608
234.39678149817007 482.28159315899387 10.0 2.3844731985242804 2.7298306851742207
108.86797017367961 282.198916035453 10.0 0.6826202537201598 2.1665406613586176
411.18357643275976 315.4858122330819 10.0 2.6805487458529527 0.3263305760400543
62.16713514459249 166.9747943709885 10.0 3.0818963393502 5.4887862201190805
299.9945827264478 40.64805133216509 10.0 2.1645097973740675 2.7042812748969998
93.7945958739545 936.9524015157581 10.0 1.795052628804891 3.405603752371526
71.53924591109568 997.5877539343967 10.0 2.4415666741725555 4.288507333916069
249.47177561733952 42.70235220884477 10.0 2.5853738092050706 4.944740204672633
132.05621350638285 990.4666322126848 10.0 2.967609213345317 1.6029926665545902
423.7975226958077 545.2865776121102 10.0 1.173595655442303 3.684603998078828
157.26838531284437 268.456710806961 10.0 2.558431055602337 1.2427922145625105
495.2927376768871 903.841818070557 10.0 1.8035575642579251 3.930119362813614
309.4740693719265 621.2155495367326 10.0 0.7764274675401339 3.0970831385302664
372.1199124487937 661.1731719938551 10.0 1.8702560767837983 2.1243368889532657
124.10213031999956 718.0747766013246 10.0 0.8760090958931792 4.008288738545765
497.30600156266513 281.2642291498637 10.0 1.2329086156103675 0.8820620025808258
177.05940615610538 69.84833576141725 10.0 1.0664098476749169 5.791161888877013
487.29647438552263 642.6098584502628 10.0 1.3732569619496475 2.655671908612407
269.19858189889146 242.16655669754482 10.0 2.476669761888144 0.5401307692566251
202.66886040531813 941.27823067319 10.0 1.1854395337324868 0.7291189677897838
489.2343602935459 199.2423104781279 10.0 0.16111720332116844 1.971792093486061
174.83378896768258 7.6077364210686005 10.0 0.1107564269339842 5.656480671509852
141.43642724327987 906.9757542134773 10.0 2.808892126221282 4.624671642968974
437.5517650052173 290.4458193427708 10.0 1.2664896909126855 2.3189390535147623
149.4270484008799 574.3033233313134 10.0 1.9427413783434015 5.636579801154064
437.09370066539594 12.835139049148347 10.0 1.720156751206206 4.52184817160118
172.4115673521699 161.69804924494537 10.0 0.6732755766946188 5.479202911706313
319.87335871624134 253.05418060861962 10.0 1.828268299235312 4.916403279958482
295.16987652019384 35.72665968397703 10.0 2.3735682667074545 6.131330020378021
21.37991017507035 954.9176728977801 10.0 0.3706163374321415 2.875528677838583
278.13700083679817 898.5702339848815 10.0 1.7960438374943457 1.6101703374215968
205.23856459908478 121.24392524314787 10.0 2.686775023146869 5.497874750975238
478.90092864036006 371.4143847013691 10.0 3.089444323799296 1.333311474992566
226.2275984176808 694.3945563877177 10.0 0.6918569380659625 5.298757362101499
181.44576651640554 860.6154919627345 10.0 1.9944687721555256 2.6909575034533346
416.079780723449 877.793479349275 10.0 0.6728956871468561 2.54952656936898
194.46845312270196 585.5488054779128 10.0 2.2289680533096927 0.4248848591512935
115.89627230728766 902.3310855907237 10.0 2.7650243072924954 3.5675670305192093
205.0970006821496 897.045141779107 10.0 1.7704924482199376 2.600831897076511
4.001314004275391 491.5598140665429 10.0 0.15483929414993888 3.228156138457532
499.3385327126699 265.3221331637493 10.0 1.7683154119778992 5.682275314410855
393.0656348494056 529.5875626556871 10.0 0.8702889005021985 5.522497468176769
285.5851649085119 566.3163461467234 10.0 0.4962688900156793 2.164867509037616
295.3268178787322 685.5752244025945 10.0 0.4036011893371699 5.610150797260308
482.5058450052704 545.3225611577395 10.0 1.5165677293501871 1.5538207173703962
179.73468446018882 998.744217480749 10.0 0.703575203769779 2.898142777983934
457.65237363168404 586.8463599324341 10.0 0.03675556481473446 3.0550290615437006
469.84990146201915 677.8007010823956 10.0 2.2129530759250176 3.1524965125049835
328.1075543424414 169.57645389311747 10.0 0.19189483561395831 4.434771965600539
456.3238535166286 618.68256221569 10.0 0.08454809166824194 0.6346480971069861
59.503832670804336 635.3827882090335 10.0 0.5305949374045769 1.1267513256931734
422.78789900611827 394.53521741237074 10.0 0.7872367158724203 1.9410484365605856
224.74031651592358 151.24683248031113 10.0 2.007797889946675 0.3510490803563865
408.9803090723419 721.822947626585 10.0 0.7000987103260216 3.9985978884333897
408.7264520219782 993.0302789999872 10.0 2.4664535725817336 1.182161588529741
159.93869907865238 656.4814601506708 10.0 1.025277744669358 3.6021778810943412
370.4804372538188 529.988179558672 10.0 2.0658729728716994 6.171402941136472
435.0864045630803 24.01838837794368 10.0 2.188643310358308 4.354002691218892
198.91048763876324 538.9332856386169 10.0 0.9176512124326252 6.036056917087314
476.04072659411025 837.4677138109325 10.0 0.2225468750176656 1.0016812502817136
323.6071137103221 726.9572578833092 10.0 2.3913751397135017 6.162160818265207
56.97118936970297 707.1044858689905 10.0 2.127180563576621 4.4240860655950565
366.97443944182464 591.6153085236772 10.0 1.7802100140980346 1.8757825006988993
166.3360739721465 495.82603996055894 10.0 2.5942191285493665 2.4389167762544157
449.0288595414639 997.4805461440561 10.0 0.4921184926407387 5.787192791902224
493.8251140743529 724.1059031094959 10.0 0.3503099833807245 4.50405702966063
181.19297086447423 97.97414688474682 10.0 1.894860675844147 5.8884600270782395
21.33674044476408 478.42677386526435 10.0 1.2164806905041348 5.796352202094417
210.4130129840251 481.3776140137348 10.0 2.276991547069252 4.832760055599897
141.8177935740967 827.0987583358085 10.0 2.888823755816099 3.0319429597431116
299.92797286867165 669.9335554382054 10.0 0.5972464971330852 3.367965603837866
354.79396088592733 997.3691075118837 10.0 1.213511425520012 1.184339705305381
58.018354014656936 350.94087600997545 10.0 1.2146228413395586 6.096173989432053
212.41897333834925 817.7295706664413 10.0 1.965925979259125 2.09270400998018
51.06282086026187 968.751074965797 10.0 0.2848252748380888 3.6379268827975415
314.8707247464434 179.32804958209104 10.0 0.9379376641877929 5.222709357763356
162.23088646855976 556.5715677083954 10.0 0.7012178091064046 6.231189721332927
278.92252372143884 520.3901543001805 10.0 2.736914744107695 2.14766714086
182.13963451364452 936.9822528826189 10.0 0.712857290380672 4.304024715000295
228.51736961011386 587.5575910136724 10.0 1.8305892405320567 4.437070955894668
242.80272923836688 670.0720113623655 10.0 2.668546316323216 3.307656689883978
481.17367467186017 978.0490349514259 10.0 0.9537507668882235 1.697242041588419
331.199782649743 378.10081421027894 10.0 1.1566477567518638 5.207275723170154
229.05031270109018 216.55015810573997 10.0 1.4064684034812434 5.690157230847278
243.79416498200683 325.59408897297635 10.0 1.7019890561005504 5.377457650687796
138.49927104608773 370.7389191361824 10.0 1.0899030422413272 5.018511833939742
468.3274655292117 383.7754311557345 10.0 2.5860596337406796 6.10484402730009
416.9339240677245 459.3522414091784 10.0 2.3536528330389856 2.0110602679351475
104.2187085038035 758.2439898644291 10.0 1.947403121789783 5.4892221331264235
20.84118636268989 156.70056648599285 10.0 1.098044972660177 3.4201796957970125
57.89637083558924 108.8025623045904 10.0 1.998318150044879 3.786349557709814
303.7655004647218 547.5363717656775 10.0 1.61681703421388 1.477212904833018
374.3914444032633 940.3431210061431 10.0 1.8289336117823227 1.6916276443792997
28.092913623196157 936.1828341218127 10.0 1.9200637800247666 2.271502296506896
191.5195560853019 393.69545828640275 10.0 2.471049523298465 4.3336343041738825
289.46338091178694 963.8292125273529 10.0 1.8768735641505079 2.9101892195548307
427.9803843971004 815.3455004565454 10.0 1.5556450679213643 2.3350286238151585
27.639217715717646 537.8988409337629 10.0 2.479476269614228 2.699022294117745
441.7023600241291 734.9296393857945 10.0 2.807239461847687 3.400096837713358
422.65818530231485 327.39610323307966 10.0 3.0152327306456512 3.208324584805721
19.760967249079332 129.41107513499762 10.0 0.430247801637994 0.9634511437701547
100.09891273125592 828.1387211533377 10.0 0.576602703390367 3.9245473519814995
186.1985180987773 102.84449492209436 10.0 2.9004267538979893 0.4830414390105807
194.28717233683452 251.78158535496476 10.0 0.2662187622900372 1.7586357715262178
439.0737646376098 360.63555151772664 10.0 1.2386797090431572 5.619953271541605
443.27081262147465 742.5382594129107 10.0 1.2572943837399562 4.253225273869098
153.0693441678199 107.20107145272218 10.0 1.2581876740890405 0.06515151465301251
114.39172050649515 675.5064987108215 10.0 0.053216105819277874 5.069634925552911
8.985180619547284 245.93640398163342 10.0 1.300191537302031 0.04323886655664918
184.2827620656758 40.50404059189283 10.0 2.810086260007541 3.8533085197631363
436.4460492325186 10.396236064840414 10.0 1.962668953113269 2.7666802824895753
322.1179358518872 165.3209705398151 10.0 1.6722678388631667 3.3507026456332434
181.15135703174596 405.5949937407531 10.0 0.02306485171957781 3.259935125281212
349.94381832749633 282.2947046676034 10.0 2.8032741407264465 6.18601671269918
232.9952456163016 88.33304339191295 10.0 1.2230416526040018 2.2163212918477924
478.92041257422824 692.1140050464338 10.0 2.942589938404162 3.861021950158991
476.38522895100965 565.4551783549789 10.0 2.5456113212511307 4.519455141300301
245.299558024294 528.7584481318924 10.0 0.599971913911492 2.3775320429850115
49.08745405367182 838.9473287069163 10.0 2.2145598991128854 3.348723872282441
194.96904591607705 379.4790401134364 10.0 3.1204632642645884 4.789145183862969
20.926622179022413 876.7780020291144 10.0 2.1836937042874554 2.907709426691428
490.39048273218907 263.7269433368623 10.0 1.063538294151953 4.506573622877117
128.66886328299776 538.3905643451048 10.0 0.08476167313334078 2.438389675273032
238.75907985079985 724.9359256691903 10.0 1.5057082650089424 0.7693807717695926
428.41553803857965 833.7526529667712 10.0 2.9458243668543704 3.984811910037788
465.2135644049556 39.065295790083 10.0 2.1746124484599 5.285438752927221
351.836152153379 644.8689869069113 10.0 1.5294604197801875 1.1265859759598178
279.9241474369193 793.8091076425661 10.0 2.7363153128309183 4.327036412010183
277.5685472500245 288.6637697354979 10.0 2.0052300008685005 1.7211139656956596
412.8869268814729 342.37835977426147 10.0 2.6880753045244354 5.506178217683989
354.1144077732014 550.1389728892398 10.0 1.9695078192758573 1.0341964575011673
415.2525757835386 885.7619802524828 10.0 2.067694118399544 4.712702133691306
435.5583040637593 64.71483587281912 10.0 2.814715960851586 5.421826564828465
451.0176672070257 187.3732856315007 10.0 3.126397651677304 5.579351085156365
116.4382551843795 178.65859568992727 10.0 0.43894017312270583 0.9516595980223451
227.90667623006715 173.98768230358706 10.0 2.472820190661893 5.497243520811024
477.09618437412354 666.5079980093113 10.0 0.7448672746199536 1.684489123779454
241.27273108677787 926.8783508662077 10.0 1.680172695546063 2.0060596211953987
275.8360309242245 934.3955502498878 10.0 0.3482298323900513 6.030774072139814
129.8453065876027 817.055868101489 10.0 2.3022225094622897 5.839019921154244
449.21804408934713 588.1800020349127 10.0 2.5066419728357276 5.32732287545409
67.15298775774036 788.5179931102671 10.0 2.2945912801440005 4.491231191373713
406.8170861566119 495.29118456261756 10.0 0.8350301101467663 1.8544790693586024
237.4494036934534 43.41602668225975 10.0 2.1984978160124307 3.9631445884859224
231.77314618635302 719.1944484741398 10.0 2.3893380118377423 1.368133600530448
69.97041114697633 633.0440374998976 10.0 1.9551384829521643 1.4415141984488102
23.46231995529052 955.3809882283508 10.0 2.2643596800772747 3.340353294439716
30.350780576735236 708.5568352661298 10.0 1.420221148262561 0.8616381361001841
243.61614096641082 347.7903000149898 10.0 1.7077300547831697 1.1068406721581956
393.02835614017187 435.32339413567536 10.0 2.725603304543799 2.6530868057783916
52.217670793137884 814.5710388639657 10.0 2.3162800847360754 5.690237217246097
43.46394609117471 824.8217779033879 10.0 0.8540135969122433 1.0728825076954394
244.50220009447747 262.0865443339767 10.0 0.7725433948980864 1.8249260748447613
484.0049932905086 987.9817115356614 10.0 2.9853093098804817 5.251339591122266
25.390882887038778 316.07106947031184 10.0 3.0814198891423636 3.890388510125531
342.22112955434113 563.8812155769932 10.0 1.719190724047572 1.1155977388729965
482.6853304992599 448.84330278994776 10.0 2.6541711075140646 4.039841223199752
305.53986098964396 327.70350017169545 10.0 0.8522890137527195 5.404544544125091
245.35131270509874 631.4833297425166 10.0 2.460807432661027 2.2223551289130627
31.01034275524589 231.86040857300273 10.0 1.535790522528868 0.134860090172993
