1000 1000 1 10.0
100
312.3251800993905 138.06645938333983  10.0
65.00451323879852 422.20314886398427  10.0
69.17005944371112 71.2705727933296  10.0
554.4476884203746 753.0978994358665  10.0
405.09774087423614 730.9014849048751  10.0
573.0793171148857 997.8501879774235  10.0
122.0765481069418 519.5057185922185  10.0
102.79732916825301 910.266639440541  10.0
891.3150562883957 714.3997868263185  10.0
96.71676423474452 981.0761930784693  10.0
834.6917501992411 665.4533999526293  10.0
758.4264187338731 344.3012136971617  10.0
191.3603929034503 985.6176970594324  10.0
487.7349196746801 878.4157183887684  10.0
91.7780072321589 23.292179255703928  10.0
925.798530856946 159.05929606479552  10.0
728.0047628930132 398.7870905977483  10.0
814.7485947978538 53.864867482827925  10.0
756.9758975550304 411.5522808223191  10.0
450.41390203927347 914.9969370071026  10.0
602.5477929863499 680.5081541874998  10.0
351.4594035270712 521.2864953209959  10.0
432.4717337820657 466.72749166121775  10.0
394.2392849555606 149.38751618397094  10.0
978.0506649870588 745.8818437735553  10.0
69.88934042460659 412.169301794247  10.0
37.085258802663 247.27984843080998  10.0
708.6594902606386 792.5976080908366  10.0
454.817885728656 356.9885878821722  10.0
486.2145834928717 122.64717743353526  10.0
612.934173439566 994.443990014081  10.0
777.6074482294207 609.3264138337433  10.0
973.2835155659433 315.1195147056314  10.0
956.8556024862606 393.6851805629295  10.0
20.831506695999423 366.2368369361164  10.0
53.52852270528141 43.71471549890771  10.0
29.458725022712073 628.166350268641  10.0
772.4799403718516 828.3381563720064  10.0
434.5721412814353 711.0791268463944  10.0
258.83561822053605 97.22970073103521  10.0
238.09642045337054 344.5761685840222  10.0
647.5736965752325 599.9882952303312  10.0
794.2647512262843 197.43504099005915  10.0
875.5113715582562 118.23209826689352  10.0
528.729517766404 995.2774317502057  10.0
453.23828081480775 355.4681548095585  10.0
628.8654568245848 865.8761752188449  10.0
895.5133204185888 632.1313387390406  10.0
509.73899994802684 834.9833891393462  10.0
290.8683693033064 566.9750335540534  10.0
908.0692972527914 919.9760532129616  10.0
54.6387949442263 591.0357998943992  10.0
785.6079425531657 324.27925127684176  10.0
254.36752036113865 836.6830636033745  10.0
833.7158931589595 822.4413833105475  10.0
22.50538751529696 671.8034407606439  10.0
262.5178589689683 543.8993193197692  10.0
478.5577313976086 907.9594247975749  10.0
730.8656007361053 12.886562089802434  10.0
271.30341129219346 501.3999807626418  10.0
727.443676277847 482.6001355577416  10.0
321.43883551108763 387.0908318018299  10.0
448.70220919907223 313.6572759231213  10.0
595.976642500864 938.4702635980378  10.0
235.90325394099943 390.03624562562743  10.0
777.9545635565379 429.42630110057434  10.0
931.41858003623 340.10984520937325  10.0
508.48746636644296 790.0291944644254  10.0
93.51828512063398 636.0446304010566  10.0
472.92096876581445 893.8429831970087  10.0
869.2415407256574 481.7522742623507  10.0
978.8227887449674 592.1787025604767  10.0
466.5420532775892 767.744048098867  10.0
830.7737342953322 719.4407016897088  10.0
589.7520662086889 270.6534056923798  10.0
245.39691531544594 333.7567821773497  10.0
906.5112042375415 705.8554711952869  10.0
269.79079839400464 528.3720069139382  10.0
599.65714276686 203.5264328317564  10.0
667.5076039198326 251.82483333474502  10.0
324.17689460377784 271.65017906897003  10.0
518.4459011446253 708.7135273804317  10.0
437.1696083654524 333.8929231718386  10.0
842.5016930788482 77.89973525753979  10.0
197.87218613708825 485.931385517876  10.0
401.5502548814044 481.28521063240913  10.0
745.1520735370318 200.73365851652736  10.0
460.3063260066862 363.8367618886654  10.0
51.471680280104295 331.4558502804044  10.0
693.8375324548953 704.3234975239118  10.0
725.1813882315334 910.0325267763499  10.0
617.9822253066114 766.2696013708008  10.0
487.0996738507695 920.2016293912567  10.0
888.6493977987653 419.914775671059  10.0
382.68952773828755 435.61988286658783  10.0
566.9552388361648 418.51377495706265  10.0
307.74315045723574 256.8883315440472  10.0
979.3770784434529 396.0953125415085  10.0
223.33760897570133 455.7211889505709  10.0
115.58223194436867 768.8397396350064  10.0
