1000 1000 1 10.0
120
333.0477356052778 485.23018521003314  10.0
212.70240232073766 808.5309267790896  10.0
599.180040930824 178.3225294523527  10.0
93.13346720786764 863.7709391046313  10.0
658.9993301432265 143.52694810525125  10.0
680.2462461259203 360.70223530043677  10.0
398.37383542441995 267.1896964475924  10.0
797.9718555186092 212.1549338132055  10.0
51.72751361070438 186.28617775035826  10.0
905.7524903382845 911.4032646297635  10.0
789.8403202368678 463.70473529843537  10.0
417.73798137894846 878.3179626635867  10.0
403.3221257044779 733.5710706181447  10.0
179.43861569640208 426.8192341451328  10.0
752.4448500040626 191.64324930580034  10.0
558.1637954719636 471.33685377952037  10.0
670.6196002837918 48.97225719849707  10.0
635.802345539843 973.772488906078  10.0
306.65617407131117 341.4365347576537  10.0
805.976904420373 47.49888979666028  10.0
470.0450101143676 793.4233647448228  10.0
672.3314457505711 581.2193593252218  10.0
403.85237118580466 270.84377843018405  10.0
520.6876956892173 223.04994871006954  10.0
551.4212388339874 726.831747262445  10.0
795.0322623353829 573.9761486748009  10.0
305.92247800309656 442.8926464294889  10.0
945.773538082314 479.8747419384468  10.0
435.9017399782816 798.9301054357671  10.0
738.43346114462 382.5802812553173  10.0
865.3195056990473 767.4938026687043  10.0
611.9160399026149 793.0155195710687  10.0
753.1832125201763 820.7558405033867  10.0
957.7210803198049 83.19300540668884  10.0
365.7216304887538 963.1363593145946  10.0
254.9479466183492 958.9353631689859  10.0
63.1540641657512 158.16394673434453  10.0
840.6611587997577 171.44981084898882  10.0
833.4572150910215 505.069894356079  10.0
721.1656228521787 253.43227962427028  10.0
197.13538674073806 138.77978732578998  10.0
236.96626754468042 324.16493218140727  10.0
979.8505586986084 976.3796586491037  10.0
582.6635440730523 298.11056662614146  10.0
403.87035216331077 113.7982661804039  10.0
152.76205034557256 152.79594156433006  10.0
184.64415915266906 888.3610620757522  10.0
435.347137688764 264.3154024674451  10.0
835.4183584566268 366.0352113926368  10.0
707.8101530325301 202.57506318348916  10.0
180.6538707915616 286.59969609355215  10.0
102.27985502651104 793.4372275978619  10.0
158.11039309031537 305.6376542654611  10.0
703.1438640161286 701.2131007623725  10.0
349.81331536715857 709.1632877866774  10.0
215.02114917558802 262.4918781079014  10.0
323.721384310828 644.8588420384322  10.0
396.77231598422026 811.0823052480408  10.0
790.7635495192113 313.3115372211975  10.0
895.6114562463506 273.8828671867013  10.0
786.0164473341014 493.3046457970185  10.0
335.1101751853731 388.78475193937487  10.0
568.144517564261 237.13041948059  10.0
511.86019191790876 498.2521398161398  10.0
697.82656509245 565.057283700382  10.0
337.78833284515673 506.01192088355106  10.0
803.744464453001 512.497044744698  10.0
728.5934643257142 249.32536146815409  10.0
873.8106029585575 939.0827751284066  10.0
983.5023537831473 235.6022360742803  10.0
519.6632639578787 95.78121820409247  10.0
327.51723949001797 419.65801391370604  10.0
554.0593386995156 64.32830665547984  10.0
194.55478537272575 456.7025031467715  10.0
393.64652984883674 832.6901582514739  10.0
518.3528167985577 656.1888730003518  10.0
253.69828042391086 950.915828594277  10.0
767.7474933156719 682.939680727987  10.0
836.7459808312398 423.6626115996167  10.0
713.9002389857394 904.5066274167946  10.0
233.6450953359369 738.8381300722766  10.0
949.2804328474352 167.50911140166636  10.0
53.46299405911681 706.2182947762707  10.0
991.6862929559969 700.736205850796  10.0
377.67810168456816 85.56340591045509  10.0
401.3129100863754 789.0854611821713  10.0
994.5312575820184 820.6693998344239  10.0
714.8532101813356 839.9509813407586  10.0
510.9721459106734 63.95509225810847  10.0
157.84374959343228 472.4627393257879  10.0
362.49477853578315 75.60007137659697  10.0
34.94435794229111 300.01717435819586  10.0
445.25789269701045 511.912574471318  10.0
417.56662402119804 147.82958031831294  10.0
80.23759701976874 579.520063740353  10.0
249.2432015056647 549.7764520580473  10.0
285.760961682687 25.139581441911417  10.0
271.356567038076 502.5859587018846  10.0
882.6213507121356 955.0992677546539  10.0
235.3215975402675 620.4734103125045  10.0
785.0770801080654 34.4460412277876  10.0
712.0442606826272 29.60766014091698  10.0
941.3871817267662 702.3887422195434  10.0
435.4539149308726 569.3336453926644  10.0
779.1395435906604 658.9901153339124  10.0
524.1340810808867 125.86485075344977  10.0
683.4777358826374 27.43502147517285  10.0
113.5531103468328 214.19928817818735  10.0
990.4351766497506 276.86628335239703  10.0
901.1221733067855 245.3008222386156  10.0
212.93612586884038 202.6936694887761  10.0
857.2850982633692 268.12755129708535  10.0
733.625137334319 4.4458153313593485  10.0
888.0710832108402 359.8772026724703  10.0
996.5376606301294 775.6483228343892  10.0
548.0174161321196 252.8592440322057  10.0
308.7266458133313 525.8761219791684  10.0
997.0967178083507 232.69207558133854  10.0
723.3107281684545 192.0417219851428  10.0
271.2587553669512 820.0629022540818  10.0
