500 1000 10.0 40
200
48.395707838765176 845.6028570869362 10.0 2.655041983087937 2.918200075431834
189.92718650772687 707.646364799657 10.0 2.400900160456634 3.331745883238132
407.07673556995604 340.6136643784552 10.0 2.336008108542799 2.2291771491580796
331.76234891463486 955.0932935506336 10.0 1.309225603349952 6.268323423518535
47.29605863604425 572.5907845869834 10.0 0.004961601792030012 0.5138210072673344
199.8087067350372 607.3122015326528 10.0 2.953981070752648 1.509326867328111
326.9070065349926 295.71888917455703 10.0 2.673051614035092 3.3377548390521214
231.82514641916953 612.0683439576864 10.0 1.9813471019328073 0.2442709128777762
325.571559480765 598.193840160735 10.0 1.592036378873978 3.49656162341716
344.43475796797185 357.0652003510543 10.0 0.19738110331410158 2.904305108400017
225.70037805915138 312.2121009429019 10.0 2.4815448257204373 4.018407312655062
190.54491027659975 718.880237034708 10.0 1.5859146273271272 3.57778352762786
239.80991433432004 827.8296548099115 10.0 0.1896108009191441 3.3114694066479244
315.7235661948158 548.9737734657672 10.0 0.4114569917472665 0.9579080099626488
320.62504620129135 939.5969277749368 10.0 1.569482529073052 3.3490731500569053
12.360134744458184 350.6764748927574 10.0 0.6093621470309497 2.1025211718913033
15.255082595724668 604.875754142673 10.0 0.079181241654095 2.825266679721106
295.4387425643128 151.06223431366539 10.0 1.778358318775108 0.5737358774751685
449.77142861931134 742.7447398757241 10.0 1.1744225079673507 1.616218118526746
48.752285352519685 821.6127187068968 10.0 0.9732711288354986 0.06047794468784461
55.51497798429256 452.3993080444867 10.0 0.43057784535023164 0.4713169055788415
15.385212157356499 351.57941119667845 10.0 0.590910247189183 5.361370089313039
273.4613616479121 279.9525355561966 10.0 2.46871709666508 0.278210460057907
431.2932654507886 827.9498190047639 10.0 0.8611165319807621 4.707142721744952
97.97219082083924 412.5431623049993 10.0 3.0417597384254473 0.5336236558913982
225.80827512195035 125.9238651144955 10.0 0.2226622214301338 0.3884844985907914
446.26039714333797 928.6569936974229 10.0 1.9354240848881448 4.5057853731593696
337.8960691374639 563.8068578276034 10.0 2.5163536876619936 1.7127750410814988
464.8978566419936 483.56795103524007 10.0 2.0267255311776258 2.445972865439833
321.99575919324343 26.225093392696298 10.0 2.438749712669132 2.698092924128647
9.693299677934586 58.804908753714244 10.0 0.8936560323671255 0.025262793610053624
42.2684454782391 309.57062744685305 10.0 0.025124446748841848 6.182797798848881
160.2687568292937 654.5507443605691 10.0 1.0046305971333955 3.663735736099804
379.0833567308996 693.5811437894046 10.0 1.4679210450637243 0.5201495565962309
255.66260624878396 53.87974752425539 10.0 2.469831490653271 1.6538908758996886
496.56983106196685 992.9613593717653 10.0 2.061452932424091 3.9433401468183975
62.28737185629457 37.73964279350495 10.0 2.8122410731854237 0.4003719717204169
345.06297118515585 592.9523187054954 10.0 1.2560825580093709 4.2305830721910285
310.57033418209113 679.5845288589337 10.0 0.7272156847706032 0.7397205855056168
197.2713012982387 222.7545173835558 10.0 0.05954127692054742 6.145009885844405
461.60519635278376 598.5648621788156 10.0 1.5848537363202677 1.9365938498577306
141.99435983892278 470.7113494779688 10.0 0.9234893791973932 4.854239957539735
190.1428037057119 300.1809294408209 10.0 1.2236598310681912 3.1431612580076487
84.21866339146 295.1590941803268 10.0 2.7644814990754716 0.4150005255125183
195.24911854571698 983.3059143300987 10.0 0.7676272908408479 5.095118125938487
425.41973382451033 34.84958627107382 10.0 0.26186155238517445 0.33296289384912087
74.95858636569119 442.4846976016917 10.0 2.3117047366025867 3.822178924862849
222.89874687077344 672.8519720485177 10.0 0.5021043321010784 2.7610571317776436
126.25094230797235 944.415099424692 10.0 2.0794535580420863 1.1376350703242823
251.98159481175102 357.8396133471136 10.0 1.7094800796013074 4.7358039109699614
56.679627715586435 207.5171740049049 10.0 1.5836963231394852 1.6936938039689882
19.90870913660775 436.6686083311967 10.0 2.110428937591629 6.023777777054631
218.9800033861471 863.4972878051684 10.0 1.5576838739621353 5.6592177542145325
405.24363327887653 502.15399914429025 10.0 0.9502816885383094 5.853850453523757
104.98537664051283 29.8131948671273 10.0 0.7583778375236072 1.3641023589373167
221.6285460136566 209.94997863797283 10.0 1.5902500846937557 3.948031800566364
460.17898784081723 871.9458645275481 10.0 0.5376923057769877 1.524428942812332
129.71478894898536 868.4403972284266 10.0 2.265267349875048 6.268151225442649
5.210178360940121 284.38520635554966 10.0 1.1549749844335988 4.8705170019848785
446.09668437570696 55.54572564246318 10.0 1.7093628071242764 6.05049290433123
375.70276270945385 69.2349484149365 10.0 1.722146062902662 5.33183184142789
23.076447315070915 766.3528118540476 10.0 0.516760757404664 0.2358854557340339
16.6837187746951 241.3436870181387 10.0 0.7503499309611557 2.8574992946136994
498.08874997457514 845.4735954236999 10.0 1.88344357439883 2.442584226590893
392.9604312335433 338.8679079683283 10.0 1.3355562434414703 2.937901579468037
336.6126716707698 708.039124992373 10.0 0.45135140651826783 2.633703627852066
1.7745536647814086 868.1735876742848 10.0 0.6732047636878468 6.029994747374314
217.3994098903129 603.2350942962544 10.0 2.1698648655610993 1.1309463079445186
299.0604822647515 261.98213688167607 10.0 0.9260551520771028 2.2261563637047876
433.8437127907018 924.2849816837656 10.0 2.635687822747655 1.1529427948430646
275.6368755099199 979.6674220651953 10.0 0.7149825946530723 0.6435374312611355
110.32733803145605 318.7874331843026 10.0 2.9540920440067278 2.7069463269373544
44.65901522367949 628.6099177978687 10.0 2.6860839007151593 5.201170235211811
157.36247216014365 603.3137282408325 10.0 1.578213879065173 4.534309572087345
426.6603279080032 235.51416634842425 10.0 1.1362256534834378 0.8193232037943785
14.363367015252038 736.1717222867279 10.0 1.899458321842986 3.5314134526056846
143.51116354579153 46.595828791037405 10.0 2.429156788296108 3.0800268241537356
353.87424285429483 352.2427534794672 10.0 0.749237252545511 1.4880664460684798
357.62291604123936 485.54476464866593 10.0 2.9144094105030494 6.046996731568317
46.081673690963775 613.7973191757153 10.0 2.2974852932921004 5.423453470944581
417.7256160316768 148.17005927583727 10.0 0.643056276362498 3.8059898629688673
307.43944867036055 381.1961212191224 10.0 2.0878301097880785 3.0873171125417134
297.54715101872546 962.6336520689416 10.0 1.7208626503256477 5.2468249509296685
82.23418829605438 957.3825910991569 10.0 2.973618102427849 3.5790082880431586
338.7222323763545 894.1782984453771 10.0 1.7743263148954336 0.8782060785771649
330.91963855748406 910.0732183808328 10.0 2.9822837836784077 2.1299781908672184
34.25919340316141 823.2566900429533 10.0 2.330311683422429 5.400106565935812
24.048052156609934 725.5517711119024 10.0 2.735098412225207 6.126233969699085
213.8928311087192 475.96756293844953 10.0 0.17326982163413457 6.019551191626047
265.62645694775597 297.97391787188843 10.0 2.2949138853169218 3.4074810386649683
117.65124551615553 535.7052234559603 10.0 1.6267705902279548 6.208000354393797
94.72622451483709 508.08821350966105 10.0 2.082216212159793 0.4946980580702309
468.96505680886804 314.9286119365695 10.0 1.3941341750715102 4.310951717835384
139.17386193449138 395.27986137638305 10.0 1.2940496823817484 2.3580861040253462
283.646913125348 615.9564457986933 10.0 1.466832487283431 5.601776597267158
420.15124220892704 676.8436536847818 10.0 0.6121430374478276 1.686879099390109
276.0694495378902 659.6942567868289 10.0 1.881466978624686 4.579778003933136
231.53341620913153 618.3919291068695 10.0 1.0640036259933734 3.2109994377420836
348.8699053170929 211.20003510140418 10.0 2.7056774870906177 1.546969679973449
142.79206142476903 509.30412060442274 10.0 1.110921566284858 3.3811863323014477
277.5095115891529 280.9942580545608 10.0 0.8700676062121598 5.971525979602202
299.29272153728556 247.12412748511315 10.0 1.1054093276718435 4.364659911681873
326.01564414631355 31.02102339514723 10.0 0.8061485467090282 5.849397708257312
318.81403739886866 784.8116301931836 10.0 3.0548518364925745 4.654096654580997
155.23505095785438 764.1661618053023 10.0 2.0870349931432948 3.226903409295962
208.11693344397685 444.75360417930676 10.0 0.6967256941760722 4.406271552116455
9.926123064949444 126.23886244738958 10.0 0.30965496368708983 3.9896003703837994
348.39205324834177 353.44251643696566 10.0 2.8000338869777783 2.36566632030645
296.01849232975115 899.3226786130841 10.0 0.5435217322611994 2.3899848422658616
223.41344924035238 500.72699166341806 10.0 1.446109699689208 0.49824715252242946
284.36786139209096 15.402782629498123 10.0 2.6158104401889917 2.3573677809425173
189.22672714746764 177.541796711033 10.0 2.0308627996980504 2.615490652770192
302.3344722387337 669.1750316003413 10.0 3.1108812847747718 6.106730904573845
209.19972096307993 796.0228334295126 10.0 0.038084233393151284 1.1227127240582881
399.51300325457765 658.9435268724901 10.0 0.05752822690970541 2.66513230482058
103.26382823596303 345.9138172014352 10.0 0.9055313104307617 4.145224169521799
98.9424240953175 334.512817401827 10.0 2.7705955222067455 3.0713932291794164
485.17417459998256 991.1705324373075 10.0 1.0201307868081586 6.060181996790816
470.1234902175427 780.9810052256302 10.0 2.975110598004457 0.9295973547229498
186.61669636800966 560.6692454750157 10.0 2.602077801332226 0.8115487231573569
385.17238032875724 117.33991066595506 10.0 2.356558042405946 2.4615058225117292
91.99023932720068 936.9252928097319 10.0 0.9345207800356782 0.726290635077635
444.4383858360008 38.78862252651505 10.0 0.8291651222551926 1.5968242183898433
432.691885494163 596.7281792300072 10.0 2.5614419559269384 6.27118469892772
182.9138389058823 981.6667324685327 10.0 1.3959158710716795 3.4057240646478633
214.73352028549343 807.5994794575894 10.0 1.9148507184299768 5.707296302241443
293.7643856550919 539.9134372670376 10.0 0.2948122750684596 5.970072278403759
78.51789284040173 233.97961709637516 10.0 1.6974362229926305 3.4885708076533337
230.3077948094917 11.958726176695356 10.0 1.026341010018328 3.1570657750641233
14.602140972713118 957.0501199618407 10.0 2.9110004995251475 2.423561026062183
172.76933011975632 206.9529488673546 10.0 0.5363119853529096 3.2147279581089867
484.2770446648331 162.0971052213932 10.0 1.1621320552187198 4.420180486958135
471.1418731463726 889.2410929171034 10.0 0.2861933638060182 3.1308510176274935
118.7900950649679 997.3227498791813 10.0 1.5292393479718849 1.956393058687829
300.4789401859684 489.9878353550239 10.0 1.4806847474781484 4.781025251842685
296.0404305586358 358.01064159683705 10.0 2.2286063629154604 3.1055810172993814
389.9486048631368 964.8598090001465 10.0 1.0563361609160407 3.3825638543923393
18.573857260924587 599.9514450087227 10.0 1.7750899065588566 2.5692421198560558
311.97664524836875 926.6711406382107 10.0 2.6788271536467096 6.005630077975557
141.70604647872275 436.0349349853464 10.0 0.2954736377359416 1.2360170287320225
442.8068115422617 431.89879864028245 10.0 1.2332498656356576 1.233596273281721
125.60201845596114 519.9150629715191 10.0 0.9954122958248308 2.4276609575414
330.80654436248824 49.97359099799736 10.0 0.6081021464723572 3.697388141397859
110.14003847870568 470.6537129721471 10.0 2.858333370346728 2.5279610640113286
333.8461253553683 94.2534780393498 10.0 2.836983938480623 3.469656042306349
236.38809798307247 342.24993997209793 10.0 1.5728030003082167 1.5445836151318197
12.079467233950758 143.58519726198992 10.0 1.6951649675032374 3.733789222477101
263.5210359622906 791.9605187263926 10.0 0.7622994372714706 4.1759638163806985
387.45461809670354 233.36048456833814 10.0 2.0672219205876425 4.987945456351181
155.00646959059367 451.31849884961196 10.0 1.8192133488803277 2.375702251414465
306.2821759528485 344.97320971444503 10.0 2.3643379454407207 2.960186169379961
432.8876601407805 253.75548238206025 10.0 1.1205562970670306 1.0927691357153737
266.18959517618225 72.58364320168043 10.0 0.577369439757239 6.149743834816643
223.99140488203074 722.7344315202856 10.0 2.197104720506546 5.9233477531788195
193.78971864916016 596.0960904667927 10.0 0.5141834524246275 5.082026811735694
46.889122013008375 474.29868543659416 10.0 0.9476262604331275 6.078285379904142
284.3914614397307 339.25617765464887 10.0 1.8383482876831103 2.864947155274658
13.439237943290161 437.9439715234175 10.0 0.1646019134345101 0.20728172091432237
140.0808717392775 941.7739726751306 10.0 2.2939602377095842 4.576655925871473
243.73895829647586 549.7193656586531 10.0 0.4675157435400075 1.094410762343951
67.50074449860854 424.37927798256226 10.0 0.44607930245685595 2.815641479007418
418.3136623331773 921.4634131331294 10.0 0.34818253760952356 0.7926604798754315
21.656719192413686 675.715256427403 10.0 0.6180170898812843 4.598130215015992
16.371894133824505 740.0818193217328 10.0 1.1188690433460597 4.999681457573993
307.0782420400976 639.9767638714839 10.0 0.5009693619704978 1.845261119293406
413.9541939647763 400.77294409109 10.0 0.772994564731739 2.003502219920591
272.6623203881199 834.199438157811 10.0 2.387144893863602 2.9016027793144326
140.80382884935082 628.1071439468935 10.0 2.394296739906278 3.274735043166985
361.52828939426485 74.10607458840923 10.0 1.7983447367281804 5.336338021143047
219.7876471408104 588.8666354980189 10.0 0.7038947873997382 5.326066734049693
2.2116342029732117 537.4162257425195 10.0 2.315125255881057 5.477535855392668
137.6949633820163 250.5514995574276 10.0 2.2262678230897013 0.49078116429870133
452.5251436315119 543.5255483380406 10.0 2.524518407330278 3.4706503893484877
121.24288823859163 489.45881983197006 10.0 0.2520787038448562 2.4800353423457864
332.4153528744385 678.4609616284022 10.0 2.320644729182203 1.9222968959124347
17.115983713275106 702.2405233670174 10.0 2.490361753467285 3.883927411578245
207.14250281736096 144.0179090697602 10.0 1.1797311199054266 4.044331737940837
199.86855039488728 924.8466112242346 10.0 2.742875671093414 4.26367697234411
207.11208150086907 459.9861379279868 10.0 2.657146415116302 6.217695978901082
56.517482828944644 712.7599649566095 10.0 2.347120511526002 4.008804686309991
295.68614924860634 898.3699383830627 10.0 2.4403543406410555 0.31582570071845945
221.65403329095685 286.42867975157304 10.0 2.5659501765401056 5.217259533160939
421.3024794727449 278.50936855904996 10.0 0.9089356964004313 2.6982380434419735
361.9024088735715 695.8026685998734 10.0 2.984446122299848 5.878569738949486
415.22972039612307 2.0085336971219503 10.0 0.25681926258748533 2.6919840424398624
433.5535011904077 7.8803020965168 10.0 0.9194091385338579 0.34363078706743955
121.28662088017967 456.3773639434464 10.0 0.4243354228842954 1.4096133245162898
462.2016847836149 771.1717164727348 10.0 0.1985985896474927 0.6355388686142047
368.8535740267179 166.292877013008 10.0 2.5899194610112812 5.447012209996034
18.213061769093596 260.98469602632167 10.0 0.7531305331424207 0.47889852288678086
25.50442861037494 321.38642235523173 10.0 1.4823534858399556 4.938088483145617
186.852958421254 259.43981470336263 10.0 0.9421093585454566 0.27456950377418693
490.58684808686326 559.4630048412023 10.0 1.9669130651242472 4.713187189007928
456.901099660024 374.12055673418496 10.0 1.3316639335543967 5.472502398050835
116.07927526727806 134.05896853150347 10.0 1.8963997979358815 2.9497269423513117
76.58242732946435 149.2650787248089 10.0 2.5775540987497263 0.3307029850256627
166.0525924137315 845.2444440182787 10.0 0.24236895865395638 1.7699042343190026
50.64165667986603 473.40578759214725 10.0 0.2706863047815202 1.1501230342619868
51.064672682348764 362.57643011860097 10.0 2.3426648922517805 3.8642156874993483
77.38985359236372 37.36280814836479 10.0 2.3814266045327583 5.619553731016447
