1000 1000 50 10.0
80
57.87475819264798 376.31431579591714  10.0
580.9830032747853 302.6290684354954  10.0
984.8624761810751 247.79279951612  10.0
383.68028667868435 446.663042088012  10.0
80.37449294590759 687.5035247827728  10.0
425.58067144889486 419.87862365756666  10.0
533.9403019241125 378.2541597554794  10.0
701.8078088494638 527.3218567829612  10.0
62.089005713065525 556.1803982749354  10.0
285.7511042336243 845.5619538983659  10.0
793.2952896181334 79.70293152967834  10.0
286.6555451732978 887.2603011206663  10.0
531.6802509825051 879.5353427601713  10.0
308.29603928029013 655.4724755819294  10.0
659.9953852922416 98.36733319941793  10.0
892.4088864300147 76.48413355679529  10.0
834.0197070585442 347.0117407088326  10.0
337.78069596277993 558.7688455901683  10.0
793.3521173019742 153.21746209929245  10.0
974.3702442350984 215.69699343701564  10.0
67.68176804771554 860.0150217381491  10.0
441.56672663519424 110.91235671090548  10.0
92.97168524935573 942.375086373241  10.0
770.663241346015 737.8328012528433  10.0
268.5917783170382 954.1244823927996  10.0
103.85163498513205 828.5208243656479  10.0
784.2891499339463 91.47876504960063  10.0
695.5213009602638 502.2076605372393  10.0
624.9853108239327 665.213435677531  10.0
436.37059698662415 710.0451837088258  10.0
21.741530385052666 610.410974589522  10.0
516.8169821537437 910.1976537176829  10.0
758.8344599776881 530.8846014062316  10.0
3.417383641237448 916.1750944213272  10.0
169.7366906341703 674.7931341062542  10.0
40.48829312401592 901.3489428709063  10.0
358.89786219084317 668.6265643723858  10.0
108.84013474684006 613.8798244441251  10.0
171.57347210053751 798.6549467187426  10.0
274.518232529508 958.8259791011525  10.0
700.550475550711 122.09769731525266  10.0
642.6686456296455 237.99059821611414  10.0
666.4700064029328 714.6845825363954  10.0
295.1237682374973 503.10452205878374  10.0
837.5493027781849 916.9436960616658  10.0
835.0292513551553 674.2307626183417  10.0
764.8561785606583 528.4652639216929  10.0
287.8105559259825 302.8154893879397  10.0
500.89154338947486 517.5552057741806  10.0
515.0034264612332 117.59991893585054  10.0
642.0863036789111 963.1052181117528  10.0
485.9497335121538 781.645942739301  10.0
989.9211133587494 626.1715143221123  10.0
722.0865647085404 610.0182473794418  10.0
360.72867998547963 760.6668931216508  10.0
979.5326691694729 350.20344620349675  10.0
590.8400703513988 515.73675445329  10.0
767.9031984525974 511.1374928535454  10.0
581.5879099506141 556.8016196996472  10.0
616.760498094977 141.75000694366057  10.0
307.7810392880859 337.9147770475835  10.0
95.83459314147824 406.22453303870145  10.0
73.61652569713794 794.9961740506642  10.0
471.1242140301065 780.7119754437064  10.0
941.596960242461 97.66887635970778  10.0
536.2154161276601 205.02403472774168  10.0
182.87186258671383 496.83749115339015  10.0
596.6316813100932 62.872077897927035  10.0
801.5242757844536 235.81296911661687  10.0
804.7553780451291 435.50642495797996  10.0
670.6746650352653 954.701499099615  10.0
43.8380412503665 676.1497122893254  10.0
584.8759915307234 10.939834682285543  10.0
341.84222556529863 986.4071985907615  10.0
581.1256292137897 663.2727340631079  10.0
359.335453961921 340.87598615608607  10.0
209.92073446476266 122.13338323364142  10.0
840.3823935647778 802.4641539591288  10.0
48.13609101608296 56.30052006212593  10.0
41.35859725003566 998.4696499453393  10.0
