500 1000 10.0 20
200
63.86748912017792 199.9255713657565 10.0 0.32008244079097214 3.298902250719859
64.04766253964445 567.304446818747 10.0 0.6487452203828583 4.720201582604245
103.19267131291338 231.6549779718229 10.0 3.131761616289167 3.5591892039475352
130.2973890235583 579.4496633197381 10.0 0.7654955967786202 0.24254190337957224
216.51918623657085 4.179727948322665 10.0 2.8675508554779383 5.969895739270916
14.068286526702611 479.33420002960423 10.0 1.073879515207886 6.120185434639234
287.55490006960684 326.3184522861402 10.0 2.9243335703878803 5.310302616042133
275.74310847539317 49.901560541860235 10.0 2.5034269729171785 4.573814513060657
485.899432021375 903.8206051066539 10.0 0.9323124445709324 1.0236774519478953
257.7876470849335 670.4589545359141 10.0 0.18100013985843635 4.304999178289732
59.849381382896915 991.0550722991078 10.0 0.5361522710253432 2.839895930546899
496.22353438699423 466.6872829902983 10.0 1.5795864134975128 6.227839823151255
409.9957484855602 665.3183451276652 10.0 2.0687397978816753 3.058907215565368
265.4323507275909 116.47419512052592 10.0 3.0964042096858866 5.381463828105779
179.9417380431998 352.66857662006936 10.0 0.502339106860671 1.5206879694986963
55.119107207857176 65.47578420750433 10.0 0.9616905210652503 2.7370807422600407
225.46902345695008 484.1918422751257 10.0 0.9977673758397699 1.2121186853496793
403.2633715681314 156.31386411455284 10.0 0.06760257573019691 2.184100574883246
448.4806642836158 411.6067217352564 10.0 0.32575695421944184 0.8461660767783237
133.88593634949063 925.3144309118608 10.0 0.8000256398289683 0.9665362808615038
107.04866976527234 961.113515510759 10.0 2.60059210867006 6.036363880664612
173.45945157015169 70.69416945004615 10.0 1.2901490670766098 2.2612682893474427
337.8945757094859 254.39432516073023 10.0 0.32142759244075114 0.5789726255933128
244.79080526687457 846.1007508626819 10.0 3.0225825641466697 4.762321401654998
252.6308525292219 675.6703035667057 10.0 0.15695091095446584 3.1383697399400994
362.2036853146587 383.41356477261303 10.0 2.2390032200609613 1.1043217992568675
94.0915154571209 113.722251549912 10.0 0.9068508860476039 3.1931947576401107
176.84925861176887 198.71072903947862 10.0 0.6271998925232918 5.962730353760434
64.07992983185606 857.7808600176033 10.0 1.5049579945634743 5.2113585169679935
345.97314399835165 385.30908787848983 10.0 0.4557449448985616 4.292351083126091
58.86201483318659 776.1928409446014 10.0 1.475391247086664 3.1857770056939754
224.96686459012903 247.7831231442612 10.0 0.3654006831396184 0.7629361386431148
173.73290189335665 656.7690899133196 10.0 1.0207406680689415 4.5431932975664395
306.03173610330145 380.8689606185258 10.0 2.5305839868219473 1.163126170041345
462.98523253500326 837.7214289921964 10.0 2.4235297408142262 4.097764994550783
452.2835668419535 447.16022310997784 10.0 1.8489030299432794 3.158989182589958
66.60714813793145 508.09379700433465 10.0 2.661227447676208 5.070633776741469
101.12604769299716 157.50127890572173 10.0 0.8588120036139312 6.24917822224671
440.0381675607918 306.594354009885 10.0 2.4779979303050697 3.5551159166042785
235.72115192059246 207.98473424012 10.0 0.6230464476355566 2.064042960326716
48.31109825227592 97.73479173706612 10.0 1.3931057839438565 5.1743978347454975
48.38448643501464 177.4591132012896 10.0 0.2823096686020817 1.9746050835341509
10.90794953515667 54.18293680574804 10.0 2.31836950305016 6.019338213240094
344.7338957014558 639.4529702440112 10.0 1.0699671009932425 3.4684730320740487
308.6581836875938 424.2350204348777 10.0 3.1185611579699697 3.471666358030828
362.41936054656964 992.4218779182019 10.0 1.939125728875946 5.665679464245836
289.0072921314835 613.3138877421894 10.0 0.35794215322190287 3.557701307801713
303.262265785538 762.2242593102316 10.0 3.013206619716513 3.705852042878381
330.98384236246767 458.3991552490282 10.0 2.98718560611251 5.614876597417024
2.632254016112001 380.73273877423344 10.0 2.4405924144251436 0.12307040439008585
156.19313566828262 824.2959398760179 10.0 1.103261616840267 3.172827844362752
284.88978048059965 694.4866451745634 10.0 1.293661849441102 3.7805221086456005
397.16563244593465 900.6481903941443 10.0 2.2046684100036344 3.822475002941989
178.722403803029 707.2925423822314 10.0 0.5219948854298639 1.0742382686090377
159.38823673560893 828.6027156257608 10.0 3.105565535500794 3.3023007119197425
291.2030355358758 310.678726720267 10.0 3.029266181174407 5.066503749351087
438.34654090244305 536.0305736594399 10.0 2.0772109194890525 1.3982575250924112
264.3982541041017 6.109813592200641 10.0 0.17122087486658685 0.7538128846050709
377.90614816110485 910.2117301086618 10.0 2.6324621734066502 4.311282709046109
363.3547533439894 872.8680011891346 10.0 1.2973434905190757 2.0857071184841294
481.3613415123696 686.8893591056197 10.0 1.9952054280812959 3.699482493883458
369.2921392579392 285.5070068497164 10.0 2.3814090094879856 4.381848624922384
11.479019346249231 684.5999409292955 10.0 2.0642703789344305 5.854261807149829
76.83008185277845 134.78506280281078 10.0 1.058212704368119 0.6397756191511904
440.8661327532569 263.1857013224342 10.0 2.926971595512389 3.828090004909253
319.07808411152195 555.983123329376 10.0 2.8063548187536496 5.601916078490209
438.9887794916482 135.3951813181268 10.0 2.594667629539173 0.5306979601288431
69.41590104316742 418.5145136111489 10.0 1.5014655391480427 1.6053053741423713
7.170969860094245 910.4786092904975 10.0 2.2853861680011196 3.8857306705631887
293.79271812356166 80.73250757877126 10.0 0.03106437177057107 4.5515866164296375
497.9013200064668 998.6841099193639 10.0 1.6559993680065057 4.675277501933037
352.3733418640487 163.84168504734976 10.0 2.35916042246482 3.7995128989982296
379.775639493416 755.5609672979515 10.0 0.5877561613732178 5.819160960285269
374.35932928171155 348.8198311235662 10.0 0.32028722009466276 2.591866982354457
234.40376923425933 994.9763419519796 10.0 2.9232304447922814 3.7606609398301787
154.81337978843402 450.25595250084694 10.0 1.1992092907327832 3.9252031051490754
96.60852113586316 249.75168135094182 10.0 2.6301769655916036 0.13033559476799203
247.31501685543273 271.0114641993523 10.0 1.5662708071511362 1.9699147466045728
374.24504203442245 408.82476919448106 10.0 2.76822378214769 4.049874935645485
51.27558867255188 991.6100543120695 10.0 2.119309487713388 3.0198168578573417
208.9686581517871 609.8441969470678 10.0 2.1808011533524856 5.858275054390093
317.7410137650328 98.26300464228599 10.0 1.9888280190106729 0.990259144751661
264.27933266843456 516.1020911451693 10.0 1.859031711877653 5.144384675166354
122.50998413737585 103.43586967450125 10.0 2.8546981587446214 3.700593088919061
52.170855970672335 356.7113360577402 10.0 2.0282961449982975 1.6114804813164023
480.3961152369413 562.8630458948925 10.0 0.6009963948232228 0.4024880872169816
34.7128601899771 358.93390753517764 10.0 2.6342928233477223 3.3835868329924543
399.4619900001961 142.91624566210103 10.0 2.7112297066496622 1.3474387262881649
361.893937779537 451.5661329444838 10.0 1.8412491222940088 2.11990367802639
299.05319511877104 742.2332511822632 10.0 0.4358625588663377 5.297440553161434
232.05369870087273 368.287560081002 10.0 0.5067146683460626 4.104575728037079
340.4606059873308 921.5132235593735 10.0 1.4786464513221125 3.7810261450584854
486.2322061530867 529.8791530969199 10.0 2.533205157861782 0.7047220536426393
344.0389104370025 145.384651902259 10.0 0.3973850500874232 0.520754342304575
172.76470364871298 334.21766970026215 10.0 1.7823666133013842 1.9214778453187968
91.60959418875214 590.2524484272533 10.0 0.3196161485714531 0.8963014723649932
443.4498833789118 732.9519749174669 10.0 0.4298014026744516 0.719002119219568
437.9764712627124 522.0301925814613 10.0 2.4387534557534827 3.2763266126956387
267.6196421995929 223.7677507925002 10.0 0.7515391716147168 1.2809864588093274
280.3818518926909 497.6638885646716 10.0 3.06374090748134 0.4903310395724126
75.4387726215991 637.1469161091425 10.0 1.0831267214767322 0.8707617632125021
59.73158391876437 894.3535447486133 10.0 1.0815605886018116 1.2825366930471453
66.7623227949865 346.5279100356009 10.0 2.34496959213941 5.03746452694497
92.41690747028497 520.3786935024527 10.0 0.6277768114224775 1.4791891039182277
46.87906169466083 780.7730122170495 10.0 0.8970286706965642 0.4018814797837082
156.56149674794673 311.4341226703257 10.0 0.8288809738834405 5.817493336844516
275.4690107401166 367.8491437878921 10.0 0.8200411805584246 5.605134722595645
381.52152068381855 366.3823320905708 10.0 2.964715022305498 1.8932572751718941
440.1031837586036 288.628254774127 10.0 0.9660171940306614 2.131714710855623
114.4671521673466 826.3283978065938 10.0 0.21119986097261445 2.883413648229613
490.61379827298157 669.7136156977374 10.0 0.8707562233200556 0.6785071855953884
62.87340604500591 350.9241671409602 10.0 0.731998617902069 0.8102322273506585
195.66282062681566 94.19812630406665 10.0 1.2914859471857145 3.9406173281666095
136.74853069063863 195.8074747332257 10.0 0.5846557508390946 0.41047221340315054
407.8372532142954 559.2612199944243 10.0 1.0508681857174271 5.24670779177628
39.428135102672236 145.08299723930108 10.0 2.7629341393268483 3.6506185795536537
148.59907475630297 259.5102310157211 10.0 2.078788783881805 0.6845477797006554
280.7630192802239 802.7508316736288 10.0 0.41168894830485053 4.9957077843116595
249.4180817027305 824.9725869225422 10.0 0.7712312632940082 0.211450124929888
411.5290500217691 996.9890351123586 10.0 0.11564673294503561 2.561374889327897
410.4157167910177 892.6453862674524 10.0 1.119597466654091 5.965514316418887
402.8869940190241 301.1964417067986 10.0 1.7276333903114245 0.43362046653278163
162.8479801041056 140.50803113094744 10.0 1.0262356964774544 2.962615045131443
219.720482751658 925.7020468793932 10.0 2.7836371615974675 4.14434196540967
346.7555868888749 162.90479482180976 10.0 1.3967073329466295 2.6516823920022885
261.68046436502976 484.04699898002156 10.0 2.089714405344936 0.29508815006856054
340.1095531599412 816.2030018098636 10.0 0.4201268371116041 5.442434270241477
470.7638588258583 387.7458086498341 10.0 2.983882644318198 0.8568969144590619
400.7801163048451 913.6335735620195 10.0 2.2077534312051643 1.217923443410445
29.254916824342892 873.4325404989389 10.0 1.853582496088305 1.767009091224233
107.65743621112117 398.2197291023093 10.0 0.6303734334192808 2.751355860513077
196.85717380628765 916.2987687085082 10.0 1.6817614173467301 2.3237604960360865
12.251935702509098 372.7004822080943 10.0 0.511374284568401 1.7032832711204458
460.8442053058111 533.7291580211662 10.0 0.07384542594063429 0.9738932166626038
237.10249111150227 615.3549550311466 10.0 0.8877335638562246 2.339848496595099
298.0573916118712 233.04099724480997 10.0 2.534225573486668 4.037844623510103
382.320685678076 460.63381477965805 10.0 0.9250277745969971 0.6570391028929786
472.578588740093 607.234120428433 10.0 2.590543956054297 3.8079589053574323
226.59909445792138 173.5041736248437 10.0 1.89337058522327 4.361367854123189
417.90611863409464 332.65728206478076 10.0 3.096351756933224 3.4058841505065236
334.01187675996056 196.4138486862601 10.0 1.387735509926696 2.2326399549441183
377.4619345896051 72.49717560924684 10.0 3.0316626651035885 3.9933985105215926
302.9356634229231 897.7819257565351 10.0 1.8942591023791726 0.31037314665048804
102.25830404505459 39.99664595758124 10.0 0.5700305488679674 3.448589200934845
18.418951620822522 700.921084035374 10.0 0.04084946118456203 5.155197859429402
29.551987666511735 225.30802440149677 10.0 1.1343250397155091 0.6414474459589135
394.3281472440154 722.2984690713445 10.0 2.195640764958166 5.653357900694445
491.31411158432445 539.8879802425507 10.0 1.09921850075485 1.0137289936383758
216.59833716052185 298.04115977717504 10.0 2.9064888244948683 0.12004797739345954
126.34381974275921 382.3401826618393 10.0 0.2652098910792742 1.8891771849154946
323.91682337087093 27.59254733048966 10.0 1.6901778534187868 3.9307822687252147
294.85389949470425 379.6119509590461 10.0 2.76662412766927 0.342849832611202
487.1678180108252 213.42575378210014 10.0 2.518516319304367 5.896712556201032
419.3563668198944 307.4510302961848 10.0 1.418947077416849 5.197238657932083
473.96605926905625 825.7205646459731 10.0 0.8241560367101226 0.2502426050378933
300.67632723330235 444.02917024848153 10.0 0.986513079441091 4.867737131241838
409.60784775696357 370.90984683079864 10.0 1.3334819586810738 2.7665977750672077
82.92207268512098 860.6380696030304 10.0 1.5484754068435325 1.430442342541015
170.7672820241592 293.00196344018127 10.0 0.8635711159031135 5.1000980329713235
166.2396075844038 403.3646999837922 10.0 2.1564665549451822 2.944586657881052
173.26609962455507 786.5852089554451 10.0 2.95251402166305 5.197059818076209
491.179746787011 369.65153449066946 10.0 0.9397510222092867 5.862769992253072
40.24507006463646 150.42076887749144 10.0 0.030893529252666033 1.8906284122992727
243.50586319592975 133.64859707367927 10.0 0.014997492918895922 0.932956883637241
262.0651262467326 60.53013048415512 10.0 0.999286898406362 0.43327739302823437
153.2704389904867 224.26307489679388 10.0 2.3520472583441756 6.151073865230248
84.26636327809194 391.68351583472185 10.0 0.649680345240678 1.895282258338113
186.98858381419865 609.8129698282149 10.0 1.0988252516084311 6.230134150252923
484.91306518154084 466.195390337923 10.0 1.7823825181559982 1.1937518745494635
56.73650629971555 193.19098579706983 10.0 0.35304887249228045 0.0650601022837628
227.65276544395368 858.9333274424275 10.0 0.5934949176378684 1.2380473487725288
95.00326244808488 771.4450312957454 10.0 0.3396379187167486 1.101611737353042
101.81759507056992 137.44652863530703 10.0 0.6314311720652108 1.9827255488541256
169.12377096608176 963.681332602173 10.0 0.11864954341386666 0.45144159386089944
85.89600976306438 166.12027185691193 10.0 2.0258584462719127 0.14816902358504383
434.1211545832219 861.1966189576682 10.0 2.6189190990026017 4.6970569160704265
295.70293009727726 853.2623416484763 10.0 1.442423926420566 5.523931175153448
347.7868407617491 403.7455913414727 10.0 1.2948030299048425 4.290670631673723
203.57656885773505 470.02798981237214 10.0 1.3029172016118886 5.94240054054523
496.8260896657315 735.8498008014769 10.0 0.7454486692550317 0.1986872564794431
239.929945877257 920.0895171542312 10.0 2.4631753727682484 3.076741263512532
407.89752063829934 47.054423653755336 10.0 1.8992988413876544 4.386062769309778
13.48529375826163 588.9565706014398 10.0 2.4503266345449637 4.026822358749759
142.3744577900618 650.0388434435508 10.0 2.5324607581355307 0.4206166298294377
11.51944795632598 651.8537752584486 10.0 0.15521622478056205 6.024093215949149
98.65634929805938 300.4877281460192 10.0 1.8431113191677446 2.844613059576241
266.448309118613 969.0616094288868 10.0 2.378073563707044 0.5907868419687666
70.8583753162228 12.628370938339462 10.0 1.7311042363956795 3.673352161438505
100.07859409229857 947.6269708015667 10.0 0.13654112319802458 6.210073142515618
237.70730910689076 874.3409606697574 10.0 1.358932001043097 4.358350709910455
181.8549225174217 998.3496026006936 10.0 2.8111073866482905 1.9045054477718912
380.4718617783558 615.7477813291662 10.0 1.2051537409395507 0.11466554797850732
262.43038463877264 466.9506565340098 10.0 2.2184887627475267 0.1156451250874627
253.75555661153913 935.1876415583455 10.0 2.190867769288867 4.99420015195703
68.88873038350074 168.32958369092944 10.0 0.2410950970525954 2.476908826425297
157.9802329756043 836.4819283912303 10.0 1.953171924830271 0.31250818059308766
472.94629926202356 902.8158015877494 10.0 1.9482556560392468 4.615893257825331
387.38841580541384 481.3982062877239 10.0 0.5497296752186904 4.766678990243037
168.46179761130782 583.3209634335411 10.0 2.5939850917250253 4.064928264248117
352.3925724095445 311.21803131390635 10.0 0.38962410780329393 1.1969642605335715
