50
4805
195
[0,63,137,127,59,99,134,30,106,139,90,46,22,136,1]
[0,74,84,28,4,64,86,147,53,5,110,96,1]
[0,141,27,121,151,91,105,118,75,39,114,129,35,1]
[0,101,14,20,31,51,102,145,55,2,111,13,1]
[0,150,8,16,85,36,9,33,42,47,32,1]
[0,37,18,88,38,71,103,126,6,44,1]
[0,62,57,60,93,68,41,43,140,66,120,1]
[0,149,95,138,70,108,77,1]
[0,116,98,113,61,24,34,79,1]
[0,11,40,142,12,92,69,1]
[0,100,7,17,81,23,124,123,1]
[0,132,10,104,56,50,1]
[0,125,128,45,97,117,1]
[0,143,130,72,144,48,107,1]
[0,19,135,25,94,115,1]
[0,146,54,89,26,1]
[0,52,76,87,49,1]
[0,82,119,58,1]
[0,80,67,65,1]
[0,3,148,1]
[0,73,131,78,1]
[0,29,109,1]
[0,133,21,1]
[0,122,1]
[0,112,1]
[0,83,1]
[0,15,1]
[0,1]
[0,1]
[0,1]
[0,1]
[0,1]
[0,1]
[0,1]
[0,1]
[0,1]
[0,1]
[0,1]
[0,1]
[0,1]
[0,1]
[0,1]
[0,1]
[0,1]
[0,1]
[0,1]
[0,1]
[0,1]
[0,1]
[0,1]
