10
496
423
[0,623,769,114,12,476,163,77,897,62,495,264,787,11,203,737,453,98,159,148,987,878,687,956,206,910,527,776,275,847,449,831,348,510,136,126,612,994,268,320,927,778,311,265,785,433,205,1]
[0,852,784,782,873,989,327,36,440,131,288,533,893,967,702,771,394,298,592,833,201,486,524,748,100,73,992,173,393,385,354,614,33,374,627,37,669,260,301,425,456,64,966,688,398,638,231,630,271,1]
[0,496,581,864,125,812,102,215,666,255,42,309,643,32,129,745,75,137,387,850,63,445,584,464,164,842,632,677,171,40,493,376,832,312,474,891,422,854,175,710,826,365,238,339,375,424,160,1]
[0,343,908,866,117,579,313,764,191,87,209,535,49,200,869,469,106,979,324,468,980,573,536,554,557,843,501,985,681,870,217,907,613,720,204,942,650,517,757,904,104,85,582,153,505,475,101,820,634,436,970,1]
[0,691,174,881,235,725,170,247,35,253,558,21,641,934,296,884,152,299,466,20,917,349,239,352,15,596,229,684,739,699,366,595,267,791,572,928,109,780,1]
[0,29,208,82,165,337,651,378,362,72,995,262,251,242,416,640,292,234,97,796,964,899,177,912,800,185,662,668,834,933,756,809,197,135,196,372,667,585,306,569,990,738,1]
[0,340,461,80,289,622,236,984,838,858,224,256,147,617,920,983,853,532,134,565,639,918,578,903,144,751,863,386,545,492,22,763,822,154,326,412,60,480,560,971,1]
[0,586,814,357,83,189,193,418,588,804,790,57,547,396,391,678,601,482,142,403,986,27,263,279,481,693,998,227,195,52,621,583,700,202,892,216,261,799,744,462,1]
[0,521,470,257,674,199,423,905,515,765,307,210,712,774,363,383,108,537,331,895,507,321,157,652,472,798,145,1000,566,827,600,277,285,70,158,293,223,931,427,520,887,499,1]
[0,653,962,333,556,58,862,500,513,686,829,974,570,120,803,597,807,156,792,473,485,749,497,550,34,65,8,435,228,417,837,959,237,17,408,625,660,130,1]
