50
3820
330
[0,692,8,7,97,805,32,125,201,976,419,586,660,427,529,949,891,507,851,281,793,811,253,396,667,469,231,16,53,680,402,35,447,999,626,406,103,989,220,609,433,138,622,118,651,44,21,708,822,617,227,176,11,477,108,1]
[0,731,571,574,466,33,564,109,193,49,584,439,183,582,843,341,657,595,429,6,70,497,569,814,855,285,65,532,674,923,46,218,641,145,540,639,157,689,635,208,798,613,970,126,719,614,821,612,838,729,127,548,51,84,769,233,981,1]
[0,64,301,515,502,903,31,399,351,418,706,437,215,156,229,966,758,600,67,234,288,678,475,171,714,658,298,896,876,849,947,773,992,929,823,425,458,66,664,45,518,186,677,1]
[0,203,709,15,813,89,756,863,91,174,1001,340,995,501,850,166,549,110,184,308,547,790,397,474,906,988,225,172,228,123,389,826,760,381,936,702,18,338,19,343,345,331,290,1]
[0,542,161,878,250,926,998,620,602,565,356,62,306,607,694,517,761,915,536,661,147,977,398,909,953,346,20,801,560,792,535,305,765,570,531,58,585,286,698,300,795,83,270,812,455,315,415,804,287,1]
[0,485,763,333,748,140,111,116,688,120,467,487,462,705,296,668,834,266,776,757,669,243,533,79,90,158,411,659,247,275,309,810,649,573,865,633,1]
[0,767,73,504,40,963,372,577,129,170,904,496,136,567,237,417,955,666,85,265,255,339,30,410,789,700,72,388,898,262,759,874,864,589,95,405,330,755,537,194,1]
[0,662,693,800,749,27,728,420,362,772,697,572,269,636,736,713,630,274,935,357,827,802,588,491,153,921,353,676,365,901,47,61,520,637,461,191,291,1]
[0,102,978,122,780,892,12,374,774,996,807,373,246,701,197,644,216,608,273,522,754,377,551,403,434,788,63,219,311,558,632,1]
[0,888,37,383,364,115,264,256,969,404,114,283,594,435,43,421,465,527,656,781,846,96,214,394,366,349,280,653,511,747,492,78,885,682,10,1]
[0,809,512,723,751,200,683,782,450,384,478,199,105,93,179,642,950,181,257,587,282,956,665,121,99,359,180,526,347,426,875,59,144,292,958,5,621,149,716,463,267,866,1]
[0,69,886,361,916,961,771,160,54,707,165,610,438,29,284,941,933,320,226,596,712,310,945,895,862,484,221,107,905,188,841,686,730,1]
[0,852,509,724,242,615,695,948,775,837,687,414,261,684,207,155,541,583,528,209,930,321,457,342,412,482,28,490,50,959,968,436,1]
[0,445,232,87,860,143,182,302,833,137,1000,198,740,604,557,385,924,401,799,499,819,967,648,911,443,409,783,764,993,1]
[0,56,150,576,579,937,325,423,236,178,25,495,432,987,369,354,456,627,597,313,268,598,962,442,498,868,543,326,230,777,732,1]
[0,867,428,971,42,629,169,212,382,917,348,940,17,715,363,779,844,869,459,134,317,503,164,493,654,9,431,681,1]
[0,859,877,925,344,873,187,328,972,510,327,337,489,104,380,670,836,128,624,746,946,297,376,386,416,605,563,185,391,1]
[0,244,703,4,323,704,471,77,390,318,106,210,900,679,133,112,316,195,645,545,550,392,646,787,735,486,430,581,513,1]
[0,839,848,441,907,910,80,853,881,249,599,619,856,379,322,151,778,159,690,279,655,446,672,468,272,1]
[0,146,319,14,623,350,997,986,473,117,766,803,39,521,38,173,329,685,260,470,883,1]
[0,897,960,727,514,578,453,980,519,932,444,88,460,717,854,784,744,628,575,965,818,1]
[0,500,289,332,294,68,370,534,870,314,192,248,768,167,858,618,831,488,1]
[0,240,152,808,741,304,825,919,861,352,448,957,829,24,625,148,616,918,879,1]
[0,699,643,13,525,113,762,52,611,101,806,142,721,451,224,828,175,293,239,1]
[0,738,202,830,832,355,454,324,893,673,794,745,568,899,984,335,196,505,1]
[0,74,259,60,983,395,954,726,277,211,131,23,98,258,130,132,1]
[0,797,41,882,481,254,81,36,985,944,307,591,238,753,508,168,1]
[0,367,559,299,842,71,205,952,835,245,820,539,252,222,278,815,1]
[0,360,483,424,368,86,190,3,295,743,530,880,650,119,1]
[0,562,857,358,100,375,22,733,135,593,720,1]
[0,400,276,671,908,991,675,26,889,223,951,922,336,139,1]
[0,523,871,640,994,979,464,2,55,974,476,413,1]
[0,914,271,770,580,241,652,928,75,964,506,1]
[0,312,634,217,742,555,334,154,206,884,752,1]
[0,663,303,606,422,734,973,524,1]
[0,554,177,480,552,817,990,163,494,371,1]
[0,840,516,786,725,34,750,452,1]
[0,845,934,913,824,939,590,141,638,1]
[0,387,378,546,785,479,902,189,1]
[0,920,538,124,235,942,1]
[0,631,912,975,76,556,1]
[0,553,791,894,48,472,1]
[0,927,408,722,263,1]
[0,440,561,393,931,1]
[0,872,603,739,647,1]
[0,890,601,449,592,691,1]
[0,696,710,544,1]
[0,938,407,1]
[0,718,162,1]
[0,887,213,82,1]
