100
9878
15
[0,63,10,32,42,75,100,45,15,93,74,5,3,1]
[0,59,8,64,47,31,6,61,71,11,1]
[0,94,56,38,95,39,44,79,90,43,65,1]
[0,34,69,20,85,89,52,98,29,1]
[0,60,62,76,82,91,73,25,48,1]
[0,58,46,35,68,80,28,27,1]
[0,37,55,50,22,72,33,1]
[0,36,66,87,18,70,1]
[0,13,19,7,41,12,1]
[0,92,84,9,17,1]
[0,24,86,49,30,81,1]
[0,88,14,101,1]
[0,23,26,21,40,1]
[0,16,96,1]
[0,77,67,1]
[0,83,78,1]
[0,4,97,1]
[0,54,57,1]
[0,51,1]
[0,2,1]
[0,53,1]
[0,99,1]
[0,1]
[0,1]
[0,1]
[0,1]
[0,1]
[0,1]
[0,1]
[0,1]
[0,1]
[0,1]
[0,1]
[0,1]
[0,1]
[0,1]
[0,1]
[0,1]
[0,1]
[0,1]
[0,1]
[0,1]
[0,1]
[0,1]
[0,1]
[0,1]
[0,1]
[0,1]
[0,1]
[0,1]
[0,1]
[0,1]
[0,1]
[0,1]
[0,1]
[0,1]
[0,1]
[0,1]
[0,1]
[0,1]
[0,1]
[0,1]
[0,1]
[0,1]
[0,1]
[0,1]
[0,1]
[0,1]
[0,1]
[0,1]
[0,1]
[0,1]
[0,1]
[0,1]
[0,1]
[0,1]
[0,1]
[0,1]
[0,1]
[0,1]
[0,1]
[0,1]
[0,1]
[0,1]
[0,1]
[0,1]
[0,1]
[0,1]
[0,1]
[0,1]
[0,1]
[0,1]
[0,1]
[0,1]
[0,1]
[0,1]
[0,1]
[0,1]
[0,1]
[0,1]
