10
12
3015
[0,153,2373,1484,778,2622,1210,1226,2277,1219,1680,112,615,439,575,1199,1715,1605,122,617,1968,297,422,412,312,1485,2624,2120,505,19,100,788,3134,29,784,779,2443,2733,445,111,3026,854,627,583,1654,1221,1562,2095,1264,2813,262,165,1071,1106,1244,2851,1012,896,955,1737,417,1123,2712,1500,1743,2238,2548,2067,1375,2040,3103,1735,3206,2986,2269,622,1350,1086,368,2033,1883,226,1584,182,625,1839,447,470,318,514,2159,1757,1940,1257,438,1230,761,2924,2213,1084,168,651,1458,1351,763,2524,2365,497,1253,1864,1884,212,800,61,276,1024,1155,411,1266,664,840,2723,3581,2032,704,3722,1722,39,942,2318,3015,3717,2115,2558,725,2837,2667,858,2201,3173,541,1307,3434,3040,3741,2740,249,1863,1183,408,984,681,1651,1347,1765,2528,2964,869,2690,1442,1747,278,734,2910,1700,255,143,3265,2008,1]
[0,2959,441,1885,571,2423,1720,2314,2952,530,347,985,398,506,1730,864,1833,2829,1336,2080,1473,696,573,456,145,2083,1270,1370,1276,330,1740,1555,2362,2743,862,660,2444,2979,1259,1412,678,242,1661,184,2107,2037,3398,2788,2639,1629,1923,792,1819,457,1432,1205,850,1913,2100,2846,2338,500,1578,1186,410,2817,37,1760,1256,211,839,843,1916,750,1949,325,863,671,2279,986,2710,2451,3768,1429,3498,1049,2990,2998,594,913,580,7,1359,2058,507,1456,288,84,1672,1373,2265,56,2209,1888,198,343,717,2015,1781,3120,1228,1573,1856,2383,451,842,833,2131,1091,277,556,640,1326,1489,753,1643,529,81,498,1684,1027,2017,665,1169,1231,75,36,1439,366,841,857,138,2144,1240,931,3512,1655,2796,1291,467,2899,337,634,2512,1951,42,646,1]
[0,1541,1956,1248,900,479,1121,129,1100,898,1383,172,3268,208,273,332,1860,827,1126,1445,2234,425,513,798,614,2554,2552,728,1470,542,2078,87,2045,1145,70,136,2649,888,844,2315,354,3804,3887,829,3791,3388,771,2401,3562,1289,15,2,1955,4138,1732,3387,287,2666,2293,975,1174,3013,2514,427,142,3645,3081,480,928,471,2060,1130,339,1617,1016,2164,2328,690,954,2473,1382,1062,1399,369,609,1733,916,279,2664,1286,1976,2288,1448,1154,2453,181,2533,432,51,3410,1800,258,1384,2072,2720,1272,415,1184,1374,2342,2183,2711,2274,1897,987,74,3870,929,3773,3096,2469,3092,179,1586,3935,1602,239,4196,2216,1023,3457,3863,3245,3824,536,1761,1385,3917,565,1278,302,1096,222,2391,2487,1076,1081,1]
[0,1831,1036,2826,3283,3238,767,1518,2111,754,101,886,861,846,610,852,723,2069,2714,3154,2180,2752,440,217,645,2407,3599,230,1922,1806,1858,2326,1229,1817,448,1446,1115,1708,2121,1235,691,1494,1749,3661,672,2884,2018,3443,2782,400,1606,2042,4151,1334,2419,2262,1917,3787,1895,2593,4035,1322,3406,2787,953,45,26,1114,782,1075,1065,1252,517,2207,4396,41,3687,2050,1618,3462,475,1376,552,921,2806,3778,4490,2470,757,1406,3932,512,1319,1752,3560,1054,817,1195,1279,1402,642,1462,1414,721,3368,1900,2661,294,1094,244,579,2610,2685,905,945,1120,1275,2061,4575,2609,2818,1227,1039,1853,851,1469,4056,2903,1543,3802,468,604,33,1607,1537,1623,23,1764,907,3879,2777,203,1017,2805,3139,1783,1140,3437,519,373,2059,765,1163,590,1004,1590,1203,653,91,178,577,1]
[0,159,535,1734,873,2542,849,2928,234,1778,2356,1704,1338,2261,1620,3392,3776,69,3671,797,2764,711,4236,4378,1875,1717,16,185,719,1328,3495,1363,941,418,1624,612,3765,169,2239,345,1447,2962,874,308,1845,4364,316,4707,1393,98,1479,2185,963,2769,1539,670,2960,943,2551,3930,3239,3669,2168,673,1139,1450,104,2824,1812,3995,4342,350,1281,2452,2281,2155,353,1493,647,134,811,4174,2587,2561,3820,2653,3257,603,1166,1073,685,3029,2118,2799,1595,4751,1262,218,4681,3144,978,2784,453,4095,4250,4371,2838,2920,706,680,4502,1149,795,1436,4064,2248,3404,3630,3108,1947,2955,151,853,2156,3483,1564,2280,206,1175,1904,2030,1261,461,80,3738,2126,492,2860,608,3105,2416,174,1]
[0,1886,912,1325,3078,3885,205,3079,1217,4719,1983,1188,1851,1699,150,233,2582,1822,870,200,1546,1191,2000,1517,1396,286,611,2249,1340,213,1515,1464,570,1078,310,2576,2257,554,538,1653,2019,1449,2693,882,675,2676,3965,964,920,3051,2073,4911,1460,1361,1892,2641,12,1785,4613,4472,1766,2793,918,360,1950,2052,3099,3825,1575,4315,1646,1600,3999,4414,2633,274,1378,22,1318,3972,805,1313,486,791,225,1925,2384,2378,4147,4268,4402,3508,684,2226,190,1770,1670,1033,1952,396,2096,4574,3853,2863,3054,1419,261,1]
[0,1789,3546,3905,3763,2334,3944,595,243,320,772,246,3084,838,1316,752,724,2643,3446,3501,446,4234,3559,3281,3721,3911,962,1823,92,2999,2179,3301,10,1531,1675,2489,3133,532,1028,4894,4740,2340,1890,3198,82,747,484,1909,4416,2904,2996,11,2721,3351,4481,1483,1292,3189,1954,3549,1641,3858,1371,1842,1220,3146,2123,1630,341,4114,3034,1352,3059,4048,3090,2858,1441,2198,3653,2097,930,770,2680,1664,3132,3502,4758,831,1064,2521,3627,2372,3469,523,124,661,105,180,1514,40,177,4940,1110,4976,2108,99,2883,4082,2103,2075,2143,1519,3177,1689,344,1567,293,599,46,2408,2874,1619,462,1138,983,3531,2945,2163,3046,946,695,1298,3376,952,1124,2278,2822,2247,4206,632,1771,132,47,1487,4034,3369,1127,718,1]
[0,210,1397,1687,676,57,66,3231,3970,1288,2064,306,867,1750,2442,1826,702,2768,2632,2547,881,804,1635,2510,2335,1910,793,1310,64,1707,689,2961,1177,2553,3903,1118,4938,3072,265,720,606,2699,2289,2893,2276,4715,3951,3340,363,3861,1000,1706,1490,2162,4045,1040,154,2748,2520,2027,2503,3199,481,2812,365,3770,1702,2313,292,1030,745,859,30,1905,371,2568,3743,868,2104,1645,1723,2708,2227,2303,585,1070,4960,478,504,814,4154,4629,2584,317,1211,4624,3475,4434,3539,2361,3116,1348,889,1341,2380,4067,3382,2756,980,3089,4304,3869,1961,2599,1143,4440,3151,1260,533,3062,1181,4181,4483,1237,4039,1238,518,1934,1759,4171,1274,708,1008,501,2353,1225,3418,4476,3191,3622,2255,1841,335,649,13,334,2725,4944,319,3969,1692,1101,2250,4363,114,160,2065,2122,3810,4792,4664,567,1965,1277,1]
[0,1973,950,1795,3424,3055,127,2583,1294,1844,1242,4435,924,3208,4958,503,4086,1788,452,982,3439,34,3253,2595,2617,3515,2580,4170,1811,2603,2221,4813,2531,436,379,3701,108,598,2057,1249,586,1380,926,430,1185,2991,2266,3324,510,2460,5,4588,3689,3292,2947,1992,469,1589,2043,596,2039,2079,115,3576,2730,221,511,3413,2647,2259,3922,830,1349,3909,1372,2282,1045,635,1611,4627,3957,2376,3216,1157,4701,3286,2194,687,419,3042,1798,1859,1813,1873,2449,3855,2304,1]
[0,4572,38,877,1216,1731,4382,6,3352,3554,2370,299,1104,2322,1920,2414,520,1724,1369,3294,295,71,837,3886,2375,1989,2731,2939,1426,2332,1530,2021,1190,564,1440,1631,173,3724,1550,1105,3358,1080,2929,2804,3961,2798,280,1679,4156,4888,597,1152,2036,4849,4526,3775,1862,4468,2934,3543,3025,229,1599,2010,314,381,463,534,2312,3117,526,1739,2055,895,4548,3588,3212,4356,4722,1933,3187,171,1967,4837,2240,698,4182,4090,194,2835,4864,3236,499,1480,3904,1066,1852,1805,2598,3756,3532,756,1560,847,2396,1476,1755,2321,1962,2854,1158,1129,1156,367,3628,257,561,118,3875,4006,2283,1301,1978,1662,3119,525,4384,1]
