100
5130
9403
[0,79,1335,932,144,1202,44,159,815,879,1336,901,586,2329,927,759,264,97,58,2354,1580,427,2205,283,277,571,859,2682,511,2131,2084,1042,2553,120,173,2316,2020,1990,112,509,2425,712,193,2234,923,1775,1480,1674,380,369,514,3344,539,2030,3723,1886,700,2353,2330,200,228,1927,625,648,1714,1929,2114,483,220,265,450,2216,25,313,781,447,1561,1018,994,1633,45,215,186,2457,2108,1905,1009,634,1118,613,95,594,1133,1093,1091,3000,1306,1953,1491,82,2599,2214,1807,970,875,1339,1032,1497,2248,2015,281,559,1731,1340,2095,1693,446,1983,1148,3068,3010,20,1402,3027,1570,948,1165,1712,1782,986,2366,1785,1583,1031,595,3053,1315,2799,3054,1699,1891,1265,319,1382,2836,656,470,90,54,361,1912,1375,1008,536,2492,991,1525,1420,877,882,1204,1602,1724,2182,378,2456,1333,2394,890,3110,2656,2588,1283,1]
[0,314,2321,2772,1668,2006,742,412,1300,389,1963,4,629,2602,1415,70,2268,774,2062,1279,1177,171,2814,2436,1524,2976,2607,2489,1500,1323,1787,2951,1012,1841,2652,2249,1490,2831,1469,910,2024,590,1276,1816,2769,1214,249,522,2109,15,911,2972,2867,2497,2508,1826,1232,525,746,3746,1302,207,1711,998,3798,1520,315,1608,581,2590,111,66,1371,1142,1374,2404,3867,3064,2135,3621,3456,1291,2231,3003,2565,540,2363,46,1049,84,234,565,622,526,1485,104,185,538,2308,1085,1606,301,1913,47,1208,1406,1631,222,147,1122,383,1599,1696,2635,2101,2770,3106,550,2386,1362,316,732,2011,1815,2843,386,3028,3603,135,1960,3318,2728,1818,3232,2507,978,3200,765,2582,349,337,2697,1440,2619,953,1744,3202,3726,18,145,578,582,2881,2857,1087,2195,1252,2548,2103,131,3447,1136,353,1295,1066,3092,1951,3160,1937,1161,2064,1685,252,1911,1]
[0,499,1556,699,707,920,3194,1304,121,2575,1729,572,1052,105,2998,3277,2736,1112,1915,1904,134,467,1511,1537,1354,2324,768,1289,160,2585,733,3446,481,2821,2667,2876,2226,2496,1082,3458,1027,2793,1071,310,206,1492,4282,2898,1884,417,4112,3128,3006,842,263,1592,1005,27,654,1897,922,558,3067,348,1149,1053,1432,2187,709,398,1441,419,248,1865,1535,351,1412,1529,372,816,2379,3930,2478,863,1084,3564,3732,3104,737,261,1468,53,2681,3238,1100,749,1308,55,1284,1895,1]
[0,1923,2367,817,2753,969,711,2173,232,459,267,3405,1759,2003,1116,38,1528,780,251,2701,350,883,1199,2868,1678,1767,1139,937,1046,3851,1169,434,3803,1041,1227,954,918,605,1981,2096,1351,1392,756,2091,1407,738,2125,905,2417,3879,2312,3132,2902,4208,3186,3512,3091,3604,2986,294,73,734,1595,2164,596,1338,3632,1906,3065,286,2093,1669,1974,1373,2385,3095,775,4391,1101,7,296,2406,306,1626,4480,3839,2615,1751,3596,2141,4024,449,3842,2614,3638,2538,973,1565,4343,2893,810,1143,2571,2603,1]
[0,2168,1299,579,952,860,3719,3269,1971,822,3526,3416,1155,1662,1278,1127,3328,2495,3629,2750,1507,2680,1875,757,782,1550,1123,3618,3651,2080,2995,1672,641,2504,3835,4583,726,4255,3703,2930,43,1233,132,445,4098,1156,2395,3281,3532,2551,256,163,1527,600,1452,2584,1636,2241,2186,3601,2461,935,4389,2952,410,551,1725,113,706,3190,488,100,3086,568,4461,3142,3012,3541,990,894,3644,4066,2860,1541,2700,2966,1588,92,213,1213,475,2014,3195,203,1620,4593,1880,2623,2981,1172,370,813,323,3536,1387,2145,4719,1688,1467,603,1384,4252,664,716,493,2424,3288,891,921,1405,866,2480,794,1197,1271,963,119,1716,1194,2441,502,2255,235,125,1458,2247,1632,1067,464,563,1609,2053,2155,615,1478,3986,531,3320,2655,482,167,102,1484,241,1640,3502,2143,1446,1542,3403,1]
[0,636,1495,2520,2962,3647,456,385,94,1705,2483,2598,3997,873,2150,3559,154,801,346,452,35,4002,2334,3319,1761,10,1408,2313,3688,3846,2056,2953,2904,448,2965,2747,987,534,2444,340,3404,2696,1748,2503,4188,4297,2677,3489,1957,1167,678,4852,1188,2498,829,1466,317,2816,151,1987,2050,3830,24,3580,2350,1187,1885,2567,2694,2189,1453,4705,3648,3553,3888,4086,3811,3005,2236,628,1427,4263,872,1750,841,335,3727,2340,77,3498,3476,1894,1260,808,1355,2741,269,672,3482,2775,897,1160,1201,1720,2882,3246,547,3205,3215,2104,3627,874,867,1596,1667,818,2283,1264,2837,338,1515,374,1635,297,242,288,3936,4422,4531,2564,1]
[0,1979,3942,413,1932,2361,1972,886,2468,3838,1367,2450,1941,3849,231,339,87,2179,1655,2838,1853,3309,695,2922,4987,3179,152,838,408,3451,3778,3409,2742,3204,1921,3361,395,2662,3394,2610,3133,1893,518,2343,1019,3293,1790,1986,4107,556,4447,4726,468,616,2077,3346,164,1397,401,1917,3347,3782,3144,3175,824,4942,363,1508,318,4927,1835,1822,1615,529,1045,884,1803,1959,137,2438,442,4093,4557,1708,1629,1567,544,3895,3595,3886,506,4553,4448,1753,1540,1501,821,4960,1820,382,250,848,1698,2078,4947,418,4300,2260,977,3031,4892,4563,266,2605,4831,503,2074,1994,731,1296,3880,211,139,770,3957,967,2555,632,1647,4801,4656,4190,2407,2,3998,271,2992,2259,198,133,388,1344,1840,3962,192,943,519,593,1514,1]
[0,4096,1293,3397,2220,3687,1090,59,3634,573,4539,3390,4178,729,1029,284,4546,2808,513,3363,1892,1081,2909,3439,2561,3931,3081,735,2715,328,688,686,868,2543,1394,3443,3209,3438,626,1518,1916,1114,2035,541,2624,3253,4772,2222,3291,754,2232,3452,1740,1477,1692,3321,2254,2221,966,4381,1301,1294,3317,2298,2547,1888,2892,2416,1770,126,3024,240,1443,157,3420,3964,3161,2130,2812,429,2068,3418,1022,2996,4009,3206,2185,1195,2285,3562,2180,1219,1505,1936,899,3087,1551,390,199,915,903,1277,2081,2356,1]
[0,2908,1249,276,474,2162,4071,1063,428,2190,56,1286,1726,823,720,2296,1824,2184,3492,1334,548,1235,1532,2626,1796,1463,788,3699,1162,1051,1627,1613,258,3140,2446,527,944,3786,1352,108,114,48,3624,936,2471,3810,4012,2124,1132,3425,406,853,176,1530,715,236,3408,458,2242,3550,4041,831,3843,3871,4516,2365,1359,916,184,840,1343,2710,643,1141,1719,1666,3955,292,850,1445,1569,2683,1212,2251,3402,4999,22,300,2798,4606,798,4926,4768,2749,3661,3341,2731,4402,2523,52,665,3535,343,494,4471,4219,2105,1421,4406,3007,4309,3511,2907,3119,3021,2250,2792,476,4433,3171,1134,460,4101,4459,4930,106,1]
[0,1795,4109,3121,1776,1403,805,691,1083,1225,1848,1789,532,1439,878,1575,431,837,728,1637,1700,341,3353,671,2233,1023,1771,2542,4203,1069,1096,1855,2795,1341,1969,761,516,1357,4170,1146,1151,785,3217,2304,1765,2272,1695,2493,4910,651,1605,352,3800,359,675,399,972,2448,2148,2513,3362,183,4701,3166,587,1684,3972,4622,1591,679,3571,2335,2918,3671,1150,1482,4350,3758,3385,1579,1563,3919,3543,575,1839,3909,1037,2258,3747,371,1454,2243,1967,2847,462,755,1690,270,2732,3499,2651,2545,2175,4438,1961,1730,1178,4483,2419,2997,1135,892,2445,2524,855,2264,857,1068,2240,609,224,3080,1]
[0,2333,2505,1749,4185,287,444,1047,3551,1198,3323,1121,2617,392,2718,91,178,208,117,2879,1038,60,521,71,2572,4833,4245,3570,4669,1251,1680,4504,1254,1713,1026,900,3996,367,439,1791,2137,826,4642,31,3609,3370,2850,3184,2720,377,1560,997,1942,1108,577,961,2405,2856,682,14,4241,1746,443,2654,1028,3325,1896,4453,1190,3182,4077,4295,403,1925,2318,3198,3995,4932,3898,4125,3970,638,2292,478,4330,216,202,302,331,2521,880,2685,3990,1757,1659,713,1309,3342,2903,1410,804,3565,2516,1220,457,355,722,3412,4008,4204,4901,3831,844,415,259,1587,2554,1601,4500,2237,3911,2556,394,3728,4370,1104,1758,2841,3401,3099,2805,1]
[0,1058,2785,453,1282,2401,495,8,2055,2581,984,2372,4769,4867,245,913,1651,1800,2181,1533,4128,67,4264,2885,1935,3865,555,1247,2896,1034,968,2591,3240,3282,1365,262,747,362,354,1997,473,2979,342,3225,146,2901,4372,4929,1513,3049,2977,172,138,2510,3896,65,2085,1131,3659,2773,1353,3722,4525,1727,2305,2065,2579,3464,1487,2620,2451,560,1329,3220,304,3196,4206,2645,4011,3737,17,1391,42,975,485,4369,912,2726,2722,4779,3503,2176,4871,2621,243,2613,4395,2373,1851,1973,3836,2499,1977,2647,1152,2026,2025,1]
[0,647,902,3826,2735,2827,1288,4744,2745,2294,1526,1173,1786,3274,1660,3904,2280,1129,4625,4142,3923,99,63,3093,127,218,2238,6,667,1125,2443,472,2331,4256,677,1562,3387,1459,4832,4339,3677,4445,4477,3953,2895,4187,2209,3185,1682,2525,3228,3041,1554,4498,3653,4392,3924,1962,4186,4316,421,4133,255,3389,3733,4015,4239,790,3350,130,3019,1549,1898,2925,2089,789,2326,1993,1460,1476,589,373,1548,1506,2669,11,83,2022,321,2737,3273,3388,3349,325,692,2664,1]
[0,2311,704,779,2963,1166,1817,96,2900,1650,324,4439,909,2960,3022,1470,290,1733,4678,4964,661,1908,2293,2533,1995,3817,1821,508,3881,123,1825,409,4671,64,714,1011,4907,2460,2156,3466,3264,3457,2160,3794,2345,4635,233,2813,1361,1697,2711,2826,760,4120,1919,674,2526,289,379,2978,1623,2462,143,1510,2557,1060,668,1774,693,2120,4377,4616,1949,320,567,2360,1863,2267,2245,1350,3916,1434,1764,128,2692,1603,1641,3118,1088,1311,3487,2592,3686,407,3914,1285,1346,2447,1]
[0,949,743,4509,1642,4312,4845,2968,4788,4176,4505,2127,2650,3540,4115,3114,3605,433,739,479,1456,1231,4212,4333,3734,3380,2897,4872,136,653,504,2975,9,2801,1948,3694,336,4099,4026,451,1900,4081,542,557,3039,2418,4314,191,1634,299,1568,1255,3226,4513,2200,3026,1184,1646,153,3823,88,124,4931,2500,3268,3807,3300,1007,1103,69,1455,4492,2815,1006,3620,3477,673,3740,725,3234,2642,849,3873,2665,1681,109,165,3844,2246,924,4985,3395,1652,3470,4825,4556,2087,496,2165,955,2780,1331,5,1]
[0,1370,604,2142,4467,1578,1430,658,2225,2719,820,4785,1882,925,2852,254,635,3626,1128,4054,887,4918,238,2512,2339,1694,3569,3295,1325,3938,2005,1036,1859,2674,423,466,491,1965,933,50,118,4755,1364,1424,4887,989,657,1517,869,4837,4182,4905,3814,2877,2660,938,1236,3735,225,2616,3606,3890,4145,2198,4462,3020,312,155,1426,1423,4306,4976,2529,2576,3078,4641,175,2937,1207,3042,405,3534,2088,3934,2398,2349,471,1988,3203,2387,2648,3712,3488,4137,3308,979,2392,332,1]
[0,13,719,2261,3148,598,942,2926,642,4470,2848,2786,4646,2589,420,2423,3333,3255,4965,4403,2217,1449,2861,1593,1738,3108,1665,4228,2203,5000,3557,2873,4638,4131,2782,3524,3326,3181,1877,2001,2802,2158,246,356,1223,4581,440,1310,4384,4982,219,2018,4357,2544,4517,914,2306,4376,1663,4791,1076,1741,4716,2921,4713,4843,1773,2823,4724,2121,4928,1752,3615,2347,1734,3164,2338,2201,1792,4632,745,1938,3218,1502,2596,425,4882,1229,2727,2207,4385,588,930,3575,1035,4288,1360,3072,4022,3075,758,1843,2215,1762,3176,257,326,1020,2378,3876,4270,1]
[0,690,40,3704,3897,958,2110,2314,1419,1552,889,2760,1237,3034,1369,3352,1401,2075,1075,4338,3736,1250,1653,4640,4455,3956,1555,308,34,1836,182,209,1210,1598,1707,1273,2606,3116,2787,1262,387,4526,4568,1171,1385,2028,2936,730,611,655,3266,4240,1521,4699,2915,1145,1472,2140,2047,740,2027,3413,2252,3407,517,3059,1471,865,2341,1030,1704,4874,4648,2870,3917,4218,32,268,4055,3057,2643,4102,4710,1715,985,2100,2016,4056,4251,3533,2796,3519,4521,1576,3899,3211,3497,2464,1319,78,2661,2754,1092,2046,2830,4105,2042,640,4460,1]
[0,2239,2906,3424,3795,3850,1852,3943,3715,4299,148,2071,396,150,1431,2854,1557,649,2138,2608,4344,2054,322,3669,2883,4165,3572,4472,4763,4409,4320,3,1256,3759,424,3579,358,4792,1110,2744,1313,2147,3765,4629,3657,3975,3602,1413,1218,766,528,402,3801,4322,2593,919,1451,2256,2276,2569,3693,2684,2049,1902,4777,12,1209,4522,2509,2708,3902,4374,4349,3073,710,698,2604,4221,2980,4019,1644,1]
[0,4390,487,484,1230,852,397,1099,1862,637,3422,3304,3666,227,1164,2420,2641,2029,2400,149,2958,858,3163,1297,505,566,800,2370,3594,2552,4494,666,4559,4414,2290,947,3189,4195,4153,2010,2691,1317,4890,4345,4748,1170,1519,33,2846,3307,1258,4943,4113,1322,3365,2328,3552,3465,819,2779,1831,2568,623,1504,3242,177,4540,620,1857,895,3742,3589,253,2172,2206,2484,4805,89,3591,723,2800,1]
[0,4038,1416,3690,2637,2825,1909,2842,3927,1379,3597,3017,4596,764,950,4035,275,3630,3167,1689,2229,1536,2822,1003,614,1945,4655,1868,3525,4737,4302,3207,1522,772,416,631,2061,4489,2690,1433,2210,951,1358,4560,4543,2698,4014,3679,3501,3790,4980,1544,4192,1399,3135,3302,2043,962,827,334,1546,2781,2583,2573,3805,489,1618,1928,2723,1043,2177,1952,4733,2123,2888,1183,2905,2122,1298,4896,3813,1]
[0,166,876,2476,2845,3554,2126,1025,1747,1372,1105,4495,3208,2824,3212,303,3508,3560,2171,2828,1590,795,3107,1447,4050,1303,2344,4954,4080,1581,1718,1964,2675,2724,3048,2212,1924,3060,2686,3549,2546,3518,2288,4010,4108,1691,1442,2668,2421,4450,1079,156,414,3510,1107,1946,223,5001,2778,888,3528,1656,4419,1457,976,3910,1024,971,2332,3889,309,3864,3920,4004,2688,1860,1191,1809,2433,2693,885,639,1755,1970,4881,1614,1]
[0,3724,4121,4304,2912,1040,2627,3643,4778,1393,2174,3530,940,650,3280,1147,835,278,116,4315,769,1793,845,4366,1489,3100,3294,2940,3289,1061,2282,3310,2467,4463,1788,4652,4925,1137,864,101,3710,507,1196,3313,1833,1516,93,76,4820,365,4491,1033,4609,1050,3263,585,1001,1861,30,1645,3708,4177,2699,3297,2834,4680,4739,4136,2449,3771,2818,279,2518,3748,3854,2703,4246,4717,2133,1]
[0,3751,683,1812,681,520,4226,1448,2475,4324,1055,501,3718,1918,2859,2938,2707,1654,2948,4921,1976,4174,3581,1574,4380,4166,490,669,1163,2309,3720,2939,4236,3411,619,2166,833,3568,4950,535,4758,344,3884,212,3426,646,4877,3468,2829,1376,3156,3063,744,685,2884,4335,2323,3650,751,3522,364,4681,4475,2383,2618,3493,2134,564,2889,4029,1742,1]
[0,717,4064,226,3887,4933,4637,3833,670,1874,3415,4512,3637,2916,3138,2765,3614,3369,554,3306,2764,1881,1940,2983,4499,2751,4341,168,4365,3773,4827,4855,2286,4474,4519,771,510,217,129,904,4611,2866,4584,4514,2797,1778,2632,2985,2058,480,3504,3793,1808,179,2213,4750,1721,965,1648,2090,4725,881,4213,1398,2149,3136,1332,4868,537,1327,3745,4193,327,3981,4201,3103,3752,4231,2076,3760,1883,1]
[0,4902,4473,2223,3131,1192,2969,3229,574,1004,1268,1801,4520,3901,1363,436,3753,3774,1934,1850,3410,696,381,435,2955,4604,4068,3612,4862,3258,237,2794,4528,4486,3357,4893,2059,809,230,376,4360,830,3356,3668,2291,291,4773,4484,4573,694,4978,4809,438,2609,26,2759,3386,1465,4037,4607,1992,2767,4848,2832,3483,3044,812,2066,523,3631,4696,3520,4233,1181,3855,1890,871,3963,4222,1]
[0,4046,2106,1307,4013,1411,81,1086,1982,862,1760,1610,2275,1017,68,3681,3084,3146,3441,298,1702,4613,2211,36,1847,2357,2452,85,2412,2374,2429,1617,3237,187,3435,3069,3292,4180,2319,4808,4191,543,4675,2295,4524,1120,3754,4230,4214,1621,1318,1777,846,1106,2270,1366,2300,1643,980,3949,4479,3453,3738,4697,4342,2389,2869,4585,607,4095,4148,2935,3933,3115,4088,828,3440,4123,1901,4690,2320,4682,4917,2833,454,1]
[0,2502,3979,1328,4790,62,1534,2102,2013,2491,3043,3616,4618,260,72,3454,2235,4451,4298,2008,4261,2039,2633,3574,701,4997,4603,2595,1111,3368,4442,562,2671,1914,3249,3848,98,3578,2297,4842,2943,736,426,4184,2458,3926,3789,1179,3058,2388,1261,3652,4042,1619,2396,2116,1185,2880,4770,3921,4169,4273,1866,3523,4427,2705,1217,2382,1]
[0,592,2636,3542,4804,4727,3219,3243,3946,2427,461,2051,4822,4375,1594,1736,3301,2558,2284,1305,3692,1779,4229,2528,1211,1473,330,4156,2709,4574,2687,1321,4347,4547,3929,3797,140,2704,1769,4687,3900,4757,2204,931,2600,280,2167,3298,4807,1438,4916,2482,4878,1246,851,2377,3925,4511,4564,2474,3505,4677,469,2676,2301,1]
[0,1673,2729,2346,1931,4984,1582,1174,3785,4146,4383,4303,2364,3586,1956,1639,4443,2961,1950,4571,1144,2362,1638,3376,793,3872,4908,3105,4795,659,680,3473,4709,4996,3141,515,2950,3117,1337,1267,3377,247,2945,3155,4610,4034,4624,4217,2193,3531,4841,3178,4643,4405,3491,2851,4952,1461,3922,4507,189,2535,4021,4993,2007,4966,4257,2002,3663,3004,3278,4117,2402,1]
[0,4307,3545,1222,2473,3939,2494,201,3364,3147,3287,3585,2864,4396,3018,391,703,1221,4057,608,546,617,1010,2934,718,750,1378,3567,174,2012,982,836,333,843,2199,1205,1450,3241,4946,4605,3098,4900,2463,1054,4839,2999,3460,2351,2129,3640,158,486,3893,1710,1386,4806,2307,86,3381,4025,4359,4269,492,553,4151,1257,1675,1109,4355,1]
[0,676,2481,2783,3772,4535,107,2070,2941,2325,1709,1819,1280,4452,4493,3944,2192,939,1242,4579,3111,1065,4278,2791,1186,3222,3261,4485,3815,1585,4254,3816,3014,305,908,122,4199,1954,498,4549,4626,2381,2670,3254,3461,1628,3743,1000,583,1879,3305,1870,3711,3965,19,1531,4132,3683,524,1]
[0,3776,4399,2202,1958,4144,3077,1269,4075,4323,3030,195,3858,4431,3257,893,576,4958,3954,2891,2098,2430,2289,1316,4073,591,4846,3076,2990,2628,3322,787,2506,3539,3992,3071,3379,1016,4836,4909,4457,2399,1622,3366,3590,2853,3417,4437,3398,1215,3066,2924,3506,4794,3008,2738,2733,3214,2487,3577,4319,1]
[0,2644,4069,2927,3950,2649,2989,3978,4039,3707,4767,4866,1657,4416,633,3875,839,3862,3374,2178,1002,2517,3655,2269,2679,2477,599,545,1326,3825,2391,832,2640,1234,1832,4164,3224,4400,4238,1226,597,4412,2944,2453,3633,3755,4286,4615,767,3622,3459,282,4679,4590,4100,3047,4465,4558,907,1]
[0,1428,3371,1722,4436,1564,4382,2511,4953,4157,4274,1417,4250,3619,1320,4076,3649,1804,3706,3359,3016,4829,3271,3170,4967,4423,3697,1345,3428,792,753,4091,210,2136,861,4570,773,806,3994,4352,1400,3247,2153,4853,4569,1464,946,3032,1737,763,4639,1573,1869,1]
[0,4906,244,2657,3335,3809,4636,3928,1418,4781,4782,1126,3351,311,2486,983,4694,3496,2758,2949,4030,2413,1263,1572,2539,2041,4106,4810,4844,4139,4718,1899,384,4575,1810,3290,1059,4249,4083,3172,4367,205,4541,3070,2052,4248,4934,4971,3985,2872,4658,2376,2157,708,1119,2630,1]
[0,4537,141,3393,4787,1827,1577,1677,870,2263,741,2658,960,3001,4749,2154,3109,3689,75,1272,1842,4761,3051,1290,610,3952,4602,3486,3089,3695,1203,4317,3784,4275,3062,988,3201,2849,1687,2612,1021,3968,4067,549,1270,3913,2132,2073,1436,612,2230,1989,1098,1930,2631,2717,1]
[0,1728,2887,4181,1503,2639,3334,2355,2659,2317,49,3607,2117,4063,4653,3210,3079,23,4904,1545,3757,4676,3517,1955,1589,2434,2273,1064,1077,1072,3701,4216,3251,4715,2411,3327,2488,3275,2197,3299,1846,2115,1474,3662,3127,4924,1124,2170,1078,1180,3421,1]
[0,3905,3102,1168,2032,2974,929,1933,1097,1887,4989,1158,2790,162,465,2191,1624,196,2336,3741,803,1154,4712,4356,4311,2730,2804,3330,4695,3847,2169,602,3384,1404,606,3856,3061,2442,2560,4956,4173,463,2763,229,786,1324,4028,2397,3870,2928,4666,368,1]
[0,4654,1903,1380,2776,2302,512,4612,3639,1422,3840,1586,3316,4597,3406,3345,705,2470,3231,3673,274,3038,1228,3538,1462,1597,1754,4017,2559,3168,3788,2622,1799,4175,57,430,169,1039,807,3286,2646,4972,644,3469,4070,1479,4816,4432,1]
[0,4373,2469,4743,4119,2082,814,3582,2408,2638,4647,2380,3989,941,190,1245,2358,2086,3894,3029,4771,4425,1802,2466,455,1409,1481,3676,1926,3037,2762,4331,3154,1781,533,4398,4818,4198,1395,4334,4285,2151,3094,2422,4518,2342,1475,4673,1523,1253,4126,4308,4410,2327,2666,4353,856,1]
[0,1494,3494,1920,4536,80,4363,748,2337,3824,2706,3592,1676,4735,561,2435,992,3050,601,4720,2894,1566,4689,4923,3174,2348,4937,2771,4800,3463,4158,2277,1612,3941,3940,1743,4527,4600,4847,4913,3011,4873,3055,4576,1140,3654,4633,1396,1182,4049,4780,4305,1]
[0,996,3780,4161,1939,776,687,934,2196,4268,3375,1944,3134,4051,1571,3152,4595,4991,1070,4487,3583,3892,497,1512,4651,2748,2515,4242,4986,4207,4899,1828,3490,2574,1314,103,4659,2063,3636,1244,37,3283,3527,4730,393,2929,2375,1664,1980,400,1159,4211,3804,1]
[0,3767,959,2112,4262,1073,3739,170,3744,1117,181,3664,4092,4889,2540,2501,1611,1811,4044,3912,4588,762,1878,4631,3857,3311,4736,662,4501,2227,1766,1281,3360,2932,188,4296,917,3775,3764,1910,4670,3329,2634,4424,2865,500,2673,2973,3882,375,2601,1794,4548,2019,1]
[0,273,4253,2072,1845,660,811,3045,4706,1216,1240,4147,3783,3869,4970,1056,4279,552,3766,2253,3635,3961,2244,4326,3002,1814,4000,4043,2562,3272,2281,3802,2917,834,1248,1342,4155,4662,689,3642,3151,4078,4759,1838,1048,4266,4594,2768,1]
[0,2094,1996,3558,2532,3656,2040,1266,3097,307,1547,4879,1206,3982,3507,995,3729,4027,3227,2530,4555,4703,3937,2287,3367,2057,2537,3561,1176,2862,4265,3213,4912,1679,3984,4572,1486,4857,3513,4393,4974,3721,3423,4975,1999,784,1]
[0,3971,4961,2817,1876,3159,3509,2863,2472,4124,2514,4660,4259,4698,1834,2721,4533,4869,1584,2807,2414,3236,4544,4567,3908,3806,3113,39,4508,4116,3378,28,3500,3112,4968,3348,3932,2118,1381,645,1553,3756,2578,1]
[0,2835,2672,4196,3262,4138,2194,4775,1649,4197,802,4707,3769,3556,4983,3396,1488,4089,1153,3279,2079,1998,2811,2271,4478,180,3641,3312,3762,4751,4415,3414,4040,2890,2310,3600,4114,4672,2761,2777,1]
[0,3145,3216,1706,4141,2766,2097,3548,3372,3431,3906,3296,1829,4001,3165,4621,4990,3678,4562,2092,4458,1356,4154,4577,4817,2009,3863,1348,1493,1658,3761,2913,2871,3137,3096,4130,1985,2439,4683,360,630,4667,2440,2695,1]
[0,1368,3336,3445,777,4545,4003,4159,926,2923,4045,221,4237,2083,4020,2756,4858,2371,896,110,2743,4272,2755,4880,4244,204,1157,1797,2161,4118,4814,3085,964,2044,702,1873,898,1115,2531,3584,4753,4849,1]
[0,4885,2219,4979,4426,1600,3646,3239,3343,3945,1830,3672,3259,4097,3948,4062,1858,3450,404,2034,2415,2875,3717,3770,3837,4202,4684,3546,2278,697,4951,4789,2712,3391,3547,2021,4167,2806,1]
[0,4888,2678,4861,1907,1095,3670,1772,4534,3199,4552,2954,3993,2746,4016,2899,1871,4826,799,778,2594,1241,1717,1390,4766,1630,2739,2152,3705,115,2911,2146,4362,4293,3400,4711,1768,4614,4962,1]
[0,974,1735,956,4122,4271,1312,3432,4863,3382,4592,1292,1013,1538,3515,3821,2322,4087,4721,3613,3883,4812,2819,2067,2878,3987,4891,4665,3354,4294,4762,3276,1]
[0,3187,2279,3791,727,3331,3120,4127,2549,3878,3315,2702,2262,2580,1943,422,4554,4955,3419,2139,4663,2784,1414,4704,4580,3544,1130,1671,1543,2740,142,2352,1483,4756,3437,3983,2919,1]
[0,4449,4408,41,3485,4318,3787,2303,4407,2541,569,4434,928,3818,3667,3617,4668,724,580,981,4551,945,1274,4110,347,4140,3628,4949,4740,4354,4627,3702,3429,4939,3082,1]
[0,4865,3716,4838,3874,4281,4033,1947,4601,4530,3256,4277,2113,3537,3841,3763,1499,3015,2390,2128,3484,3852,2036,2465,2315,4897,4742,1783,627,4090,3819,3448,4328,3682,1]
[0,2914,2970,4215,4378,1062,4645,3977,4468,2597,2428,4386,4515,1922,2266,3046,4103,1102,4247,4550,957,3514,3516,4883,3709,1275,3828,2689,3915,3244,1]
[0,3610,2431,197,3221,3907,4529,2038,2566,4060,4702,3885,357,3976,4895,3988,4079,1701,2910,4745,3158,2886,2611,161,3691,2855,2485,1383,4283,1]
[0,1074,1389,293,3973,3169,3285,1349,3611,2369,999,3478,2257,3122,4582,4401,4053,3183,4959,2069,2163,3951,1200,530,1057,3270,1]
[0,684,2479,3235,4209,4835,4510,3083,4957,432,4542,3177,4840,2490,2839,4234,4746,1732,3433,3193,1094,3479,345,3233,3267,4799,4058,4995,4561,4599,366,1780,3471,652,4292,3685,4969,1]
[0,4620,4404,3725,2393,1015,2004,3472,3958,3853,1991,2265,4464,4963,1435,4776,4417,2107,4084,2570,4734,4172,2713,1496,2563,4919,4496,1]
[0,2967,4503,4661,4936,3768,3658,4623,3455,441,4938,4227,3566,2964,796,1616,2045,4813,4031,3260,3129,4797,3436,2959,1243,621,4566,3866,2858,1]
[0,2788,2942,2023,3332,2957,4774,3149,1837,3383,4301,2734,3593,4421,2714,4723,4397,3025,4821,4183,3799,3090,3303,4617,1]
[0,2359,4111,4429,1377,3827,721,4441,2994,3430,825,1113,4150,2048,3974,2534,1437,214,2403,4856,4379,4085,1]
[0,2274,61,4854,4224,4765,4048,3808,4052,4340,1703,797,3812,4793,1872,3903,4276,3088,4129,2956,3143,2946,2224,3779,4644,1]
[0,477,2159,3495,1739,285,2931,411,3623,3834,4700,3157,4232,4387,1975,3587,2933,2993,1984,3829,2586,1044,2432,3731,1444,3796,1]
[0,3588,4994,1978,3052,4693,4851,4619,1080,2455,4082,4981,4760,1429,2368,2803,4210,3150,3967,3868,2550,3845,3324,1756,4454,1]
[0,4578,1798,2820,1723,3749,3284,1388,3573,1239,3700,2920,4784,2384,2725,4630,3139,4722,3521,4586,1604,3188,3750,1]
[0,570,3130,3696,2037,4802,4898,3832,3474,2299,4657,1625,437,3859,4754,1224,4420,4941,1014,1559,4948,1]
[0,3777,329,4007,4289,1089,1498,3861,4811,4886,618,1968,3265,1670,3126,854,4691,2527,2228,3314,1]
[0,3442,239,3192,2519,2625,3820,29,3245,4135,1287,3023,4729,4920,2409,4134,4220,4506,1]
[0,4786,3969,752,4394,4337,2119,4291,1849,4446,4430,2426,1889,4875,2144,4149,791,4061,1]
[0,2208,4490,3680,4223,1539,4267,3877,4287,3197,663,847,4280,4290,4329,3959,4189,1]
[0,4368,1175,295,3781,2111,4327,4664,4179,4235,2757,1138,2810,4488,3013,1]
[0,2183,4094,3101,4824,1854,3358,3036,3153,4796,3230,4692,4200,4728,4163,1]
[0,3191,2947,4310,2454,3576,3822,3250,3713,4018,2099,2522,3248,4738,3444,4830,4685,4411,1]
[0,1763,4036,2017,1805,2188,4973,1856,2987,4160,4944,4482,2844,51,4828,1]
[0,4440,4628,2840,1189,4065,4674,4413,3467,4364,3555,1806,4321,3980,1330,1]
[0,3040,2459,4714,4469,2000,194,3338,4418,4481,4634,3392,3480,2982,1]
[0,3162,3009,3056,3373,4162,3966,3399,3475,4731,3449,4864,1966,3792,1]
[0,2874,4914,2663,4059,4104,3124,4358,4006,3675,4894,3645,3608,1]
[0,4351,4171,1683,4823,2774,4336,2437,4313,1784,4940,4977,1]
[0,4348,2991,4074,4361,2629,4998,4072,4870,1686,3563,1]
[0,3660,2031,4783,4598,3674,3730,4005,4903,1745,3125,1]
[0,3173,3340,3599,584,3698,1509,4466,3860,4284,1]
[0,4860,4650,4143,272,3355,3684,4922,3625,4708,1]
[0,4168,3035,3074,4884,906,993,4688,4325,4859,1]
[0,4523,4587,1347,783,4225,4935,4444,1661,1]
[0,1259,4260,2536,1607,1558,2060,3991,624,1]
[0,2577,2033,3947,4194,3123,2716,4752,3223,1]
[0,3714,3665,1823,4803,4152,4346,1]
[0,4476,4815,3462,4243,4589,4538,2218,4032,1]
[0,4915,1238,3891,4502,1813,4023,1]
[0,4992,3180,21,2587,4819,4258,3598,1]
[0,3960,4686,2809,1867,4371,1]
[0,4850,4649,1193,3337,3529,1]
[0,4388,2988,4435,3999,1]
[0,3481,4047,1864,3252,1]
[0,4798,4876,4532,2789,1]
[0,2984,4591,4456,16,1]
