50
4877
90
[0,59,17,43,3,37,77,54,70,39,1]
[0,52,90,31,42,12,24,29,26,63,1]
[0,21,97,73,23,56,81,38,47,85,48,1]
[0,27,15,66,30,72,20,32,60,1]
[0,4,65,55,46,51,16,18,7,79,1]
[0,44,99,36,78,101,69,82,91,1]
[0,71,76,49,53,86,92,5,1]
[0,8,83,41,13,94,67,1]
[0,93,84,34,80,35,1]
[0,33,11,68,88,1]
[0,58,98,2,9,40,1]
[0,87,10,45,100,1]
[0,64,19,1]
[0,57,74,1]
[0,28,75,1]
[0,61,96,1]
[0,89,50,1]
[0,6,1]
[0,95,1]
[0,62,1]
[0,22,1]
[0,25,1]
[0,14,1]
[0,1]
[0,1]
[0,1]
[0,1]
[0,1]
[0,1]
[0,1]
[0,1]
[0,1]
[0,1]
[0,1]
[0,1]
[0,1]
[0,1]
[0,1]
[0,1]
[0,1]
[0,1]
[0,1]
[0,1]
[0,1]
[0,1]
[0,1]
[0,1]
[0,1]
[0,1]
[0,1]
