20
1822
248
[0,43,33,5,71,89,106,99,101,85,59,140,36,27,75,108,1]
[0,127,90,20,135,63,146,67,19,87,98,4,150,1]
[0,37,48,105,100,94,11,148,151,128,17,31,1]
[0,30,72,47,54,42,7,53,80,62,38,131,6,1]
[0,143,130,16,65,73,34,123,138,74,52,64,1]
[0,35,50,58,139,9,149,147,18,132,29,107,25,24,1]
[0,133,125,14,117,60,15,23,86,111,114,1]
[0,61,8,81,70,96,57,93,1]
[0,109,134,44,3,129,66,41,1]
[0,83,22,51,12,46,119,1]
[0,40,2,78,10,120,92,45,1]
[0,69,118,103,144,142,1]
[0,141,104,26,39,55,1]
[0,56,136,137,28,112,1]
[0,49,82,88,13,1]
[0,68,97,116,1]
[0,21,91,102,1]
[0,115,77,126,1]
[0,122,84,95,1]
[0,110,79,1]
