50
4849
109
[0,17,26,21,106,112,41,25,72,14,86,23,48,98,1]
[0,22,49,102,44,3,54,50,81,20,93,30,104,119,40,1]
[0,65,92,113,94,45,36,117,39,84,110,62,52,1]
[0,95,67,91,80,83,32,105,28,43,1]
[0,46,18,16,55,107,24,66,96,60,11,1]
[0,37,87,57,8,68,6,59,1]
[0,88,7,101,47,64,2,115,10,1]
[0,78,69,13,61,103,56,1]
[0,90,97,109,121,71,1]
[0,63,116,89,34,82,1]
[0,9,58,5,79,1]
[0,73,29,15,31,1]
[0,118,35,51,1]
[0,19,70,1]
[0,42,4,1]
[0,33,100,1]
[0,111,27,1]
[0,108,38,1]
[0,74,99,1]
[0,12,120,1]
[0,53,1]
[0,75,1]
[0,76,1]
[0,85,1]
[0,77,1]
[0,114,1]
[0,1]
[0,1]
[0,1]
[0,1]
[0,1]
[0,1]
[0,1]
[0,1]
[0,1]
[0,1]
[0,1]
[0,1]
[0,1]
[0,1]
[0,1]
[0,1]
[0,1]
[0,1]
[0,1]
[0,1]
[0,1]
[0,1]
[0,1]
[0,1]
