50
2829
1187
[0,409,1777,682,1008,942,1310,83,1102,885,1264,1327,319,1803,738,413,1706,137,544,943,1379,1132,1147,1642,572,989,474,525,1580,1016,247,1175,1767,192,1298,1533,1183,403,261,246,709,386,503,875,1851,62,239,133,1334,308,388,490,1477,4,146,1113,1036,843,1321,1465,215,26,1568,772,1439,1559,129,84,25,1906,556,227,1]
[0,1111,156,959,194,1607,361,1757,234,1963,334,549,11,1426,291,56,944,774,281,154,142,465,82,440,595,614,282,1417,223,882,201,123,420,1479,1030,953,1078,538,996,231,23,1194,895,1020,829,1531,946,1758,1150,1299,1168,1118,1319,207,807,1671,1277,960,325,42,517,857,1308,1783,307,746,1268,1027,1601,467,1981,461,1303,776,1845,114,1128,1]
[0,1755,542,1800,193,607,1360,1166,464,208,152,245,39,789,1385,705,1162,1762,868,1116,881,1831,27,87,150,1388,798,1344,1064,568,1105,1629,755,16,336,426,867,583,543,1452,99,1582,516,58,1222,1820,312,732,907,161,1921,452,20,1368,575,921,1864,79,1574,938,168,619,1499,272,384,560,1133,1386,322,853,571,15,300,952,1]
[0,1112,1560,252,892,347,341,933,1483,454,1881,929,550,620,198,1694,59,356,1076,346,651,1780,95,1290,945,1286,237,749,1569,1492,280,1828,238,120,628,1048,1699,1879,915,148,43,1745,1682,984,985,1550,573,1624,640,382,780,925,1273,1994,140,1239,162,1335,1066,1572,1908,741,94,235,122,96,116,1]
[0,1974,1938,69,242,475,674,1377,433,358,1630,720,524,86,1198,203,1463,1176,836,1184,561,1406,1010,505,149,782,491,683,513,183,172,92,886,1860,690,1882,834,786,1705,1363,692,374,499,654,1468,1655,1889,1449,1663,839,1094,1229,1144,7,783,922,747,119,1217,1177,1842,1060,918,1399,1154,1156,256,1520,1279,1521,1]
[0,1812,1215,991,200,1529,815,1378,778,186,932,689,473,1077,1225,1716,924,825,1523,188,659,81,1291,222,1507,301,1349,1873,1395,1592,1771,418,266,1930,1960,1178,554,132,174,752,686,1346,1382,715,286,496,862,1042,1089,1408,1614,1641,1937,1427,1717,1358,800,1106,1120,1189,155,1384,1063,814,621,78,718,1467,1280,221,975,957,1236,1045,588,1]
[0,1019,191,1768,311,695,19,730,681,1570,130,1186,617,1370,1216,1562,1108,1558,255,297,483,262,726,1696,435,226,1552,89,212,199,299,257,526,333,566,901,1886,502,693,964,586,134,136,1480,438,1611,93,1392,817,794,471,518,1284,1782,936,407,127,52,627,1080,1351,495,1808,1091,457,562,244,1638,254,982,970,912,1]
[0,1274,515,34,576,1498,1206,1927,819,559,1824,1204,816,1075,1173,1590,1207,652,761,316,1827,1155,1103,641,1497,1975,1584,395,760,302,177,2000,355,1396,118,855,80,633,469,18,265,893,1817,1567,368,1231,1804,1403,1125,1489,410,1253,512,1159,558,436,351,688,45,1730,477,67,29,714,1056,1]
[0,110,739,1535,1613,1227,205,144,348,1843,625,1695,1343,535,536,293,809,1701,202,1816,363,197,841,510,1848,866,951,1093,1821,615,75,1789,1932,284,729,1140,1097,1620,844,1863,608,402,1919,309,799,1394,1951,1581,13,1965,367,770,1381,501,680,787,707,1390,973,1209,85,1061,1313,1512,748,1737,1325,1084,31,687,1]
[0,1652,117,1942,1955,303,317,972,1214,528,733,1516,1456,597,1250,1191,164,765,1736,445,1258,111,1035,1563,1633,1257,1487,1646,920,1161,931,1609,594,1778,30,232,728,1219,1038,645,753,1949,1223,647,821,1648,847,498,289,1049,1199,1232,453,656,1944,880,1518,54,661,1447,1293,1]
[0,65,1929,665,632,476,97,335,1059,376,827,143,1404,1731,703,103,1418,1936,1855,1748,1636,1707,700,1473,1918,1709,1763,1711,871,1728,417,767,757,1073,206,994,1650,1085,580,993,1618,842,1897,1203,745,375,1212,1530,992,415,1692,547,1]
[0,1265,419,36,577,527,1841,848,897,1478,277,1756,460,139,1069,1802,459,1647,1724,1999,896,1690,1517,230,1669,832,1534,582,434,899,879,276,1139,243,442,1028,1896,742,1832,240,1000,425,1163,1164,820,578,1287,1913,545,398,1410,664,1]
[0,38,274,141,1910,73,754,273,856,404,1110,1978,166,387,1786,1829,444,604,1924,1397,891,638,1054,1072,1081,968,55,579,1779,603,1718,735,1793,1697,304,1749,751,1357,1723,873,1424,1632,1727,758,1376,424,624,1270,890,740,1840,1980,1]
[0,211,1838,1595,1564,1977,1635,1742,1051,1862,1355,1916,1423,1211,1145,1446,145,1486,1171,1296,602,795,1542,1192,175,479,1098,68,725,1352,750,1846,21,813,1275,1522,165,1367,887,1561,731,181,1462,296,179,182,711,101,331,1759,1]
[0,1527,670,1538,974,1405,500,763,1419,1021,1844,225,1868,49,1124,1887,1304,1914,24,1240,1551,811,1898,756,509,1805,1657,1693,979,823,1067,838,1504,1138,131,1834,1740,1096,251,365,1576,1708,1013,1272,1]
[0,260,540,248,697,1935,1787,258,330,1300,399,1734,173,267,1548,719,831,1662,5,660,1665,47,1856,1878,1661,1136,1506,704,443,44,1011,337,1835,390,806,1902,636,1583,107,1672,1441,1967,294,1182,1137,138,1398,1413,1952,1513,1]
[0,377,484,1594,694,702,1654,781,639,493,592,48,1493,1847,1688,1001,1810,70,941,1260,1691,1578,1244,482,849,1679,1024,1801,1412,790,1141,1306,1431,1556,1899,534,962,1362,1455,283,1336,178,22,667,109,777,1107,1003,1969,456,344,431,228,1160,1339,1]
[0,1126,328,1588,28,163,446,655,1256,383,486,698,1744,1283,190,883,217,1983,396,1900,468,488,801,414,557,954,1664,10,1196,1365,53,66,1241,224,480,1071,599,1545,958,1444,671,1713,1393,888,828,1065,684,310,1933,940,57,1]
[0,1127,1815,1729,1440,1437,1958,553,905,157,33,1387,463,865,1546,241,1599,1193,51,605,1197,1323,158,1954,1979,314,441,1704,1436,1031,934,1950,914,976,1074,12,1710,220,1589,555,977,980,966,913,1]
[0,292,1235,370,1830,1002,124,1208,275,2001,1703,1993,1318,721,1314,392,649,1754,771,1750,1553,1179,1972,1350,338,1475,1326,845,458,345,108,643,1859,1909,1687,1315,128,646,102,1255,160,712,450,187,1034,1]
[0,598,1774,1501,971,858,995,3,421,1639,77,315,379,532,1018,1249,1923,1644,1677,911,1872,406,552,1555,629,1414,41,1791,1005,1502,601,939,909,1429,1939,112,357,1092,1039,1316,864,1612,1732,1645,1288,1082,1621,1292,1]
[0,1391,961,14,1262,1435,298,743,584,1129,1674,1245,1305,362,988,1364,591,673,965,1312,1982,1472,669,611,631,1266,1752,1883,462,1044,1471,1510,171,1185,1165,408,1686,1121,930,1047,88,295,902,724,1948,837,1]
[0,877,1025,1773,394,50,851,850,1700,98,551,1619,1543,1079,167,1242,675,788,1772,531,956,1719,1220,1409,492,91,678,411,773,366,1509,587,481,1400,1874,372,1676,1289,908,508,1764,1]
[0,1485,596,448,1503,1659,1884,1252,1941,1269,1806,863,1070,1525,981,1811,606,76,432,1195,546,494,151,318,1747,1340,1213,1174,342,722,1375,565,389,1146,1]
[0,775,1402,1101,263,1943,612,986,1302,876,1557,955,439,1854,1603,1970,279,676,1585,115,1243,268,796,1040,860,1494,539,147,422,63,1796,320,569,1775,1]
[0,1046,1353,332,1833,1389,1228,1331,1511,214,529,1151,1790,1043,1190,567,1966,1135,360,169,1549,1474,1649,229,691,1342,791,1421,427,1739,1476,1]
[0,1087,713,1006,520,710,1998,1188,521,437,1836,803,385,350,1466,40,1813,1934,1508,737,184,61,1050,548,1797,1320,1022,1337,1491,72,1]
[0,1885,1903,1484,1769,785,1741,593,1653,1575,6,218,677,511,872,947,369,1181,1130,1068,600,935,900,353,1807,1254,1083,1839,1857,999,253,1333,1]
[0,412,1115,64,1438,854,249,1809,285,1237,1826,1622,1781,1925,1788,1593,1226,1891,1861,1443,948,1345,1248,1795,8,1544,818,744,927,898,1743,472,113,1]
[0,1598,1850,1715,824,878,32,637,340,1026,1651,766,1149,1482,313,9,1432,1205,1627,1032,1023,990,1142,1668,937,1246,784,71,371,644,1]
[0,405,1451,1643,1625,1496,663,1547,1294,1014,204,1765,1968,219,519,1959,176,889,159,917,1871,269,522,1587,1434,609,1]
[0,833,1565,736,1052,1230,1792,1267,852,1912,400,679,650,1505,170,209,1853,1234,1907,1158,1157,1784,804,768,1]
[0,610,716,1985,793,1602,963,1012,1953,1433,1328,288,764,271,1515,846,1991,1698,1055,1751,983,478,581,213,1428,1532,884,216,1]
[0,1109,1224,2,1100,1152,397,1407,1901,1990,1470,1259,1143,1670,305,1519,1221,364,1596,1880,949,1566,623,1]
[0,233,797,1537,106,60,997,1818,1490,1540,1865,210,1539,537,1604,523,352,1361,1945,1794,1814,428,759,1454,1640,1]
[0,734,74,1631,1823,153,290,1311,1616,104,1606,1369,1322,906,1957,506,1714,1894,1278,1825,634,121,470,1]
[0,1579,662,1637,1500,1453,105,923,1180,323,1628,1597,874,723,1029,1053,1866,1869,590,329,1683,1]
[0,1600,497,904,1276,326,1760,1867,1017,1615,706,1263,835,1488,429,699,1117,1536,1218,1623,928,1]
[0,1430,1586,541,1962,792,1721,696,1088,1442,998,903,1702,125,1495,401,779,1007,381,1]
[0,135,1798,919,259,250,967,1445,1481,1285,1995,1374,1554,1041,812,1354,1819,717,1726,570,1]
[0,1238,1422,1822,1961,1261,657,1057,180,1689,1681,1571,1201,287,264,1656,1626,1]
[0,589,507,35,1104,826,1172,1469,1997,1605,1946,1356,1330,1634,1766,830,666,391,822,1]
[0,1317,810,1464,354,1271,1733,1890,1348,1685,1009,324,1852,466,1931,1920,1411,1]
[0,189,378,987,1134,327,1673,1753,1119,859,1282,1514,530,1090,1680,100,1]
[0,1114,1964,1338,1371,1202,1153,1992,1940,1247,1722,622,1877,926,685,393,504,1]
[0,613,343,37,1086,380,349,1297,1976,1666,978,1577,1524,1457,1]
[0,894,1366,1380,451,1170,1148,910,1573,195,1776,1799,1415,1]
[0,1458,1971,1329,1911,564,585,126,489,1122,1849,1660,870,1928,1]
[0,1332,1973,1658,1893,1712,1917,1307,1591,447,1448,1617,1]
[0,802,1915,1169,1210,618,46,514,658,630,1373,1095,1]
