50
4905
47
[0,80,23,51,61,42,28,12,17,66,1]
[0,32,39,19,50,58,29,34,48,1]
[0,73,6,36,15,38,31,44,25,1]
[0,35,37,24,26,41,52,72,1]
[0,64,40,56,65,53,79,1]
[0,2,62,77,3,43,70,21,1]
[0,22,11,14,46,1]
[0,63,5,7,8,18,57,1]
[0,10,45,9,59,1]
[0,78,20,1]
[0,76,30,47,1]
[0,49,4,1]
[0,68,60,55,54,1]
[0,81,75,1]
[0,13,33,1]
[0,27,1]
[0,67,1]
[0,74,1]
[0,69,1]
[0,16,1]
[0,71,1]
[0,1]
[0,1]
[0,1]
[0,1]
[0,1]
[0,1]
[0,1]
[0,1]
[0,1]
[0,1]
[0,1]
[0,1]
[0,1]
[0,1]
[0,1]
[0,1]
[0,1]
[0,1]
[0,1]
[0,1]
[0,1]
[0,1]
[0,1]
[0,1]
[0,1]
[0,1]
[0,1]
[0,1]
[0,1]
