100
9873
2283
[0,34,69,66,6,71,11,1]
[0,59,47,87,18,70,1]
[0,1]
[0,53,1]
[0,58,46,77,67,27,1]
[0,63,10,32,42,45,15,93,74,5,3,1]
[0,24,1]
[0,94,56,39,44,72,1]
[0,1]
[0,1]
[0,28,1]
[0,40,1]
[0,9,17,1]
[0,1]
[0,57,1]
[0,86,82,25,48,1]
[0,37,55,50,1]
[0,60,62,76,49,1]
[0,20,85,89,52,98,29,1]
[0,8,64,61,1]
[0,1]
[0,1]
[0,1]
[0,1]
[0,31,1]
[0,1]
[0,1]
[0,1]
[0,1]
[0,1]
[0,95,1]
[0,23,75,1]
[0,92,84,2,1]
[0,1]
[0,16,96,1]
[0,1]
[0,1]
[0,1]
[0,1]
[0,1]
[0,65,1]
[0,1]
[0,1]
[0,1]
[0,36,4,97,1]
[0,1]
[0,1]
[0,1]
[0,1]
[0,1]
[0,1]
[0,1]
[0,1]
[0,35,1]
[0,1]
[0,1]
[0,1]
[0,1]
[0,1]
[0,1]
[0,1]
[0,1]
[0,1]
[0,1]
[0,13,7,41,1]
[0,68,80,1]
[0,1]
[0,1]
[0,1]
[0,1]
[0,1]
[0,1]
[0,1]
[0,1]
[0,26,21,1]
[0,1]
[0,38,1]
[0,1]
[0,1]
[0,1]
[0,1]
[0,88,14,101,1]
[0,1]
[0,1]
[0,1]
[0,1]
[0,30,1]
[0,1]
[0,1]
[0,79,83,78,1]
[0,1]
[0,91,73,1]
[0,1]
[0,12,1]
[0,1]
[0,99,33,1]
[0,90,43,1]
[0,1]
[0,100,1]
[0,1]
