20
543
1703520
[0,3111,606,164,1269,1502,4087,4415,704,996,722,1237,2573,215,2869,3354,3326,4225,2874,2306,579,1401,2831,211,4487,4497,3025,868,3963,1020,3990,4988,2769,3758,3713,4064,2135,2475,4868,2614,3226,380,2699,2240,1830,1301,2116,106,825,2369,1219,2951,4454,2324,2292,3065,104,3000,423,206,815,4803,2520,3362,3312,1831,1735,454,1526,494,1828,1989,3639,4443,1]
[0,3275,2099,1822,507,3401,2209,3465,3319,370,2398,1538,4138,779,4377,242,737,3929,4251,3816,220,401,700,3754,181,4825,2176,3178,791,4256,2225,499,1793,450,4175,1413,281,3599,4309,697,616,4148,3361,76,1059,2768,3626,645,2603,3603,1514,3185,1610,3821,4367,1711,427,1673,3895,4463,945,646,426,136,65,2535,1924,2111,1669,304,3710,3805,116,2415,4149,2429,3203,2478,1404,2576,2914,3039,2988,337,3781,2689,3490,908,2946,162,2010,2861,4076,2267,951,16,2261,2299,4037,1091,694,1]
[0,2274,2009,703,810,3853,1090,1965,1425,3195,1742,2484,2763,943,2206,2143,1441,133,3140,641,178,159,1466,2907,522,1109,3313,1938,4372,1076,1768,766,1405,2881,1699,1749,1264,3113,2170,2467,772,1432,1518,198,942,2739,3199,47,2917,4757,4881,653,2006,956,2801,631,2137,3285,3582,2502,1412,1902,4269,1391,1814,2692,4254,3960,2140,3225,702,519,140,1265,318,862,51,540,2703,1660,112,2802,1041,1213,892,1621,1399,1776,3868,1]
[0,2657,2525,2203,4898,35,2338,4743,376,4399,3654,2223,2363,4425,1653,49,4700,307,3801,3228,2604,223,1058,2749,3471,3524,1705,1127,545,2187,2991,1236,1517,1081,1816,2322,578,2813,3168,445,4631,4142,1995,2305,884,1277,2479,339,1153,1589,4328,1767,3792,4195,1731,2384,201,4335,789,3389,536,4769,3473,2077,3438,3010,2022,1]
[0,93,364,2374,998,284,1326,3339,3632,1160,1314,4992,333,444,1294,4880,2581,22,310,1892,3962,1028,213,147,4324,4602,3350,3709,3870,4990,486,2178,1092,1456,3371,2148,910,4293,222,4347,4261,3033,544,33,1176,263,894,3001,2308,1560,2597,1372,2996,2212,3137,1886,2423,3463,4516,2807,1019,3330,3170,1915,4136,160,1931,4000,54,1197,4299,1493,1729,3645,3097,1797,1173,308,2454,3143,3472,2438,2428,279,3896,2852,625,36,38,4563,479,764,2141,1507,2018,389,1497,259,1]
[0,495,3976,3828,4118,4190,524,724,3154,2594,960,440,191,246,3679,3945,1467,2376,3176,146,1328,4430,3982,4214,1645,2786,4212,2218,4593,2975,1067,4567,50,1565,3552,352,850,1389,424,3193,2745,4349,1979,1498,693,2845,580,897,4981,3082,4538,3092,2453,315,1651,2687,3946,3840,4468,2359,4728,800,2227,2672,3018,1238,2582,2233,3063,3013,4569,601,2747,3674,2933,1893,3184,1]
[0,1073,4794,2136,4181,2234,3189,4343,4871,394,4922,516,1015,2287,3618,4869,2731,2491,4889,2985,2734,537,4607,1093,3967,1065,1096,2221,3659,2901,3779,4230,2924,3513,3050,2091,3546,4237,1813,1551,1521,2120,2983,1736,3628,3037,481,1519,3653,4427,1308,3434,1227,2119,3538,4657,4774,1792,4191,4536,3830,4186,4383,4611,1]
[0,293,2563,4114,3732,3995,4439,37,3238,4303,53,2511,253,4393,4689,1718,2685,3913,4072,3939,2899,314,1888,1991,3640,2318,1012,3808,4718,2843,2367,1174,1186,1226,1424,2316,1188,1490,398,2559,233,1367,977,1374,192,1859,2295,3131,4052,1969,3940,1123,3600,1789,2871,2909,2592,1596,302,2459,2226,1591,1494,2424,1681,1656,967,1324,2070,2663,1984,1966,2404,1235,2249,3233,3903,2426,2406,1554,1228,276,3717,3510,1659,1229,4521,3955,1461,299,1817,1317,1270,1245,913,500,888,1909,2392,4364,4031,3417,3121,126,3689,4628,3365,1571,2915,1023,193,3149,1975,2189,77,1862,321,2653,1616,732,796,1]
[0,3171,2741,2936,373,1009,1455,623,407,4706,4831,114,2842,3849,4585,3607,2638,688,1829,433,1765,673,2002,666,8,1527,3668,1667,3205,2110,1964,4524,1128,467,1307,1115,1504,2998,4382,4421,4173,1929,3742,1960,4043,2477,4514,3583,2015,482,2255,1393,4231,1329,1561,3797,3394,3785,4292,1281,2310,907,1001,4456,1350,1511,1384,2013,738,4829,3441,2761,3382,2482,4926,4001,4707,1637,3297,2543,4783,271,4247,4039,4105,1476,1841,839,3241,1126,3682,534,4603,3051,871,2894,1011,3269,1]
[0,1865,687,605,509,3822,3788,2328,199,1221,1260,2058,231,1360,4820,885,927,2544,585,3410,2181,1887,1853,1847,95,4674,257,2860,2160,31,1662,2545,1057,2401,4125,2878,4535,3509,790,3294,152,2118,740,3236,1708,763,2723,2294,832,2211,626,1937,1533,550,1170,2040,3980,4967,836,776,335,2031,322,2200,2737,1835,458,2337,1815,3311,4139,3076,1805,3878,1036,3604,2174,4554,1215,542,2560,74,3898,327,280,2921,2347,1698,2403,3126,3208,553,1293,3155,4495,873,3676,2777,883,569,2602,1104,3045,438,4763,4655,4680,4570,3455,677,1682,4894,155,761,1333,3068,1505,1]
[0,1140,2385,4632,787,3457,4332,3854,970,876,2237,2098,4925,721,418,4884,97,3759,859,132,39,4623,171,3959,3525,3281,630,4903,4241,202,3215,2473,2030,3420,843,1]
[0,1634,1607,3670,1534,32,3026,342,1134,455,2396,2794,3183,1568,3349,1256,3763,3541,1603,954,468,2155,1529,706,297,2224,2269,1414,705,399,1844,1273,1512,3416,3492,1883,3804,676,1500,4565,448,1299,73,1131,636,234,107,1676,4997,4528,1312,3478,919,2546,3981,71,2642,3015,1]
[0,3718,3661,4892,2958,3177,1812,4166,3006,3271,3207,4793,4056,129,4003,4842,144,1105,4548,2671,1244,3974,4639,2323,3057,2064,600,4257,4765,3931,2312,2710,3484,2967,241,880,2550,3765,4702,4826,1808,3258,1366,4412,1233,185,1216,1625,2930,2955,3439,4911,4511,4277,435,727,1]
[0,3030,1190,3869,3687,4024,812,2468,3602,1624,2260,2640,1106,2965,1250,387,965,189,1119,1873,2623,177,3656,3194,2492,236,1232,922,1874,4018,3129,733,1477,824,1077,2164,1580,1838,2162,3192,2247,1632,180,3415,879,4507,638,1018,1987,974,2084,3815,4696,123,272,611,2379,4646,1758,2999,406,1298,870,844,3042,1062,2139,2726,2182,2779,369,2865,769,2309,1362,2268,2666,921,2014,2437,2605,1483,4022,4458,2125,2934,3127,3823,1723,1971,4315,2196,2259,3586,2277,2231,736,3173,648,1284,3649,1917,785,1053,1436,3699,2142,2113,682,1760,1212,2939,1836,831,1725,2637,2127,1934,2785,3491,2381,3029,3020,2071,1552,3669,1182,1193,3757,1516,1520,661,350,1810,2042,1743,1579,1]
[0,411,591,84,4160,708,3951,3925,2555,1311,15,3044,4597,3814,3125,3283,1919,2693,4417,3719,1080,2918,3786,371,1336,2498,3469,784,4131,2684,265,713,1479,429,2059,898,957,130,1622,1038,4504,3314,573,4668,1687,1154,101,1000,2093,4874,282,2730,4724,2686,1271,4232,3725,3041,428,3475,1459,3932,4773,1032,1291,63,232,634,1025,1852,2626,4353,457,1875,658,247,121,4457,4802,294,792,2004,2647,3440,618,1192,651,1464,2159,2045,2188,1283,1973,513,4194,799,2920,2281,1]
[0,3016,715,3061,3938,2214,1771,21,901,1757,3064,1806,2609,1791,2700,1557,1224,81,1334,2362,1358,777,2034,1877,2393,3300,1376,976,1033,2838,1916,3502,283,2470,3548,506,1611,689,1320,4274,1702,2549,503,13,4127,2702,277,3104,2265,3058,1513,1135,2272,1726,48,3483,1753,1510,356,1103,2943,2601,2244,639,1804,2900,1748,4165,515,2236,1285,478,94,2339,4317,2890,905,3212,296,1926,1263,2868,1095,782,3756,2690,2149,1950,1639,2973,1570,1101,3134,1543,2772,1139,577,1581,1665,535,3453,1585,680,332,156,3274,175,1921,3554,466,1149,683,997,3191,2490,134,274,2069,978,2122,4155,1958,3468,3480,2796,504,2331,29,1756,1631,560,4336,1627,659,1]
[0,3841,210,2291,882,1961,2782,2977,3146,3216,40,2780,877,1962,2569,4786,4885,3198,248,1640,268,470,2940,197,3256,343,3245,891,1796,1544,4342,1278,1069,2129,3359,2806,2810,1463,4183,530,4373,182,4608,4808,2352,416,1]
[0,2552,1586,1082,2968,1920,1385,476,1290,2864,2112,1378,3575,212,2530,443,1181,2153,586,3139,644,3291,278,2321,52,3412,1882,1558,346,984,2827,2383,3219,3795,3095,1008,899,1555,34,751,3421,2157,3172,2344,2947,403,1930,804,1300,1392,866,1795,923,2315,2115,801,2665,1048,1208,2895,3715,184,1220,1125,2795,4170,821,250,2368,1426,739,2828,2832,3910,119,2278,1994,323,55,1418,2834,2556,2356,1142,2258,3072,559,249,1695,872,4085,2248,3341,1222,113,172,1421,2758,1397,2105,2695,2405,1152,1309,419,100,142,742,828,1]
[0,3390,1764,961,526,854,596,797,517,1469,947,1468,1098,1357,4004,1834,128,1382,2945,748,298,1746,753,1918,502,3101,3272,301,45,3771,979,1345,2820,2644,2033,834,3206,207,87,441,2327,869,2152,1368,14,1524,2846,2883,2825,795,82,1619,809,1935,1588,2752,498,1261,319,1904,2210,396,2450,1052,3737,3617,4157,3357,7,622,556,1644,3864,1539,1983,493,436,678,2325,154,4167,3576,2220,422,719,1021,730,2948,1335,3540,3577,3196,1280,917,245,2411,1302,3372,1187,2412,256,1878,1977,3745,3675,3138,225,614,89,311,1088,523,1609,1332,1]
[0,2548,3345,863,2980,2610,118,1626,1509,518,853,2859,2987,2655,4252,4709,4169,2896,1489,1252,2431,3008,3476,3696,2767,4938,2469,1996,2650,2513,4216,3592,2284,3136,1880,477,4068,992,4953,2184,835,1515,227,953,2075,1]
