50
4883
1811
[0,64,17,62,20,1]
[0,3,32,1]
[0,61,14,26,83,58,59,101,80,33,42,1]
[0,82,2,1]
[0,21,99,24,1]
[0,27,65,23,1]
[0,91,1]
[0,92,1]
[0,1]
[0,96,8,1]
[0,1]
[0,73,1]
[0,12,46,84,9,79,52,6,54,85,1]
[0,100,81,1]
[0,1]
[0,72,86,1]
[0,93,44,1]
[0,1]
[0,36,1]
[0,30,97,13,1]
[0,69,88,39,1]
[0,68,1]
[0,40,1]
[0,1]
[0,1]
[0,1]
[0,74,63,55,1]
[0,77,50,37,1]
[0,90,76,38,87,45,1]
[0,1]
[0,1]
[0,1]
[0,57,51,1]
[0,94,1]
[0,1]
[0,1]
[0,71,53,10,25,1]
[0,95,1]
[0,70,56,28,5,16,1]
[0,1]
[0,7,31,1]
[0,48,78,1]
[0,66,15,1]
[0,34,47,67,1]
[0,89,75,49,1]
[0,43,1]
[0,1]
[0,1]
[0,1]
[0,1]
