50
4255
72752
[0,571,574,564,358,12,374,774,996,6,497,569,373,3,197,216,522,754,377,551,403,434,788,92,119,1]
[0,663,696,825,390,919,861,352,29,957,829,104,670,836,329,685,409,783,764,993,1]
[0,897,960,727,440,116,980,705,932,444,369,354,456,627,406,989,609,433,23,98,275,258,371,617,227,176,11,477,108,1]
[0,428,971,42,629,169,341,86,190,779,844,157,689,635,208,613,317,503,28,654,647,959,1]
[0,500,202,200,370,870,228,123,768,858,618,330,1]
[0,161,878,250,926,998,620,602,565,356,62,306,694,517,761,915,536,661,147,977,398,909,953,346,20,801,560,792,535,305,765,570,531,58,585,286,698,300,795,83,270,812,455,315,415,804,287,1]
[0,56,150,576,579,937,423,178,25,519,594,435,43,465,379,928,366,962,442,498,868,543,737,230,777,1]
[0,703,4,323,704,471,77,318,106,607,210,900,679,133,112,316,195,645,545,550,735,154,206,47,884,9,191,291,1]
[0,886,877,344,706,437,328,229,966,758,510,327,380,849,947,773,992,648,823,425,458,66,664,716,1]
[0,692,8,7,97,805,32,125,201,976,419,586,660,427,529,949,891,507,851,281,793,811,253,396,667,469,231,16,53,680,402,35,447,846,96,394,75,280,653,511,381,936,702,18,338,19,343,345,331,290,1]
[0,333,748,283,599,656,999,990,268,598,326,506,1]
[0,372,577,842,245,700,389,592,446,672,1]
[0,523,152,741,54,707,610,438,2,226,24,746,862,260,1]
[0,445,87,408,156,972,337,263,521,38,624,221,107,841,686,883,1]
[0,983,264,404,114,249,105,241,950,181,673,587,282,745,349,899,810,649,1]
[0,40,143,904,417,766,255,526,292,621,267,1]
[0,485,763,271,115,969,395,467,487,296,668,834,266,776,757,533,79,90,158,411,784,651,21,708,822,130,573,633,1]
[0,662,693,800,749,27,728,420,362,137,1000,198,740,604,557,501,850,166,549,110,184,308,547,790,397,474,906,988,72,388,898,262,759,874,864,589,95,405,82,537,488,1]
[0,731,466,33,934,100,687,70,814,246,701,22,644,321,342,412,482,493,490,968,1]
[0,203,709,813,89,756,863,91,174,1001,991,908,350,997,986,473,117,666,803,678,475,171,714,658,896,876,45,518,186,677,1]
[0,871,903,418,771,772,697,269,636,713,630,274,357,802,588,392,353,719,614,821,612,838,61,520,637,431,681,1]
[0,122,780,109,193,49,439,183,368,376,416,605,1]
[0,839,450,384,192,956,213,690,279,760,747,492,78,885,682,10,1]
[0,509,242,824,207,155,541,528,451,224,828,175,293,219,239,1]
[0,767,299,182,170,496,136,567,237,955,85,339,30,449,789,347,875,59,144,958,5,866,1]
[0,212,382,917,348,940,17,532,674,46,218,641,145,540,869,725,676,365,901,127,548,769,981,1]
[0,462,865,1]
[0,1]
[0,414,1]
[0,882,742,736,555,827,646,787,1]
[0,852,724,615,525,762,261,583,209,930,608,273,558,1]
[0,978,582,843,657,595,429,855,285,65,715,134,970,126,461,1]
[0,1]
[0,916,925,48,128,945,484,905,1]
[0,495,432,987,124,88,854,744,628,575,965,818,1]
[0,809,512,723,441,907,910,642,1]
[0,559,265,1]
[0,921,1]
[0,256,580,243,118,44,1]
[0,1]
[0,1]
[0,1]
[0,386,1]
[0,478,781,1]
[0,688,421,103,220,1]
[0,923,798,530,63,311,1]
[0,232,820,1]
[0,1]
[0,1]
[0,15,1]
