50
3768
255499
[0,1126,274,141,1910,73,1757,234,1963,334,549,11,1329,3,421,1639,77,315,379,532,1018,1249,1923,1283,190,883,435,226,1552,1912,911,299,400,563,552,1555,629,1414,41,1791,1853,601,939,207,807,1671,1277,357,539,1157,619,1499,272,384,560,1133,1386,322,853,571,15,228,1160,1339,1]
[0,1485,1774,448,1503,944,1200,916,362,988,863,1765,1968,414,1369,1472,1248,631,8,1544,224,480,958,927,898,1743,1121,930,1047,88,389,1146,1]
[0,1087,713,1006,520,1962,792,1721,1193,1088,704,806,1583,107,1672,1441,1182,1413,1]
[0,775,1402,370,1377,433,702,1654,781,639,493,592,48,1493,1847,825,188,354,70,1260,1691,1578,1244,1348,1363,692,499,1468,1655,1889,1449,1663,839,1094,1229,7,600,922,900,1217,1177,1842,1333,1]
[0,409,1777,682,1008,942,1310,83,1102,885,1264,1734,173,267,544,1379,1132,1147,1642,572,989,474,525,1580,1016,247,1175,1767,192,1298,1533,1183,403,261,246,503,1851,62,1334,308,388,490,1477,4,146,1113,1036,1]
[0,1850,1841,848,897,1478,459,1647,1724,1999,843,1321,1465,215,26,1568,772,1439,1559,129,84,25,1906,556,227,1]
[0,1111,156,959,194,1607,361,754,273,856,404,1110,166,387,1786,1829,1761,1831,27,87,150,1388,798,1344,1064,568,1105,1629,1689,1585,115,693,964,586,134,136,1480,438,1611,1392,1494,518,1284,1782,1092,1039,147,63,685,1065,684,310,1775,970,912,1]
[0,1538,974,1419,1210,1868,49,1124,1304,1914,323,1551,1597,509,494,159,1871,269,1375,609,1948,837,1]
[0,577,527,1378,932,1862,1355,1916,1145,1469,510,1848,866,951,1093,210,1789,1932,284,795,1542,1620,479,725,1297,1846,862,1275,1522,165,1367,1063,1577,296,1524,711,101,1]
[0,1755,1955,303,607,1360,1166,464,533,1216,1562,1252,1558,255,1294,1941,1364,591,673,965,1312,557,954,10,1196,633,1266,906,506,622,127,627,1080,1351,495,1808,457,562,1933,940,57,1]
[0,1]
[0,377,1594,1830,1002,612,986,1302,1250,1191,1760,111,1035,1658,683,513,183,677,1481,947,1219,1038,956,1009,753,1409,1648,1041,783,935,747,1254,1083,1411,1]
[0,819,1674,469,893,1013,1]
[0,1651,820,718,1]
[0,1274,515,34,961,14,559,298,743,1129,614,1207,46,641,760,302,177,2000,1396,118,855,80,18,265,1817,368,1231,1804,1489,251,365,1576,1708,1272,1]
[0,211,1838,200,1742,1086,1700,380,1349,418,266,349,582,434,715,286,1139,243,1028,1896,1000,425,213,621,1]
[0,1127,1440,1958,553,905,33,1836,1599,51,1136,1442,1197,1323,1670,314,441,799,1950,976,937,85,759,179,182,1457,331,1]
[0,1211,1511,197,363,1513,1]
[0,1812,1215,991,1564,878,473,32,139,1069,1291,1507,301,1543,145,1171,615,602,1149,1482,442,742,1832,1232,656,1944,880,1920,1045,1]
[0,65,1929,665,632,1922,335,1695,1343,535,536,809,1548,719,703,103,1418,1707,700,1918,1763,1711,871,1728,417,767,757,1073,206,1650,770,993,1050,548,1058,1530,623,371,547,1]
[0,38,19,971,1426,291,281,154,142,465,663,1173,223,882,201,123,420,1479,953,1078,538,468,1606,1194,895,126,829,946,1758,1150,1299,1502,1319,909,1429,1939,960,325,857,1308,1783,307,746,1268,888,1091,320,569,1638,254,982,1]
[0,1652,1332,1630,524,1208,1176,836,1184,561,505,392,1633,1487,1750,1081,1179,16,336,426,1452,99,58,1222,1820,312,732,907,1921,452,1362,1864,79,646,667,109,777,424,624,1726,1154,1156,256,508,185,1]
[0,1598,419,36,815,1635,186,277,1756,460,81,340,1026,1395,1592,1517,1930,1]
[0,292,1101,263,2001,1703,1993,1406,1010,149,782,1257,1553,968,55,543,516,1718,735,1793,1697,161,1368,1687,921,1315,128,22,102,1626,1612,431,300,952,1]
[0,1276,1397,891,847,498,289,1049,1199,453,1518,661,1447,1293,1]
[0,1019,191,1768,311,695,730,681,1823,56,774,82,440,1590,282,1417,1305,1103,1497,1975,1584,395,432,1805,1657,1693,979,823,1067,318,1747,1340,590,140,162,1335,1572,1908,741,94,235,122,96,116,1]
[0,1172,1446,1296,1280,221,1]
[0,157,1387,605,1436,914,1209,1589,427,1]
[0,306,1748,1636,1473,1709,737,1]
[0,1235,86,1198,203,1463,649,1754,339,755,338,1681,304,1749,751,1357,1723,873,1632,1727,758,1376,1270,890,740,1980,1]
[0,1112,1560,252,892,347,341,933,1483,454,1881,550,620,1694,59,356,1076,346,651,1780,95,1290,945,1286,237,749,1569,1492,280,1828,238,120,628,1048,1699,1879,915,148,43,1]
[0,1998,1]
[0,1]
[0,1]
[0,1745,1682,984,985,1550,573,1624,640,382,780,925,1273,131,1125,410,1253,512,1159,558,436,1825,634,1027,467,1981,461,1303,776,1845,114,1128,1]
[0,1535,1613,1227,205,144,1843,625,293,1701,202,1816,1892,214,529,1151,75,762,729,1140,1097,175,523,1098,68,1352,750,1089,1408,1614,1427,1717,1189,155,1384,181,555,977,1084,31,687,1]
[0,1974,1938,242,475,674,208,854,249,1809,1385,705,1162,1762,868,1116,1924,638,1054,1017,771,1646,920,1161,931,1609,1263,30,232,645,1949,1220,91,678,411,773,366,1509,587,1874,372,1676,1289,908,1]
[0,734,28,1964,446,1371,1256,383,486,1644,1725,89,212,199,1593,526,566,901,1886,209,1005,1118,1234,860,817,794,471,112,936,407,1928,1]
[0,1496,1075,327,1673,761,316,1827,1155,630,66,818,1545,1165,688,45,1730,67,455,714,1056,1]
[0,1059,1407,47,1143,1549,1649,1814,1421,1]
[0,896,1690,230,1534,727,899,1382,879,496,21,813,887,1759,1]
[0,589,394,321,826,319,1486,1960,832,423,1346,276,1055,672,492,1996,975,957,1541,1]
[0,1595,778,689,1077,1225,924,1688,1810,1575,6,250,967,1917,594,603,1582,575,1455,1574,938,160,1621,1]
[0,328,163,655,698,1781,1925,1788,333,1324,840,108,643,1859,1909,1720,283,1336,178,1536,1107,1969,456,344,1]
[0,595,1030,996,231,23,1020,1531,42,517,828,1]
[0,1971,858,130,617,1370,1108,297,483,1983,396,488,801,219,1]
[0,542,1800,193,1438,245,39,789,1557,164,765,1258,1563,172,92,886,1860,690,834,1705,1024,1801,1412,374,654,1223,647,821,54,1520,1279,1521,1]
[0,260,376,827,1936,1855,1856,1259,567,608,1919,309,1394,1581,367,842,1897,1212,992,1692,644,1]
[0,1977,1821,537,240,1163,1164,78,1467,1236,1]
[0,1262,1806,1282,1514,530,1]
