20
1001
244118
[0,1323,1378,1811,863,626,317,381,42,1739,913,1380,352,1907,793,1055,1828,1484,1127,369,1011,943,1108,421,963,1415,536,1980,1900,1961,985,1906,201,1019,1595,261,576,1599,1241,1210,1710,290,1684,1431,281,428,993,1213,744,1077,1]
[0,1734,1465,1616,1790,1966,8,669,944,383,1829,493,141,1001,168,1701,1977,1654,1617,213,1412,1312,905,308,387,401,328,1204,378,801,1588,1143,222,1358,1438,876,1405,751,1066,1704,324,512,399,1853,1058,1221,1198,419,444,819,511,1852,211,1918,461,1052,586,1249,1]
[0,900,1134,1414,1555,1860,267,4,1877,1986,1271,1335,1222,1570,240,1162,25,535,1118,1051,1544,1057,338,1559,513,1926,309,810,55,414,515,150,37,207,1565,1457,700,51,481,1085,1254,1124,434,555,330,1256,1252,1408,1970,1410,881,952,1]
[0,507,519,1079,1439,186,1486,396,1928,58,1073,60,1610,1046,284,1505,1395,1342,1224,1113,1687,126,175,748,409,1428,74,780,550,1132,1612,706,1849,1933,1303,1623,423,362,597,343,617,1822,755,187,50,1974,100,464,1793,446,1]
[0,27,1240,732,106,498,17,1507,815,620,1294,293,1306,850,400,1560,271,370,1357,1941,413,871,262,102,953,1521,2001,1820,128,1316,629,29,875,1729,472,279,115,453,1331,156,1281,1285,1538,1540,657,820,1608,721,680,887,1591,357,1156,628,482,274,1]
[0,312,523,918,1183,526,1827,1584,521,463,1645,39,1843,1045,23,1480,826,1993,1087,1445,1023,1870,958,199,703,1128,243,1064,411,1345,1119,215,277,318,603,332,1321,812,34,1604,122,1227,1455,1192,938,372,1512,1185,1920,397,166,1003,454,6,191,398,495,1018,818,1858,1962,422,739,1535,1429,982,800,543,1014,1796,1]
[0,1301,621,1092,1247,139,1165,759,177,232,527,544,1975,689,427,896,108,1947,1034,1523,891,223,496,1927,1662,111,1761,1440,1711,598,549,847,1851,1564,1448,1883,96,998,1226,1190,313,1423,1]
[0,1091,272,1446,860,1697,1334,1234,1145,1635,490,337,1642,895,1894,1313,829,1929,1293,671,1774,1534,926,1115,432,987,725,354,158,1689,1915,930,1375,1762,948,1337,1]
[0,1427,305,437,1620,36,1479,1786,1191,1369,1615,363,553,1897,1290,702,1182,1309,694,1317,1721,1407,416,1741,859,1178,1236,1913,82,556,1593,26,1274,1664,1932,897,375,99,1600,867,854,558,487,1509,1516,366,333,1]
[0,1276,1495,268,695,376,666,1451,1168,1712,435,172,517,724,1158,1372,270,1432,1948,1275,715,1581,1215,988,701,1037,1163,804,1501,691,1056,1884,1209,1872,1835,1365,499,1291,239,86,1310,856,654,1]
[0,41,933,1459,1494,1919,795,1944,1718,561,1810,570,502,1553,1910,796,1643,849,194,263,929,711,204,185,217,1144,32,1917,1491,1655,547,107,1462,460,1454,1326,772,236,902,253,1100,89,289,1112,1071,1802,1131,275,452,103,1903,151,1675,615,1637,874,130,1756,1]
[0,391,48,1488,1212,718,1874,1685,580,888,1208,347,1220,1530,1157,1111,1176,1636,47,1020,1982,101,738,981,1737,1873,1126,1492,821,852,147,1881,750,1892,542,1]
[0,534,1812,954,1846,163,1901,968,1650,885,1546,870,1164,1979,1794,894,1592,2000,649,765,785,374,1817,1343,459,302,1464,52,581,192,116,1289,322,1260,646,256,1328,681,1]
[0,1813,1493,848,1699,585,1033,619,596,1174,653,1789,1795,1225,686,1379,1173,1639,634,1283,389,1264,577,467,838,54,1120,24,1099,1517,1424,1042,359,1109,294,1]
[0,1065,412,1504,927,1973,541,740,184,1418,113,226,978,719,559,356,1549,973,1579,500,1024,1299,1680,1086,87,497,1506,377,35,893,1384,146,348,1778,1878,1248,764,1971,1648,1352,907,1830,70,1149,911,241,564,1497,1658,1295,661,614,1006,1074,1563,1665,1671,775,1769,110,798,682,591,1613,937,1257,1039,174,1956,408,919,439,1743,1965,144,181,320,578,662,1253,1292,367,390,1]
[0,833,1259,545,1682,203,131,56,733,105,1388,350,1233,674,1080,1251,966,1244,865,1179,1759,1146,784,643,1217,18,947,631,11,1942,1611,1582,1]
[0,196,1960,21,119,1338,283,402,1017,1104,921,503,697,1081,1044,676,965,616,1009,22,656,758,224,1747,301,346,1713,618,1931,286,1341,1541,1691,1232,979,560,1552,729,258,579,97,1987,506,935,1758,295,1989,292,49,94,1356,1288,491,1733,1959,154,1848,601,225,766,360,1069,1]
[0,1996,9,1603,884,1389,516,636,1994,1529,1137,1231,1103,1373,480,814,235,1839,248,379,1433,384,1096,247,774,709,1084,1471,1214,1630,672,602,137,1377,72,1840,1]
[0,1442,1785,1287,1909,841,1626,1203,1083,1862,138,1469,1586,405,218,994,705,1951,1015,255,972,722,940,647,365,20,508,1985,300,1088,1738,457,610,1]
[0,1703,630,955,886,915,791,287,714,1116,1912,180,964,436,145,153,1514,632,567,335,1]
