10
268
254021
[0,758,308,1583,44,358,767,1807,236,1526,323,1063,1974,1353,1295,1367,1554,856,689,901,1967,1520,554,832,914,181,1372,790,1510,38,659,1848,588,386,235,1633,652,95,1005,1765,47,1008,152,1101,931,444,1280,1623,818,1124,1064,1679,276,1816,1090,1397,896,426,1885,1831,1585,1]
[0,129,1762,1603,1686,1703,646,1429,221,198,1351,331,949,1007,366,1495,1398,179,781,1626,1935,1233,1235,867,569,1286,142,441,664,1350,408,208,145,271,1327,1368,1201,793,464,1175,94,1308,1954,1342,1657,823,69,776,176,1950,886,1995,82,1]
[0,1501,707,1358,1535,1057,868,290,578,1263,1270,156,630,1332,17,1290,1767,632,168,736,1620,1676,1165,1903,414,180,318,1854,1843,1081,1420,1451,302,717,624,51,244,1387,841,523,107,1580,41,558,633,186,1153,448,1330,494,76,1249,815,1052,613,178,1836,313,166,1359,805,431,1588,1752,636,210,90,1283,336,1961,1697,1840,791,685,1044,1653,1634,614,1500,253,534,849,1581,1]
[0,347,1880,1172,1117,334,1943,15,65,355,1356,1772,835,1528,1237,1538,784,477,618,1113,1595,568,40,1957,1305,1431,1339,574,1333,639,1447,1366,1791,1474,843,217,919,197,811,196,994,1284,418,1162,484,1251,1277,869,1912,965,1170,1587,169,1352,1986,410,1682,755,356,13,1509,1710,592,1028,1845,52,1380,527,270,483,1133,1329,275,1192,1744,1]
[0,202,833,498,1243,432,656,825,1652,39,309,453,1803,658,1062,495,1287,600,1570,1073,642,611,1154,583,729,123,1232,18,42,246,916,1965,1998,22,1872,1797,73,473,528,1853,605,1607,254,440,1539,1121,1297,206,751,1040,1706,1727,1516,126,1324,903,1231,400,224,1292,1390,1]
[0,581,857,1728,1898,119,1002,1917,1302,1038,1931,251,150,1200,1288,1140,742,773,346,769,910,732,101,406,311,1576,622,1834,84,944,1773,705,584,1036,481,209,1609,1226,986,262,836,1079,362,1259,1118,567,516,1318,718,384,515,754,1229,132,783,1909,612,1444,876,788,1164,183,1993,649,680,1864,882,1615,1146,1282,985,1221,329,1]
[0,288,942,1622,778,1202,1091,199,153,1341,1031,342,739,192,379,439,586,952,1376,686,1462,1460,672,938,184,1453,723,1092,1135,446,2,1337,1061,779,1068,1268,327,339,1569,1316,351,1494,990,378,443,419,307,137,1264,620,1100,1518,1385,661,1893,587,472,1454,1805,412,371,1250,1006,1]
[0,930,72,12,1958,687,1434,317,977,679,640,1808,898,1503,921,1015,807,233,479,390,1378,1312,1152,1163,1475,61,924,136,1817,795,1996,436,647,1410,32,1786,54,891,1424,1340,1216,1253,813,678,1801,20,662,1071,808,1027,1486,201,1279,1478,261,748,1074,915,501,1]
[0,979,34,973,239,1670,690,525,1754,399,1299,1084,503,1605,846,1228,877,1947,237,978,1357,1761,1960,79,1857,1505,213,1151,696,148,140,1311,848,1537,1139,296,300,1348,1009,1208,1723,291,1614,1745,104,91,1846,703,1768,1809,1621,506,264,744,427,972,1700,591,1392,314,1739,81,493,1211,695,1748,1844,1246,338,1]
[0,368,403,56,709,1611,230,421,1409,2000,879,220,975,733,149,1437,1873,1227,60,1730,89,478,249,1050,146,1618,1230,1213,1741,1882,541,1176,1037,1244,1637,397,279,1107,820,420,193,918,1593,593,118,320,607,854,482,1881,1480,1011,1205,837,247,1709,1053,1225,106,1835,190,113,469,425,1674,866,1217,694,1852,565,189,1823,177,1715,405,248,110,385,1]
