100
8799
279537
[0,244,529,3,841,955,1491,1149,228,260,876,99,855,1620,1511,1113,1496,1131,1057,732,1323,351,561,1979,779,1281,666,222,1]
[0,1475,737,552,1303,793,1124,1488,1519,175,1204,1215,1505,536,1634,970,46,135,296,582,1059,1278,411,1624,338,604,1962,386,315,1977,451,327,585,1365,17,696,1615,400,621,1990,917,1523,1310,365,1231,1596,1924,1782,122,930,589,414,1030,261,308,1963,1720,803,1675,486,1794,219,994,1235,234,355,212,1]
[0,146,1083,1389,1564,1882,1395,1672,1583,512,1002,1480,1159,1007,1558,811,712,1]
[0,197,230,1609,741,521,1199,306,1269,1644,721,1524,1502,828,602,225,1]
[0,1633,1076,184,1287,1419,363,1175,1462,1061,1456,1699,114,1481,68,542,985,162,595,61,55,312,179,1152,275,97,539,1606,1518,1910,1863,1743,1086,86,1981,608,89,393,1]
[0,497,309,1529,1035,829,322,603,720,2001,788,971,251,856,1777,1203,164,1034,964,843,557,785,1463,326,1684,559,277,607,623,1780,1474,1730,372,1973,1692,927,1825,726,647,993,1]
[0,150,1770,771,48,1230,1850,1848,235,588,1210,42,612,91,1143,1228,1]
[0,1545,23,438,718,1652,567,782,74,169,1063,1799,1123,1662,51,1280,981,1263,253,1087,1046,1018,1918,1296,713,538,979,495,1236,986,102,699,1207,344,110,1202,790,820,354,943,1371,1659,461,749,291,4,898,435,636,297,1325,1]
[0,957,441,1135,242,1942,1411,534,346,217,1776,221,714,237,250,689,1961,8,29,1637,1707,186,1311,1218,1335,1772,1024,120,840,471,1]
[0,1679,1522,1277,1217,339,81,791,709,307,105,776,1486,1501,455,1536,703,1233,1438,660,755,510,758,1001,477,478,348,73,1418,858,1292,1689,1639,95,1579,185,1108,956,70,450,1309,333,1514,1932,1859,574,1312,866,321,282,1370,160,1251,663,334,778,1119,6,1946,742,1285,136,1542,715,1114,1683,939,479,1]
[0,838,205,1537,30,484,1461,1205,1889,624,1022,1528,519,1154,1126,1671,40,1452,1943,388,896,806,710,1980,1]
[0,727,1997,1771,1828,1105,1487,1298,328,231,171,629,370,1048,528,932,1254,1050,1964,1391,947,1343,1417,271,1992,361,1783,288,540,1598,924,1116,1]
[0,693,115,787,627,750,1332,1393,1691,402,224,797,1844,273,543,1308,1122,1413,1295,377,1021,90,921,1867,1433,963,657,786,1648,1493,984,1029,503,494,151,290,1663,1444,1390,320,1802,10,2000,1106,1191,1]
[0,766,1023,1085,270,1040,885,1257,1734,369,1]
[0,345,1908,1427,1221,1715,1926,317,1972,1440,566,1860,1336,531,389,1388,1840,674,391,475,458,1577,252,13,1]
[0,1453,1429,1121,1150,1173,563,1640,1364,371,845,1250,1376,1320,124,264,63,481,38,193,1194,937,764,1071,491,1077,751,1164,1099,615,1062,1936,226,382,1552,374,1331,605,198,1958,1843,1982,1294,509,1342,1]
[0,1858,670,1538,83,844,1838,1575,1599,821,1710,1937,1754,1162,584,313,1719,1091,839,123,681,763,168,1983,1158,1853,1354,1084,1068,555,1868,946,181,28,1673,1397,1247,1871,1272,1]
[0,1551,53,1830,1965,1764,558,1834,1145,1690,668,269,515,590,1069,1186,1271,108,617,722,431,1346,837,614,1773,973,1]
[0,1223,1096,960,577,7,1667,1581,1556,423,1]
[0,1353,1727,32,5,549,508,1374,711,554,96,728,1883,673,1]
[0,267,1344,1588,1]
[0,783,490,302,1925,87,1138,1241,1500,155,992,1822,1229,1415,854,1]
[0,1623,1]
[0,265,679,1]
[0,323,1948,1]
[0,883,1618,1127,1603,1731,1398,1220,1616,1176,849,66,1412,877,14,1796,690,1047,1467,846,1359,247,281,1324,266,432,1104,784,1729,406,1971,945,556,1572,1970,1735,1436,1445,330,926,775,1920,833,1]
[0,1804,1805,593,1779,893,601,872,1329,933,1258,200,835,22,94,1708,407,619,1809,991,1851,966,998,1550,1066,1917,1]
[0,1234,1509,1516,409,1248,1092,1632,717,130,1357,641,907,655,199,1865,1302,1888,1209,800,278,888,1884,1051,1670,1288,865,616,1446,248,822,416,1134,107,704,989,285,112,1275,462,1562,886,618,1750,1767,209,1904,1625,774,405,24,757,1]
[0,426,747,54,1011,903,177,1255,1653,1738,403,1441,1885,1601,1741,506,1282,1605,1602,622,1151,640,1573,1166,1784,665,1188,128,1]
[0,551,1249,882,52,740,1260,716,1206,1000,127,988,1951,1592,1869,915,1330,1054,436,999,683,1466,1366,1704,511,1010,88,1266,1489,1392,1448,637,1245,599,1650,1]
[0,1790,289,172,1806,1410,680,439,1988,1696,1163,1363,1608,1532,1877,925,174,1103,1039,923,698,449,1]
[0,1232,894,1685,1256,301,818,233,203,597,667,1797,1688,1031,738,92,1097,350,1553,1073,1224,1590,847,195,180,116,669,642,1242,672,729,1315,842,1]
[0,1744,376,996,1226,773,1316,553,459,1681,1238,1726,1]
[0,485,343,396,418,1787,1043,562,294,550,1712,71,1338,848,944,1903,1]
[0,868,675,1878,143,1270,1317,474,447,1432,1055,532,1284,972,229,1892,84,1969,1933,881,246,101,1437,859,383,1619,1682,1984,1693,299,1]
[0,1815,430,798,649,1]
[0,482,1094,1]
[0,422,1]
[0,1381,1430,884,106,1503,598,170,41,1]
[0,662,952,938,1669,331,1185,1478,591,576,1431,368,1189,1368,1459,1593,472,480,1584,18,1510,860,1038,1146,983,1401,1642,982,1454,1751,1930,384,768,1]
[0,1724,1539,547,795,1373,1053,358,1020,1759,1549,37,1763,1469,1548,1464,1]
[0,1]
[0,1]
[0,1]
[0,1]
[0,1]
[0,1]
[0,1]
[0,1]
[0,1]
[0,498,1]
[0,1]
[0,1]
[0,1]
[0,1]
[0,1]
[0,1]
[0,1]
[0,1]
[0,1]
[0,1]
[0,1]
[0,1]
[0,1]
[0,1]
[0,1]
[0,1]
[0,1]
[0,1]
[0,1]
[0,1]
[0,1]
[0,1]
[0,1]
[0,1]
[0,1]
[0,1]
[0,1]
[0,1]
[0,149,1798,1290,1318,488,176,1906,817,537,861,516,1765,43,35,1894,19,182,381,16,1854,1264,1058,1700,397,1722,147,1026,335,852,1458,879,1880,1950,27,236,1369,1846,50,895,204,9,1492,218,82,610,1060,188,569,390,1115,1]
[0,329,1465,1811,759,596,207,1647,632,245,500,1974,468,1931,606,1027,1016,901,522,1571,1740,483,730,1067,1136,997,1291,1181,1876,1775,1]
[0,1927,502,1768,1377,967,1702,1554,420,1829,464,1421,678,357,700,1244,934,1125,931,463,578,1916,191,739,1409,1732,1]
[0,1273,892,1713,240,1485,1915,1611,958,1179,905,1339,1891,1070,56,1225,473,295,789,117,415,39,492,656,560,1477,977,1940,815,366,1]
[0,1032,241,1604,1174,202,1]
[0,863,1305,1]
[0,801,564,1036,754,1823,1723,867,1589,1118,1319,809,1064,1]
[0,1530,533,862,319,161,1148,1]
[0,1646,1993,1638,1424,109,1929,1253,592,1483,227,214,125,1348,1117,922,1991,1468,1]
[0,1520,1582,1905,949,630,1985,1297,1065,1]
[0,1187,677,187,1399,1227,272,445,1380,518,1941,658,11,342,336,1847,1852,735,628,646,131,1680,1]
[0,1641,723,975,1168,1996,676,1]
[0,1716,454,857,1612,1]
[0,851,1]
[0,239,802,1005,1337,760,496,259,1]
[0,314,1574,1563,276,890,1677,1472,1]
[0,310,1]
[0,1]
[0,1]
[0,1]
[0,1]
