100
9230
74320
[0,868,185,443,86,409,408,45,711,285,257,162,99,764,7,527,918,856,203,333,686,508,70,1]
[0,393,857,462,600,107,352,118,633,962,436,943,760,720,159,816,302,945,473,631,640,323,627,836,177,326,83,490,907,1]
[0,199,267,77,552,109,128,987,789,296,341,523,767,565,728,568,793,807,210,148,648,854,774,428,588,606,931,821,198,542,13,873,977,263,717,5,450,382,963,135,463,716,661,483,838,823,946,953,906,926,87,850,112,614,674,95,598,570,489,286,665,426,1]
[0,795,814,887,566,134,325,888,461,586,695,499,573,435,536,433,1]
[0,746,801,56,496,146,299,358,913,29,355,597,230,985,644,1]
[0,149,468,270,591,673,959,348,59,885,487,997,339,126,12,23,524,718,258,952,1]
[0,792,147,226,515,762,211,281,995,540,401,750,51,327,318,261,714,345,1]
[0,220,44,163,852,331,204,448,681,817,738,367,61,561,545,392,844,386,883,544,533,493,57,1]
[0,273,254,472,840,572,49,991,581,249,555,131,843,10,241,706,193,618,40,100,1]
[0,737,766,607,957,246,334,580,848,119,441,399,846,1]
[0,101,870,802,730,233,311,390,869,577,613,232,298,419,612,769,964,782,871,413,160,368,248,293,1]
[0,984,35,622,180,675,73,659,452,914,322,657,982,917,186,157,335,410,778,890,652,1]
[0,178,798,694,837,391,579,74,794,244,369,266,940,819,719,958,998,941,208,477,592,874,1000,970,932,314,1]
[0,117,909,141,845,25,375,539,512,105,576,67,753,668,227,239,744,511,385,903,359,621,122,251,666,700,264,703,469,138,277,643,187,294,788,722,1]
[0,655,91,402,379,828,236,415,337,630,297,863,466,27,1]
[0,478,625,721,66,609,1]
[0,832,596,1]
[0,1]
[0,15,364,429,104,584,530,1]
[0,225,645,942,129,1]
[0,534,735,378,729,168,537,664,432,14,507,455,71,184,541,191,150,1]
[0,194,167,423,754,221,361,47,956,2,861,938,560,988,908,800,770,715,710,1]
[0,1]
[0,983,1]
[0,421,338,363,166,202,451,453,761,55,796,398,521,223,526,741,102,336,875,965,196,1]
[0,287,1]
[0,682,781,344,291,503,663,53,111,1]
[0,587,396,786,916,547,692,192,514,1]
[0,899,736,777,724,11,500,558,1]
[0,120,292,404,733,179,475,308,1]
[0,262,783,1]
[0,979,195,697,971,915,321,839,968,705,268,999,629,269,372,951,206,467,602,549,884,727,357,525,1]
[0,39,509,791,799,626,924,438,891,190,620,575,309,151,283,458,562,772,90,680,927,574,228,417,153,743,835,589,412,928,388,771,865,201,395,548,702,1]
[0,116,301,834,804,543,265,434,734,130,505,92,693,936,773,136,414,26,881,69,531,354,650,1]
[0,1]
[0,829,143,506,712,365,610,831,824,564,449,1]
[0,20,275,182,103,1]
[0,465,108,585,862,64,366,1]
[0,1]
[0,1]
[0,1]
[0,1]
[0,1]
[0,809,973,28,825,1]
[0,498,707,849,274,1]
[0,1]
[0,243,1]
[0,374,755,446,424,758,356,456,1]
[0,1]
[0,1]
[0,1]
[0,978,1]
[0,822,1]
[0,387,1]
[0,1]
[0,1]
[0,1]
[0,1]
[0,1]
[0,1]
[0,619,444,934,181,145,418,212,276,1]
[0,634,343,8,88,886,165,1]
[0,371,282,876,60,94,488,933,745,173,63,713,583,605,470,474,133,271,476,912,628,1]
[0,638,501,6,320,121,671,454,833,1]
[0,253,41,905,394,683,152,776,110,749,18,878,332,582,599,763,810,1]
[0,139,898,980,1]
[0,1]
[0,1]
[0,1]
[0,1]
[0,1]
[0,1]
[0,1]
[0,1]
[0,820,425,137,397,780,89,189,306,1]
[0,911,1]
[0,1]
[0,1]
[0,1]
[0,1]
[0,1]
[0,1]
[0,1]
[0,1]
[0,123,1]
[0,1]
[0,1]
[0,1]
[0,830,389,174,1]
[0,563,16,893,569,1]
[0,313,307,1]
[0,595,742,457,400,84,21,872,78,608,698,1]
[0,740,280,495,904,636,1]
[0,411,990,1]
[0,1]
[0,50,316,155,407,510,442,256,346,68,219,19,217,642,768,142,725,284,1]
[0,405,1]
[0,164,689,690,370,1]
[0,594,376,757,420,518,1]
[0,1]
