10
503
68487
[0,343,908,866,117,579,313,764,191,87,209,535,49,200,869,469,106,979,324,468,980,573,536,601,482,142,403,986,27,263,279,481,693,998,227,195,949,733,923,606,585,306,569,990,738,1]
[0,691,174,881,235,725,170,314,368,828,90,865,589,92,884,152,299,466,20,917,349,239,352,15,596,229,684,739,699,366,595,267,791,572,928,109,780,1]
[0,443,50,494,405,69,762,965,84,94,836,360,818,137,387,850,63,445,304,576,168,746,240,977,116,172,33,374,627,37,669,260,301,425,456,794,213,999,683,408,625,660,130,1]
[0,29,208,82,165,337,651,378,362,72,995,262,127,419,11,203,737,453,98,159,148,987,878,687,956,206,910,527,776,275,847,449,831,348,510,136,126,612,994,268,320,927,778,311,265,785,433,205,1]
[0,607,245,722,540,10,35,253,558,21,641,934,296,96,150,180,713,981,711,788,924,280,295,759,411,708,944,583,700,202,892,216,261,799,744,462,1]
[0,852,784,782,873,989,327,36,440,131,288,533,893,967,702,771,394,298,592,833,201,486,524,748,100,73,992,485,749,497,550,34,65,8,435,228,417,837,959,237,17,41,146,1]
[0,976,937,194,760,187,250,113,993,242,416,640,292,234,97,796,964,899,177,912,800,185,662,668,834,933,756,942,650,517,757,904,104,85,582,153,505,475,101,820,634,436,970,1]
[0,496,581,864,125,812,102,215,666,255,42,309,643,32,129,745,75,599,181,565,639,647,164,842,632,677,171,40,493,376,832,312,474,891,422,854,175,710,826,365,238,688,398,638,231,630,271,1]
[0,772,369,91,377,845,45,3,929,859,897,765,307,210,712,774,363,383,108,537,331,895,507,321,157,652,472,798,145,1000,566,827,600,70,158,293,223,931,427,887,499,1]
[0,514,162,289,622,236,984,838,858,224,256,364,617,920,983,853,532,134,338,79,373,528,903,144,751,863,386,545,492,22,763,822,326,412,60,480,560,971,1]
