10
94
1422211
[0,1236,1982,449,944,3128,1625,1425,1038,489,252,89,172,1407,3364,682,2702,130,3585,513,798,614,2554,2552,728,1470,542,2078,87,2045,1145,70,136,2649,888,844,2315,354,3804,3887,829,3791,3388,771,2401,3562,1289,15,446,4234,3559,3281,3721,3911,962,1823,92,2999,2179,3301,10,1531,1675,2489,3133,532,1028,4894,4740,2340,1890,3198,1702,2313,292,2499,2007,4287,3065,1247,2491,4396,41,3687,954,690,4946,4145,1723,2708,2227,3678,670,21,512,3932,1406,757,2470,2219,2085,3289,4185,4966,904,3712,2730,221,511,3413,2647,4968,170,2345,4823,1231,1169,665,3957,3747,3186,1037,857,138,2144,1240,931,3512,1655,2796,1291,467,2899,337,634,2512,1951,42,646,1]
[0,2959,441,1885,571,2423,1720,2314,2952,530,347,985,398,506,1730,864,1833,2829,1336,2080,1473,696,573,456,145,1386,4045,1040,154,2748,2520,2027,2503,3199,481,2812,365,82,747,484,517,1252,1065,1075,782,1114,26,2570,4272,2037,3398,2788,2639,871,3620,1828,1857,3981,1630,2123,3146,1220,3742,1053,803,2169,1394,2072,2720,1272,589,2891,967,177,40,1514,180,105,661,1152,597,863,671,2279,986,2710,2451,3768,1429,3498,1049,2990,2998,594,913,580,7,1359,2058,507,1456,526,206,1175,1904,2030,1261,461,80,3738,2126,492,2860,608,3105,2416,174,1]
[0,3849,3602,2056,940,155,3070,4397,2832,4130,3566,2600,4642,3912,1597,253,2758,2458,2455,925,2916,997,1079,2932,3744,4573,4571,711,3149,4915,3349,3838,1342,4298,4606,774,2331,1418,1809,3182,899,1937,106,65,4557,616,1050,1182,1459,1882,1763,746,3745,1437,4688,1014,4126,2486,801,1346,63,4154,4629,4430,1912,642,2251,1195,817,673,1139,1450,104,2824,1812,3995,4342,350,4375,1233,1451,515,735,2381,3106,4522,2626,713,4801,1355,3978,204,4794,2093,4125,1798,1859,1813,1873,2449,4446,4737,1]
[0,1886,912,4008,4657,816,1403,569,4403,391,444,1987,4044,1188,1851,3285,2228,1829,1970,2582,4518,1930,3298,3035,879,951,2170,1843,139,3390,1660,357,2147,1938,4233,4902,4768,1903,465,2873,2676,3965,964,920,3051,2073,4911,1460,1361,1892,2641,12,1785,62,2225,2886,2413,560,2253,2063,2462,1031,2436,656,883,1627,825,1002,1936,2629,1212,4220,4002,1988,97,2127,2506,1773,2679,2490,2849,4216,3976,3810,4792,4664,567,2464,1]
[0,1541,1956,1248,900,479,1121,129,1100,898,4012,3268,3322,315,3238,767,93,2581,1860,827,1126,1445,2234,1910,793,1310,64,1707,34,1929,4404,1721,355,230,1922,1806,3488,2252,1446,448,2731,2939,1426,2332,1530,2021,1190,564,1440,1631,173,3724,1550,654,3538,197,3682,3296,1714,3255,4661,2389,878,400,1606,3164,1173,1509,379,3701,108,598,862,660,2444,2979,1259,1412,678,4464,4143,45,953,1292,3189,2517,1529,3107,2533,181,2453,1154,1448,2288,1902,2543,3894,3363,3230,4742,3610,4308,146,1168,81,498,1684,1027,1023,3457,3863,2376,3216,1157,4701,3286,1025,119,3917,686,283,3628,2856,3533,2659,3705,1102,3698,3113,267,556,1962,2321,1767,2131,833,847,1560,2383,1856,2247,4206,632,1771,132,47,1487,4034,3369,1127,718,1]
[0,153,2373,1484,778,2622,1210,1226,2277,1219,1680,112,615,439,575,1199,1715,1605,122,617,1968,297,422,412,312,1485,2624,2120,505,19,100,788,3134,29,784,779,2443,2733,445,111,3026,854,627,583,1654,1221,1562,2095,1264,262,165,1071,1106,1244,2851,1012,896,1447,1737,417,1123,2712,1500,1743,2238,2548,2067,1375,2040,3103,1735,3206,2986,2269,622,1350,1086,368,2033,1883,226,1584,182,1839,447,470,318,514,2159,1757,1940,1257,438,1230,761,2924,2213,1084,168,651,1458,1351,763,2524,2365,497,1253,1864,1884,212,800,61,276,1024,1155,411,1266,664,840,2723,3581,2032,704,3722,1722,39,942,2318,3015,3717,2115,2558,725,2837,2667,858,2201,3173,541,1307,3434,3040,3741,2740,249,1863,1183,408,984,681,1347,1765,2528,2964,869,2690,1442,1747,278,734,2910,1700,255,143,3265,2008,1]
[0,1973,950,1795,576,3055,127,2583,4577,1674,1960,4514,2322,1920,2414,520,1724,1369,3294,295,71,3176,2326,356,1115,2677,3125,2121,1235,3938,1712,4077,3024,1893,1068,930,3564,2798,211,839,4156,3827,124,4295,2870,1728,4540,4976,680,4535,4568,474,2842,2936,420,4868,599,46,835,3373,591,1528,131,4208,3068,20,343,698,462,2087,4443,4620,1777,1]
[0,4395,1507,1325,434,3397,205,3558,1983,4212,3028,3053,4523,581,4809,1579,191,785,1048,1366,2483,4264,4511,2914,202,3736,1085,1046,3329,4144,780,3167,729,2475,4542,1593,1164,3249,1520,625,67,4771,2549,1197,1135,214,2409,83,749,1144,3064,980,4666,3869,1961,1430,2613,694,3312,856,120,48,238,3649,1029,4553,3003,866,3878,2038,4400,2297,2770,4861,3550,848,1047,426,1818,1877,3227,948,1]
[0,1927,2826,3283,1457,876,2912,208,273,2317,425,802,3544,892,3749,2887,2573,2457,2615,689,2961,1177,2553,2580,4170,1811,2153,313,3048,637,2018,672,3661,1749,3815,85,4484,1282,351,3786,1265,1980,386,2338,4114,341,1224,2738,4010,2621,2695,1432,1205,3493,1538,1842,1371,792,1641,4091,432,51,4903,3881,2339,218,1262,4751,1595,2799,2118,3029,2330,2119,3137,3822,4273,4177,2088,529,1643,753,1489,1326,179,1239,4243,808,1091,277,2854,1158,1129,1156,367,257,1498,3235,546,222,2391,2487,1076,1081,1]
[0,4500,693,3241,810,3180,3010,2775,1427,824,2136,4323,1189,44,1338,2261,1620,3392,3776,69,3671,797,2764,4236,4378,1875,1717,16,185,719,1328,3495,1363,941,418,1624,612,3765,169,2239,955,2962,874,308,1845,4364,316,4707,1393,98,1479,2185,963,2769,1539,1070,3845,2960,943,2551,2508,3988,2584,317,1211,4624,3475,4434,3539,2361,3762,1821,889,1341,2380,4067,3382,2756,3089,4304,2993,905,945,1120,2599,1143,4575,2609,2818,1535,1646,3166,167,4483,1237,2633,1378,22,3033,1543,3802,468,604,486,2353,3418,4476,3191,3622,2255,3508,684,2226,2429,701,1670,1033,1952,396,3290,4574,3853,1090,433,1876,2909,521,3969,1692,1101,2250,4363,114,1163,2122,3910,1203,653,91,178,1]
