20
1357
71005
[0,623,975,323,131,778,626,530,810,981,708,389,707,883,814,133,494,775,49,372,490,111,388,43,804,368,392,208,980,356,488,944,878,630,288,84,235,812,1]
[0,826,370,846,922,690,475,510,198,338,918,137,747,96,873,829,729,702,263,735,169,498,1]
[0,850,682,536,712,542,740,978,474,597,24,124,482,467,695,556,903,275,71,876,554,856,156,267,465,94,995,492,298,261,295,1]
[0,943,533,401,930,344,946,610,884,462,420,398,119,996,538,178,384,585,744,673,400,755,495,728,463,662,451,171,416,432,1]
[0,116,228,129,387,741,926,766,471,417,668,834,27,484,923,396,513,559,863,573,677,409,895,715,438,617,1]
[0,843,187,243,491,977,772,881,479,108,380,366,444,309,571,213,896,994,587,274,212,100,265,985,341,969,613,89,154,820,953,925,776,557,196,714,1]
[0,908,880,857,902,22,336,252,608,629,472,606,899,1]
[0,285,754,641,222,289,718,250,446,665,553,888,529,65,579,576,307,478,973,180,851,130,612,191,78,73,6,95,339,512,249,971,919,278,739,453,188,1]
[0,979,618,247,524,685,355,936,621,68,791,993,660,220,303,588,66,753,415,988,202,643,672,352,1]
[0,340,31,165,107,887,817,143,909,306,206,634,527,562,560,679,818,34,110,150,591,966,574,48,572,237,455,968,640,938,385,675,782,898,906,555,103,148,1]
[0,56,860,578,913,872,830,632,568,620,468,193,838,552,431,407,854,381,141,698,433,176,717,439,967,616,330,211,1]
[0,185,92,216,166,961,114,102,29,26,550,42,940,404,151,736,831,575,837,824,115,511,300,745,149,798,907,650,528,646,4,322,74,132,986,36,647,756,609,1]
[0,720,136,245,545,874,723,501,67,738,558,332,704,749,312,710,346,311,890,345,434,391,299,219,622,965,378,390,117,325,796,924,751,342,226,700,205,956,62,615,358,505,181,1]
[0,118,14,816,461,768,10,774,586,376,324,314,569,383,194,256,69,667,58,44,246,269,517,97,657,801,541,292,402,687,240,570,764,109,248,905,927,1]
[0,691,51,287,99,458,195,489,72,399,64,645,203,811,839,429,86,808,464,197,201,33,50,706,83,254,2,1]
[0,795,377,443,601,57,364,789,670,412,853,865,507,282,447,1]
[0,765,373,914,164,427,847,773,442,534,551,93,333,316,807,347,972,260,493,153,408,55,210,142,674,313,868,21,374,257,382,594,904,697,375,172,424,60,581,19,983,678,371,12,421,637,783,693,858,1]
[0,297,724,255,948,732,217,45,305,1]
[0,430,155,296,152,955,625,125,82,624,950,280,733,419,122,917,112,962,218,604,611,85,813,566,937,281,799,509,928,106,1]
[0,933,61,354,80,120,301,394,748,326,1]
