100
8238
1352303
[0,3751,683,1812,860,681,520,4226,1448,2475,4324,346,4678,4964,661,4416,633,2533,1995,839,3862,3374,3851,4302,3207,1522,772,416,631,2061,2690,2417,778,2587,3124,3568,829,3433,3193,289,250,2978,1698,3880,1296,3096,2074,3893,1710,4172,4204,2619,4293,4286,2697,4615,767,3622,3459,4679,2796,4590,1576,3047,3103,4558,624,1742,1]
[0,1795,4109,3121,4111,3551,1175,691,1083,1225,1439,878,1575,431,837,728,1637,1700,341,671,2233,1023,1771,2542,4203,4344,2054,322,3669,1718,1560,997,1942,1108,2405,2856,682,4241,443,2654,1028,3325,1896,904,2866,3798,1520,315,2140,2047,3955,292,850,1445,1569,2683,4263,2236,2565,4479,3453,3341,2775,3482,672,269,673,1485,3234,2642,849,3873,1122,229,828,3440,639,1755,1970,1]
[0,3776,699,1971,195,3108,1665,4228,2203,5000,1129,2873,4638,4131,3167,4660,1877,2001,2544,4107,1290,4631,4485,3815,370,4254,3816,1773,2823,4501,4928,2227,1766,2943,426,2458,1502,3764,1910,4042,4742,895,3934,1468,471,4410,1531,4132,749,1]
[0,13,719,2261,3148,598,1909,2842,1052,2998,3277,2786,4646,2589,420,436,4781,3906,4451,4298,696,381,120,3326,3524,99,1536,2822,3869,1945,641,2504,3835,4583,726,4279,2430,4386,4073,591,4515,4528,1959,1452,256,1615,809,2918,3671,1482,1339,875,3356,3668,2214,2291,3378,4116,894,4316,421,255,1091,1093,1133,419,3094,1549,1898,3242,3743,4673,4607,1992,2832,3348,1745,1949,567,1863,2267,2245,1350,4134,2123,128,645,3125,2240,2378,4270,1]
[0,1293,3397,2220,1090,573,4539,3390,4178,729,913,1651,1800,2181,1533,4264,2885,4884,354,328,3105,4795,1518,1114,1539,2624,3253,4905,966,4381,1294,3317,993,225,2616,3606,365,4462,3020,312,155,917,3775,1229,4385,1044,2088,3589,3779,1930,2647,3529,375,1]
[0,79,1335,932,144,44,1336,586,2329,759,264,1786,3274,764,571,859,2682,511,2131,2084,1042,2553,2316,1990,112,509,2425,712,923,2018,1480,1674,380,2226,3344,2030,3723,1886,2691,1741,1917,3037,2921,1172,25,781,447,1561,2457,2108,1905,1009,634,1118,613,95,594,1865,1535,351,1412,1529,816,3930,863,1084,3564,3104,737,261,3238,1284,1895,1]
[0,166,96,1978,4363,873,2337,3120,4127,2938,3688,3846,2056,2904,2965,534,2899,1871,330,4489,1433,4347,4547,2711,3150,3137,266,4563,2129,597,4362,3650,751,3522,364,4576,2538,3533,3519,810,3099,3608,1]
[0,4307,3545,81,1168,2314,1552,1401,4774,48,3359,2124,4808,4191,2515,3026,1889,3823,4931,3268,300,4419,4585,1913,4004,1860,1809,2433,3090,4917,1]
[0,690,3704,3897,958,1610,889,1250,451,406,1530,1621,3510,1946,4814,2340,4342,1085,1208,3799,2693,454,1]
[0,453,2719,4546,3626,887,4048,1811,688,4908,1858,2257,2875,425,4540,2634,321,2673,2973,3882,1]
[0,3619,3271,1413,2136,1]
[0,1728,4449,1642,4312,2820,1723,3607,3749,608,1388,4080,3556,1488,928,1521,1145,2725,2632,2590,3233,3267,1142,1374,4336,2341,4648,331,302,4218,32,268,4055,3299,1846,2115,4480,4032,4488,4825,3013,2780,1331,1]
[0,2914,707,3442,4403,410,551,1544,4757,379,418,4947,2078,3224,211,2570,3298,4916,2482,4878,3831,1440,3412,3011,2323,1220,355,765,978,3211,2456,564,4049,4780,4460,1]
[0,2082,2638,4612,3639,4033,3945,513,1081,2909,3439,2561,3931,3672,735,3406,3944,747,262,3346,164,3738,2731,1160,622,3247,2882,3246,547,4471,4522,2509,316,2011,1264,3021,338,1515,374,1635,476,1966,242,2980,4019,5,1]
[0,2908,276,474,2162,1063,428,2190,56,1286,1726,823,720,2296,1824,2184,3492,1334,548,1235,2127,2626,1796,788,3699,1162,1051,1627,1613,258,3140,2446,3734,944,3786,1273,3769,1964,377,2720,3184,2850,3370,168,1096,1855,2795,1341,1969,761,1357,4170,1146,1151,785,4188,4297,4923,2939,1957,1695,2493,4910,651,1605,352,3800,359,675,599,972,4464,3466,1981,4557,4093,442,2438,2584,1340,2095,1693,3992,935,4389,2952,2107,1501,1540,4704,1414,1016,4043,4350,3758,4461,3142,3012,3541,1810,558,3067,1541,2700,2966,1588,1554,3041,1213,1682,3185,2209,1592,1508,2895,3006,3128,4445,1884,1013,1927,1663,2330,2353,1076,401,1397,2282,3310,3261,3952,4602,3377,404,4837,4182,4772,2222,3291,754,2232,1740,1477,1692,1203,507,4610,3155,1688,1467,603,1384,4252,664,716,493,2424,3288,891,921,1405,866,2480,794,1197,1271,119,1716,1194,2441,502,2255,235,125,1458,1443,3922,1461,1001,2645,4011,3737,3078,4641,175,2396,2116,2132,2946,2224,3547,2021,1936,243,2613,4395,2373,1851,1973,390,2499,2081,2356,1]
[0,647,1416,121,1304,1876,4205,2217,2863,97,58,3043,427,4618,260,72,1850,3410,2008,4261,3165,1775,1082,2496,514,4771,4425,845,1793,769,1272,1893,518,2290,4726,468,616,4153,3347,4345,220,265,450,2216,1387,2145,4719,864,101,3710,4793,3313,1833,4582,3531,2547,1888,2892,4643,1487,169,464,429,2068,3418,3297,3986,531,3320,4169,4273,1200,3663,3004,3278,3854,2703,1640,1217,2382,4432,1542,3403,1]
[0,314,2321,2772,1668,2006,742,412,1300,389,1963,4,629,2602,1415,70,2268,774,2062,1279,1177,171,2814,2436,1524,2976,2607,2489,1500,1323,1787,2951,1012,1841,2652,2249,1490,2831,1469,910,2024,590,1276,1816,2769,1214,249,522,2109,15,911,2867,2497,525,746,3746,1302,207,998,2811,4077,4295,403,580,865,4551,945,1030,1704,4874,4750,2213,179,3064,4570,3553,773,4265,2862,919,3158,2886,2523,4402,526,2741,104,4371,2308,4183,1406,1631,222,3933,4428,1191,2929,4028,3870,1980,400,368,1]
[0,4902,4473,4961,2735,105,2294,3255,3696,2037,4802,4694,3496,3181,2949,4068,3612,4862,4458,1356,4701,183,2513,2628,3322,1567,787,3895,1348,2704,1769,2526,1386,2881,632,4656,1342,4155,4662,689,1952,4733,1764,3756,1641,2630,1]
[0,2311,704,779,2963,711,2173,232,459,267,3405,1759,2003,1918,3718,501,1470,290,452,35,4002,2334,3319,1761,10,1408,2313,1080,2948,1199,2868,1976,1767,2747,987,2444,340,2839,3217,3430,982,1746,4611,517,3059,1471,3641,180,4932,3830,24,2534,646,3053,1906,3065,286,2093,1669,1974,1373,3095,3633,337,844,415,1587,4511,4500,1951,1937,1161,2064,1685,1109,1911,1]
[0,604,2142,4467,1578,1430,658,1600,4262,925,2852,254,1117,181,1694,3295,2540,1349,2369,4709,626,4929,1513,3049,1462,3814,65,2085,1131,3659,2773,4525,963,3178,3890,4145,1021,4031,2596,2388,4882,2727,2207,588,11,253,2172,3448,2484,4805,4328,3796,2631,4566,3866,325,2025,1]
[0,592,2636,3542,3647,3219,3369,554,3306,1940,4499,4653,3210,31,2934,1010,4472,4526,3573,3700,2546,3518,2288,3697,1345,1343,2710,3367,2058,480,3504,766,528,3811,2593,806,3213,1679,1138,881,3342,2903,1410,804,296,2614,4614,4939,1758,4231,1]
[0,1202,159,815,879,901,927,2354,1580,2205,277,435,173,2020,193,2234,539,813,313,1018,994,1633,45,215,186,248,3732,83,2022,53,2681,1100,1308,55,1]
[0,1495,1920,1025,4439,909,154,3022,1055,2293,2597,3166,587,1684,1803,884,230,4066,3019,130,26,2759,372,1730,1961,4438,2175,320,2360,2692,1603,943,519,593,1514,1]
[0,1982,862,2032,3681,1369,3352,3380,3810,4012,2734,3847,1184,1646,3490,124,2500,2332,3889,3920,2688,4682,2833,1]
[0,1]
[0,1]
[0,1]
[0,345,1]
[0,1]
[0,1]
[0,2576,1]
[0,1]
[0,1190,3182,2079,1589,2434,2273,1064,1077,1466,317,2816,151,1987,2050,1595,734,1054,1583,1031,595,1315,3054,1699,1891,1265,1382,2836,656,470,90,54,361,1912,1375,1008,536,2492,991,1525,1420,877,882,1204,1602,1724,2182,378,1333,2394,890,3110,2656,2588,1283,1]
[0,2644,2367,2753,94,4536,2598,3824,780,4619,1654,350,3878,1678,3315,4380,4082,4981,3713,4907,2156,4554,2448,3419,2241,3595,4553,4448,3023,4836,970,1807,2599,82,4773,694,3747,2573,489,1618,3985,2118,523,2738,1381,1434,1183,1311,3487,2592,1298,1]
[0,1979,3942,413,1932,2361,1972,886,2468,3838,2189,1453,4705,3648,2135,3621,3456,1291,2231,3949,46,84,1451,2256,1201,565,897,3477,808,1355,366,185,538,1780,4332,1604,4741,2101,2635,1696,1464,946,3032,763,4101,4422,4531,1]
[0,4390,487,484,852,4984,2097,1174,2420,467,1511,2400,149,3586,1297,339,3280,566,3001,1247,3594,968,4494,1365,3282,3133,3394,2662,3361,1921,1027,2793,1071,1492,4282,2898,625,1929,824,4942,2846,213,92,1149,1053,4133,709,2328,3552,3465,2779,4626,2381,2568,623,1993,1460,177,3652,3329,1857,930,4424,2432,3273,4163,2648,3712,1]
[0,1282,495,2225,2055,2581,984,2372,4769,4867,1128,4224,635,3363,1892,3569,3938,1036,686,342,3225,2543,3111,3443,3209,515,657,1517,541,2510,2221,2254,938,1236,4217,4275,76,4820,3220,3183,240,4959,2069,1645,30,1861,17,1391,42,975,485,4369,2712,1436,612,1505,899,1551,199,915,4548,1]
[0,2168,1299,4620,3719,2072,1155,1278,2750,3817,2098,1316,954,2253,3961,2096,3457,545,4635,233,1361,1697,3679,3501,4120,1919,674,3761,1725,113,3190,488,100,575,1839,827,143,967,2555,1438,4807,145,2857,2,3998,271,259,2554,1601,4564,2474,3160,3625,252,1]
[0,636,684,2505,4185,3424,444,1776,3850,1198,805,3833,1095,3670,4512,3637,3212,1038,60,521,71,3138,4833,3570,1251,1680,2954,3301,2558,3996,367,2894,3404,2696,1748,2503,2677,3489,3411,2199,1188,2048,3970,2292,4330,880,1648,1757,2684,2049,4219,2104,3627,2105,1421,3839,3127,3603,3745,2134,327,3981,3752,3401,2603,1]
[0,974,2969,642,4470,2736,1904,1367,2450,1941,4647,3163,2958,695,3431,3351,311,3432,1189,283,950,4035,275,3093,127,2802,2158,246,1223,4581,2539,3467,445,4098,4844,2395,3281,3532,2551,163,1527,679,1814,281,2015,2248,506,2461,446,1983,1148,3068,3010,20,1402,3027,1570,948,1165,1712,1782,986,2366,1785,1612,1630,3426,2164,596,4877,4715,2350,1885,2694,1]
[0,1]
[0,1]
[0,134,1853,1354,768,1289,190,1245,4987,2086,3446,481,2667,2742,369,3387,228,4477,842,263,363,2525,4498,2297,4113,498,819,1360,2419,1135,892,2524,855,3308,979,332,1]
[0,2827,1729,1269,4625,4142,1003,2995,2080,3881,434,409,4671,64,714,918,3362,2148,1351,1392,756,2091,1407,738,2125,905,1]
[0,1]
[0,3766,1227,3972,1591,437,1953,28,3500,4248,3499,3483,3506,1043,3008,2733,2215,1762,1553,708,1]
[0,3724,4121,4304,59,3634,1677,870,1422,4128,67,939,423,2979,4579,1394,146,2901,4372,3141,1916,2035,172,4017,1301,1823,3903,3201,2849,1687,1426,4306,3260,1270,2937,1207,3042,3534,1]
[0,3690,2637,2825,570,942,2926,3616,1238,3904,2782,1572,4533,4982,206,417,4112,318,1835,1497,1032,2605,4831,503,1994,18,3726,3202,1744,3755,722,349,1]
[0,1]
[0,1]
[0,1]
[0,1]
[0,1]
[0,1]
[0,1]
[0,1]
[0,1]
[0,1]
[0,1]
[0,1]
[0,2687,3879,1167,678,833,3241,3132,2902,4208,3604,294,1338,3632,3156,775,1101,7,457,985,2582,3200,3429,3232,1818,1960,78,2754,4105,955,1]
[0,1047,1852,4429,2718,2171,150,1447,4050,1303,1456,4212,4333,1320,2374,3069,542,715,3408,4675,1442,2287,2714,1212,2251,4999,3085,1656,335,841,3620,463,165,1383,460,1]
[0,1]
[0,1]
[0,1]
[0,1]
[0,1]
[0,1]
[0,1926,4713,2623,1880,4593,203,2121,4202,4609,1050,3196,4206,912,4779,3503,2180,1219,2621,903,1977,1152,723,2800,1]
[0,3323,1121,91,1874,3415,1590,295,4171,1772,1069,1385,2028,4089,730,611,655,3266,4240,1232,4792,1359,916,2744,1313,1472,2985,4629,3657,872,1750,3727,77,3498,3476,1894,1260,1425,2485,1134,4283,1]
[0,1230,2627,3643,1862,637,3422,1582,4636,1164,2641,1537,160,2585,733,3894,3029,2876,914,677,4339,3358,3154,33,533,3484,745,1938,1831,2670,2925,4518,2342,755,462,2609,3070,2243,4934,4377,2651,2545,3044,3631,3520,3075,758,1843,2487,1020,609,3080,1]
[0,499,2202,920,3194,3328,3629,1507,2680,1875,757,782,1550,1123,3618,3651,508,1825,1169,605,2210,799,619,1732,843,2498,1743,2799,1626,3662,3318,2728,3899,4343,2893,2841,1]
[0,1556,822,3526,3416,4215,2861,1449,1660,4698,2238,6,667,1125,2443,1061,2981,3123,3615,4034,4624,2416,1329,3968,4976,4634,3819,2206,89,2026,692,2664,1]
[0,949,743,4509,3887,1431,3375,2117,649,2138,4746,2166,1205,1450,3463,4543,2826,3900,4960,1820,382,1623,2462,280,1510,3957,2740,1647,4190,2992,4359,1295,3092,2237,3911,2556,394,1104,3760,1]
[0,4529,307,4640,4099,557,853,4214,3402,1103,607,309,885,2928,4881,1614,1]
[0,1848,532,1557,4396,2566,1836,1856,2972,1826,358,4699,2915,740,1141,1719,2537,3801,1049,234,52,3535,343,494,818,1815,2170,297,3936,4459,1]
[0,1173,4965,2486,218,1584,4106,3017,4596,4628,3333,4271,3454,1934,411,3179,152,838,408,4256,4621,4384,1310,440,4562,1233,4502,2794,1922,2266,3046,3571,4005,1731,1399,2399,1622,3590,2557,668,1774,1252,2407,86,3381,3447,3324,1344,3962,192,1]
[0,1403,670,3353,4504,1254,1713,439,1791,2137,3079,23,1683,750,4827,4855,577,2936,3818,581,1608,724,1925,2318,3198,2752,212,73,2463,3941,2739,2260,977,3031,4892,115,319,685,2884,16,3275,874,867,4406,3007,4309,2708,4974,2770,4930,1]
[0,4946,2351,2385,4391,1715,4627,1]
[0,902,2223,1192,1534,2102,1739,1915,858,3228,3000,4367,1]
[0,4885,2401,8,820,4785,2808,3081,4493,1242,466,491,933,556,4761,4195,2077,4331,3144,1005,654,922,4186,2860,4087,1322,1441,1954,4549,789,2326,1628,3829,4200,1879,3305,1178,4483,4022,1559,1181,871,3963,4222,1]
[0,4046,40,3558,2532,1463,4250,527,3649,108,1210,209,182,4487,3039,1509,2730,4482,1427,3003,665,3205,3215,1596,3511,4374,3073,1]
[0,472,219,700,200,1792,2247,1632,1067,563,1609,2053,2155,615,1478,2655,167,1484,241,3502,1]
[0,3901,2029,3309,2331,1156,2548,131,3505,1]
[0,2672,1789,4775,3018,653,9,2801,1948,3694,1555,34,3729,217,4560,830,4508,3555,2732,2349,3965,3711,2445,2392,1]
[0,1923,1116,1]
[0,1705,2483,3997,2150,1528,2707,669,4156,399,3264,2160,544,2506,1625,529,291,3543,4573,4978,2583,3805,3916,2905,407,3914,1285,1675,1]
[0,1237,3034,3441,2075,1075,3736,3956,4026,4291,4081,1154,2295,3593,1777,88,3300,1455,4095,3115,2375,1901,4753,1]
[0,1]
[0,1]
[0,1]
[0,4789,1]
[0,1]
[0,2471,2508,1711,66,2404,3867,2890,1]
[0,1058,61,3259,2192,3861,1790,1986,50,118,1364,4887,869,247,3452,3161,2812,3523,3748,4859,2019,1]
[0,4637,303,4245,4852,3251,478,2870,2521,3990,3414,1332,4868,3028,2571,1]
[0,1112,2324,2821,1562,3515,4037,4288,1]
[0,3826,3159,2519,614,783,123,1011,2265,3186,3091,1319,2661,2830,3421,1]
[0,4057,4973,2270,1366,540,4853,383,1]
[0,1]
