50
4380
19910
[0,210,401,74,383,368,220,356,490,86,333,36,42,295,325,396,171,428,377,477,132,175,43,239,300,178,329,355,443,313,160,385,75,339,1]
[0,363,68,407,206,14,487,144,167,317,445,173,149,108,373,189,17,406,188,107,291,88,236,179,359,1]
[0,456,307,163,338,352,467,323,212,76,126,192,465,390,92,170,105,118,327,322,24,162,84,1]
[0,494,365,318,472,1]
[0,488,486,207,222,253,475,302,319,399,384,409,133,1]
[0,181,334,298,342,351,109,417,464,436,193,441,462,70,250,321,98,140,1]
[0,123,337,165,180,57,27,273,1]
[0,29,269,270,497,262,1]
[0,500,361,397,391,15,95,346,374,341,1]
[0,200,110,260,393,138,362,7,469,489,411,196,87,31,425,293,453,1]
[0,203,364,19,4,213,284,267,376,228,249,85,211,357,241,230,389,214,72,5,194,482,493,26,1]
[0,455,420,46,158,276,331,176,312,199,218,204,190,155,479,1]
[0,372,30,238,395,157,6,1]
[0,296,499,426,62,172,447,402,52,168,121,237,310,185,223,454,67,328,71,471,345,215,1]
[0,187,415,275,77,153,495,400,183,21,154,33,209,198,55,1]
[0,48,277,440,306,371,116,1]
[0,324,315,257,104,34,205,11,224,151,446,463,414,311,251,297,23,261,343,424,1]
[0,137,460,294,225,100,437,106,288,226,285,348,56,254,403,47,1]
[0,458,369,283,303,265,434,299,174,461,64,444,169,233,78,451,216,38,197,1]
[0,136,332,134,435,201,219,82,35,439,129,292,8,412,232,438,350,235,459,1]
[0,405,13,421,147,128,375,255,336,290,81,79,146,41,498,59,1]
[0,16,309,125,39,51,468,473,316,234,245,120,103,308,122,259,208,1]
[0,289,124,156,474,243,20,61,432,135,145,111,53,94,379,1]
[0,115,73,152,50,274,97,360,139,282,143,266,492,37,1]
[0,99,394,182,240,466,304,195,326,367,496,247,347,1]
[0,278,431,22,386,448,63,433,49,279,271,1]
[0,148,217,166,119,1]
[0,9,484,286,114,161,398,481,1]
[0,491,413,164,268,150,159,130,28,1]
[0,442,335,452,418,18,191,263,1]
[0,470,410,427,430,419,60,12,1]
[0,423,58,380,388,256,478,32,113,387,1]
[0,101,93,272,340,40,91,1]
[0,83,408,229,25,252,246,1]
[0,354,80,264,184,248,382,1]
[0,90,3,142,358,344,404,1]
[0,231,353,450,416,476,429,1]
[0,370,392,485,378,366,89,1]
[0,501,141,2,314,177,1]
[0,45,69,422,281,457,1]
[0,244,10,65,96,1]
[0,320,287,280,1]
[0,349,301,102,1]
[0,305,330,1]
[0,483,1]
[0,54,242,1]
[0,117,202,112,1]
[0,381,480,1]
[0,44,66,1]
[0,186,127,1]
