20
725
246162
[0,27,1240,732,106,498,17,1507,815,620,1294,293,1306,850,400,1560,271,370,1357,1941,413,871,262,102,953,1521,1506,377,35,893,1384,146,348,1778,1878,1248,764,1971,1648,1352,907,1830,70,1149,911,241,564,1497,1658,1295,661,614,1006,1074,1563,1665,1671,775,1769,110,798,682,591,1613,937,1257,1039,174,1956,408,919,439,1743,1965,144,181,320,578,662,1253,1292,367,390,1]
[0,312,523,918,1183,526,1827,1584,521,463,1645,39,1843,1045,344,1905,884,1389,516,636,1994,975,311,1073,60,1610,1046,284,1505,1395,1342,1224,1113,1687,1542,480,814,235,1839,1500,411,1345,1119,215,277,318,1831,273,642,1321,812,34,1604,122,1227,1455,1192,938,372,1512,1185,1920,397,166,1003,454,6,191,398,495,1018,818,1858,1962,422,739,1535,1429,982,800,543,1014,1796,1]
[0,833,1259,545,630,203,131,142,1921,886,915,56,733,392,791,1001,168,1701,1977,1654,1617,213,861,287,466,98,1116,1720,57,922,794,649,735,618,1931,286,1341,1541,1691,1232,201,1508,560,1552,729,258,579,97,1987,506,935,1758,295,1989,292,419,444,819,511,1852,211,5,632,84,967,491,281,428,993,154,1848,601,225,766,360,1069,1]
[0,1734,1465,1616,1790,1966,8,283,402,1017,1376,626,740,184,92,1418,113,226,978,719,559,356,1549,973,1579,321,500,1024,1299,1680,1029,712,1382,1673,109,135,1150,726,762,373,1090,1983,80,1491,1655,547,107,279,115,1462,470,255,1121,453,1331,156,54,1991,1258,722,424,940,1400,647,365,20,508,24,1099,1517,680,887,133,1424,300,357,1738,457,610,124,482,294,957,274,1]
[0,900,1134,1414,1555,1860,267,4,1877,23,1480,826,1993,1087,1445,1023,1870,958,199,703,1409,1128,1005,243,1064,248,83,742,1428,74,1078,379,1742,216,1433,1187,605,1098,1132,1612,969,1020,745,575,1567,1833,1982,101,738,981,1361,362,774,709,1084,617,499,755,187,50,1974,100,464,30,602,137,1377,1199,1678,446,1]
[0,182,475,1442,1785,510,331,1287,1383,1364,1909,841,1470,252,209,1635,490,337,1642,1897,1290,1453,702,1644,1437,16,1182,1225,1336,686,1317,1721,1576,679,1407,416,1741,1474,309,810,55,414,1236,1913,82,731,556,1593,26,1772,1122,1274,1664,1932,1430,1123,897,375,99,1600,867,854,558,487,1509,1516,336,1938,675,1]
[0,1301,621,1092,635,534,1812,954,1247,1846,163,1901,968,1650,1561,1206,105,202,221,232,527,544,233,278,689,427,896,108,1947,1034,1117,801,1588,1523,891,223,222,1358,1438,876,1405,751,1066,441,180,625,178,52,581,192,116,465,1289,322,1260,646,298,600,256,1328,1666,1669,681,1]
[0,1323,1065,412,1504,927,1889,1973,541,830,839,317,381,42,1739,913,1380,352,1907,793,1055,502,609,1127,796,1643,849,194,263,929,711,204,674,185,217,1144,32,1917,1115,432,987,1010,1454,1326,772,236,902,253,132,1803,1859,1689,1915,1217,18,361,947,631,11,664,809,1942,1611,1582,1]
[0,1201,276,268,695,376,1444,1716,666,1101,1366,1355,342,1269,1279,505,1106,175,748,409,1562,1275,715,767,988,701,1037,1163,804,1501,388,522,15,1868,1209,1872,247,1949,597,1365,1550,1471,1214,1873,1126,1492,821,852,147,1881,1035,1252,1408,750,403,1398,1410,881,952,368,1]
[0,1427,1344,288,306,38,36,925,1479,1786,1191,596,1369,1615,363,553,1672,895,345,1349,1313,699,2001,1820,128,1316,629,29,1151,941,218,568,66,285,705,1951,472,1283,389,1264,577,467,838,2,68,1538,1540,657,820,1120,1608,942,721,1985,1572,1088,1156,628,28,473,445,1]
[0,196,1960,21,119,1338,1030,1104,921,503,697,1081,1255,7,1167,836,1277,885,1441,857,315,1013,1979,1794,606,1717,894,1592,301,346,1713,763,1415,536,1980,1900,1961,1596,979,1043,934,566,251,1179,1054,1482,89,289,1112,1067,1071,1802,1131,94,1356,989,1070,858,91,1213,335,1077,1]
[0,1813,1493,717,1488,1212,718,1874,1239,1685,580,888,1937,1570,240,1162,347,1051,1220,1026,1530,633,1057,338,1559,183,513,1554,1677,844,61,1107,515,150,37,207,1945,1565,1457,700,51,481,1085,1254,1124,238,434,555,330,1256,752,797,1735,504,1]
[0,41,933,117,1459,1494,1363,1695,171,1266,676,965,1463,616,1009,22,656,758,693,1028,224,1747,2000,1272,683,638,765,785,374,1817,1343,459,1049,1662,111,478,302,1440,1464,1436,743,847,1851,1564,1448,1883,96,998,1226,1190,313,1423,1]
[0,152,1996,9,148,1770,507,519,1079,1439,186,1486,396,1928,58,1503,123,468,447,1969,1097,1712,435,172,517,724,1158,1372,270,707,1723,1581,164,297,864,384,1063,1904,494,753,1821,1933,1303,1623,423,1939,1737,149,1496,1130,1286,1531,928,746,673,72,1619,1]
[0,1091,272,1446,1520,59,734,1334,688,1478,1626,469,1203,1083,418,431,1862,492,87,497,829,1929,1293,254,1774,242,1580,634,104,1152,81,33,1125,1746,1809,382,269,518,923,824,1954,1452,889,1591,1764,1042,1622,359,1109,613,170,1]
[0,1628,351,349,355,1631,1686,832,1062,986,539,1222,43,530,917,1114,1161,1171,779,737,1154,325,906,872,1425,1176,1676,1879,1422,127,1245,1475,1636,47,260,552,1690,501,45,340,1411,727,371,1094,1808,696,904,756,828,1196,1]
[0,644,206,848,167,1699,585,1033,619,1458,1765,1174,1727,665,956,1218,1502,569,1340,429,386,837,1784,282,946,650,1698,514,1693,212,1768,1679,1548,873,73,604,1537,219,198,1280,1663,799,1776,781,1528,366,333,1022,1958,548,1396,1]
[0,1007,562,669,944,383,1829,493,141,486,350,1233,870,792,1556,1412,1312,905,308,387,401,328,1204,378,1300,1143,623,496,1927,1836,420,1219,1706,1791,1704,324,1093,456,145,153,1601,1514,882,1918,461,1052,586,1249,1]
[0,1048,305,437,1620,546,1139,1670,1681,489,931,1145,984,563,138,1469,1586,405,1308,1518,1080,1251,1649,966,1888,1244,865,651,1262,95,1195,853,1387,438,1760,75,259,1632,1337,451,130,246,1756,1]
[0,1278,1298,13,1527,1797,855,677,1598,488,561,1810,570,1553,1910,369,943,1108,421,339,1578,476,1228,1172,1967,1595,261,417,323,1853,1058,1221,314,1246,962,77,538,1726,1834,678,540,1]
