100
8815
83742
[0,199,267,77,552,128,789,296,523,767,565,728,568,793,108,585,638,501,862,6,320,977,263,95,489,286,1]
[0,382,963,135,463,716,661,483,838,823,946,471,906,87,598,570,665,426,1]
[0,287,393,857,462,20,107,405,195,697,1001,118,633,962,971,915,442,256,346,364,68,398,429,219,19,217,642,521,996,768,223,169,249,58,189,555,803,374,755,446,424,573,306,758,662,741,102,725,284,336,456,875,965,196,1]
[0,39,509,791,799,226,829,143,626,506,924,438,891,534,190,620,144,164,280,756,673,498,543,265,434,734,978,130,679,505,262,92,115,866,693,378,729,936,773,136,414,664,432,14,26,881,849,69,387,64,366,531,274,354,420,650,518,1]
[0,694,391,579,74,253,41,148,967,588,606,931,821,198,542,969,129,839,968,705,268,999,629,269,604,372,951,206,886,467,103,245,602,684,549,884,1]
[0,202,171,451,453,761,62,777,105,576,67,753,359,621,122,251,666,700,264,1]
[0,400,84,630,21,247,1]
[0,703,469,138,277,788,722,1]
[0,478,194,632,625,272,300,1]
[0,56,575,309,151,283,458,562,772,90,680,927,188,440,841,519,153,417,48,657,822,917,85,597,186,564,908,718,800,770,334,848,119,449,698,150,1]
[0,116,43,655,91,402,379,828,457,181,749,898,208,781,18,878,332,667,911,582,783,599,763,810,1]
[0,357,1]
[0,899,736,421,338,363,166,1]
[0,855,757,1]
[0,832,596,411,990,406,360,550,55,796,50,316,155,1]
[0,825,1]
[0,615,163,852,331,204,738,557,634,343,645,8,929,942,641,367,61,561,545,392,844,386,671,454,833,179,475,970,308,314,22,111,1]
[0,957,371,282,876,60,94,709,297,863,466,27,735,376,1]
[0,407,730,233,390,869,577,613,49,232,991,298,324,142,104,584,526,154,811,611,547,514,1]
[0,792,984,35,622,754,30,361,721,47,66,132,610,956,2,609,809,290,973,401,750,743,51,835,589,412,928,388,771,327,865,201,395,747,548,702,1]
[0,63,687,713,583,470,966,507,455,872,912,441,399,846,1]
[0,32,502,216,315,656,341,465,152,819,719,110,864,980,516,682,477,121,237,926,850,112,614,674,16,57,1]
[0,117,141,845,25,375,539,587,36,581,586,986,241,193,1]
[0,176,474,1]
[0,752,243,40,100,1]
[0,178,44,448,681,817,647,222,275,302,473,631,640,323,627,326,83,490,805,238,727,525,1]
[0,595,732,351,715,1]
[0,831,1]
[0,888,461,1]
[0,834,707,235,495,431,688,824,861,560,904,636,696,524,246,710,952,1]
[0,739,922,81,459,668,227,239,381,17,903,660,42,380,624,785,751,643,187,827,1]
[0,220,798,837,905,394,683,940,934,404,953,422,1]
[0,294,1]
[0,236,779,78,71,184,1]
[0,695,499,1]
[0,672,415,337,742,444,921,145,292,895,445,981,1]
[0,348,605,601,271,1]
[0,874,260,563,932,276,992,1]
[0,746,801,423,496,183,146,452,914,574,161,689,690,318,261,890,652,345,1]
[0,383,114,708,765,311,408,45,711,285,340,76,954,612,769,916,413,160,192,1]
[0,677,740,167,532,910,234,299,358,322,28,355,157,335,410,778,714,1]
[0,724,744,511,307,385,1]
[0,737,304,541,191,608,1]
[0,273,101,254,472,840,870,802,409,860,225,983,321,943,760,720,159,816,945,836,177,389,248,293,1]
[0,820,259,887,691,566,134,325,425,288,137,37,11,500,976,558,520,303,4,706,486,1]
[0,369,1]
[0,240,939,1]
[0,139,879,528,794,244,807,958,998,941,418,592,733,344,127,291,503,663,53,1]
[0,377,944,73,209,712,365,482,938,23,522,784,279,1]
[0,909,512,949,396,257,1]
[0,125,1]
[0,162,99,764,7,527,96,964,782,871,975,197,1]
[0,149,468,218,594,270,1]
[0,435,1]
[0,175,578,717,5,450,1]
[0,109,987,925,140,1]
[0,147,913,29,982,75,31,1]
[0,804,59,902,933,54,745,173,997,339,126,12,658,1]
[0,170,766,305,607,156,266,168,537,972,1000,616,492,1]
[0,806,504,180,675,172,889,1]
[0,818,882,790,867,3,255,930,994,350,356,46,1]
[0,795,814,200,250,529,780,89,701,224,900,637,843,950,10,214,536,1]
[0,775,955,892,559,312,774,428,13,873,535,894,676,182,403,165,556,704,723,493,569,1]
[0,868,185,443,731,416,333,686,508,174,319,1]
[0,510,947,858,918,856,1]
[0,93,853,52,885,487,960,988,919,1]
[0,479,538,15,313,213,654,826,685,617,553,353,433,1]
[0,484,517,310,464,124,880,877,847,72,812,797,649,480,24,252,948,1]
[0,546,65,210,678,98,646,883,593,1]
[0,79,515,762,211,281,995,540,228,329,278,258,1]
[0,207,896,699,659,494,9,985,123,1]
[0,961,447,205,935,897,830,1]
[0,979,352,907,1]
[0,436,70,1]
[0,993,591,959,813,229,113,133,476,628,1]
[0,481,590,923,158,937,131,726,618,1]
[0,815,231,854,497,347,544,533,427,651,1]
[0,38,301,488,120,289,317,920,901,1]
[0,430,572,859,623,419,786,530,1]
[0,600,485,639,513,80,384,368,1]
[0,34,842,603,759,635,370,373,1]
[0,776,212,1]
[0,242,670,619,328,330,1]
[0,362,82,397,571,1]
[0,349,230,644,1]
[0,86,974,551,1]
[0,215,88,554,1]
[0,653,33,437,342,1]
[0,439,567,989,1]
[0,295,748,787,1]
[0,669,106,1]
[0,808,1]
[0,851,460,1]
[0,491,893,1]
[0,203,1]
[0,221,1]
[0,692,1]
[0,97,1]
[0,580,1]
[0,1]
