20
1142
66352
[0,765,373,914,164,427,847,773,442,534,551,93,333,316,807,347,972,260,493,153,408,55,210,142,674,313,441,576,307,478,973,180,851,130,612,191,78,73,495,755,75,266,175,448,304,650,528,646,4,322,74,132,986,36,647,676,756,609,1]
[0,118,14,816,461,859,768,835,10,774,456,18,324,314,30,569,383,194,652,987,562,560,679,814,133,110,150,669,450,410,365,230,795,63,377,5,443,601,57,364,789,670,412,853,865,721,507,282,447,1]
[0,843,187,243,724,255,948,214,360,887,45,53,283,947,479,108,950,280,380,733,124,419,122,482,467,335,917,112,962,275,71,912,219,7,622,965,378,390,117,325,796,924,751,342,226,700,205,956,62,615,358,505,181,726,1]
[0,933,691,51,287,99,458,61,195,354,489,177,72,399,64,499,645,120,203,666,301,394,811,748,326,839,429,86,808,464,197,201,787,33,50,706,882,806,167,549,98,2,1]
[0,185,92,661,216,166,961,114,952,102,242,872,830,632,568,386,620,468,193,220,303,588,684,66,144,753,28,238,415,855,697,375,172,535,424,60,581,19,983,678,371,12,421,637,783,693,858,1]
[0,623,975,323,131,778,626,376,530,810,981,708,389,256,707,883,69,183,58,44,246,372,490,111,388,43,804,368,392,157,541,292,402,687,240,570,764,234,290,409,109,248,905,35,617,1]
[0,430,631,136,155,296,152,712,542,955,625,978,125,82,624,597,24,366,444,309,571,213,896,994,587,274,212,100,265,985,341,85,813,566,937,281,16,799,509,928,106,414,272,1]
[0,979,618,247,11,763,524,685,355,936,621,644,68,550,42,940,221,993,232,821,868,864,552,431,407,854,381,141,698,734,433,176,717,439,967,616,330,211,1]
[0,500,340,277,31,165,107,732,217,817,143,909,306,174,206,634,970,595,805,818,34,591,966,619,8,362,22,163,336,356,488,944,878,630,288,84,235,812,1]
[0,720,245,545,874,723,501,67,738,558,332,704,749,312,710,46,695,327,25,397,218,604,477,611,539,866,702,263,460,518,906,91,555,103,148,1]
[0,285,754,641,222,289,718,910,250,446,665,553,88,888,538,575,837,991,259,824,115,454,511,300,745,149,798,989,907,186,919,278,739,453,188,1]
[0,56,860,578,913,508,90,497,228,129,920,387,741,926,766,471,417,668,834,892,27,484,923,657,801,396,513,559,863,573,140,643,563,352,1]
[0,850,682,536,885,767,139,727,719,514,179,123,311,890,345,434,334,786,423,38,856,671,725,519,349,849,925,776,557,196,714,1]
[0,826,297,422,846,922,690,475,510,709,184,198,338,918,137,747,96,351,963,968,640,938,385,284,705,20,472,606,899,40,900,1]
[0,943,533,401,930,344,946,610,884,462,420,398,119,996,178,384,585,744,673,627,400,6,95,339,639,526,451,171,469,416,432,1]
[0,251,990,264,546,949,696,29,26,47,404,838,660,21,374,750,257,147,382,594,426,628,393,662,607,935,561,1]
[0,862,436,752,772,701,881,474,845,457,473,556,903,23,391,299,554,984,156,267,465,154,94,995,492,298,261,295,1]
[0,929,901,487,39,598,951,836,305,127,361,737,582,192,328,48,359,523,761,252,781,608,629,544,445,1]
[0,116,357,520,231,113,823,496,958,515,159,663,857,567,485,49,902,244,731,208,980,656,785,343,506,759,1]
[0,224,893,982,223,589,481,911,291,480,974,146,577,636,437,848,904,897,790,202,101,672,138,927,1]
