20
1502
18178
[0,174,155,442,440,178,474,351,248,67,324,76,21,282,251,62,253,359,279,19,223,7,231,320,396,31,190,487,268,71,389,335,219,375,255,146,424,1]
[0,56,458,323,22,191,232,203,243,100,73,393,106,449,214,476,297,123,426,149,99,484,194,64,486,310,252,52,245,308,84,218,141,314,72,1]
[0,235,352,184,327,452,362,344,480,482,210,242,246,269,182,201,128,429,394,342,82,312,417,326,317,287,1]
[0,91,329,433,4,14,367,247,343,436,121,96,20,353,226,94,349,167,300,40,404,209,266,166,205,285,55,1]
[0,93,298,153,462,27,500,126,274,337,250,224,122,435,136,47,387,169,221,453,36,199,215,447,78,17,83,1]
[0,228,316,407,254,437,489,172,79,206,286,304,114,134,50,161,495,339,438,97,227,35,456,105,369,41,284,1]
[0,118,69,229,378,302,373,299,264,497,39,470,125,237,331,289,23,499,129,276,102,439,427,196,77,468,415,1]
[0,187,321,260,448,381,281,197,200,170,347,171,479,399,44,441,163,48,57,107,176,361,2,30,1]
[0,322,261,202,37,222,408,477,15,25,51,179,198,333,29,33,390,392,478,192,90,1]
[0,89,175,236,10,159,345,469,492,75,494,391,137,290,501,225,430,356,388,177,132,1]
[0,377,338,272,133,240,464,85,150,230,11,364,451,26,463,98,459,144,130,360,6,1]
[0,143,158,419,444,157,45,173,319,180,401,341,181,8,262,120,239,410,1]
[0,60,68,256,366,140,13,385,306,498,303,259,380,189,411,3,467,87,288,1]
[0,365,109,185,46,311,188,164,336,386,332,58,413,63,168,119,1]
[0,374,216,383,445,348,108,43,267,465,101,112,330,283,293,432,220,307,313,1]
[0,86,301,425,160,372,24,277,9,379,363,38,103,454,450,92,263,233,195,1]
[0,49,370,151,154,145,402,61,291,357,409,493,461,1]
[0,127,104,111,315,59,183,138,148,295,1]
[0,212,142,471,234,406,382,309,116,70,117,305,1]
[0,428,384,249,466,193,258,28,275,207,1]
