100
9867
4438
[0,59,47,31,61,1]
[0,8,64,6,71,11,1]
[0,94,56,38,95,39,44,33,1]
[0,79,90,43,65,1]
[0,34,69,20,85,89,52,98,29,1]
[0,25,48,1]
[0,58,46,35,80,1]
[0,68,1]
[0,55,50,1]
[0,28,1]
[0,37,22,72,1]
[0,82,5,1]
[0,27,1]
[0,19,1]
[0,23,91,73,1]
[0,36,66,87,18,70,1]
[0,12,1]
[0,92,9,17,1]
[0,13,7,1]
[0,84,2,1]
[0,24,86,81,1]
[0,16,96,1]
[0,57,1]
[0,4,1]
[0,54,1]
[0,88,14,101,1]
[0,21,1]
[0,51,1]
[0,40,1]
[0,97,1]
[0,60,62,76,49,1]
[0,41,1]
[0,30,1]
[0,26,1]
[0,77,67,1]
[0,83,78,1]
[0,53,1]
[0,1]
[0,1]
[0,1]
[0,1]
[0,1]
[0,1]
[0,1]
[0,1]
[0,1]
[0,1]
[0,1]
[0,1]
[0,1]
[0,1]
[0,1]
[0,1]
[0,1]
[0,1]
[0,1]
[0,1]
[0,1]
[0,1]
[0,63,10,42,1]
[0,75,100,45,15,93,74,1]
[0,1]
[0,32,3,1]
[0,99,1]
[0,1]
[0,1]
[0,1]
[0,1]
[0,1]
[0,1]
[0,1]
[0,1]
[0,1]
[0,1]
[0,1]
[0,1]
[0,1]
[0,1]
[0,1]
[0,1]
[0,1]
[0,1]
[0,1]
[0,1]
[0,1]
[0,1]
[0,1]
[0,1]
[0,1]
[0,1]
[0,1]
[0,1]
[0,1]
[0,1]
[0,1]
[0,1]
[0,1]
[0,1]
[0,1]
[0,1]
