100
7671
352204
[0,1453,1429,1121,1217,339,81,791,709,307,1150,1135,1173,563,1640,1364,371,845,1250,1376,1320,124,264,1199,63,481,38,193,1194,937,764,1071,491,1077,751,1164,1099,615,1062,1936,226,382,1552,374,1331,605,198,1958,696,1615,400,621,1843,1982,1294,509,1771,1828,1105,1487,1298,328,231,171,629,370,1048,528,932,1254,1050,1964,1391,947,1343,1417,271,1992,361,1783,288,540,1598,924,1116,1342,355,212,1]
[0,1032,1858,670,241,1530,498,83,533,862,1187,319,1093,816,161,484,1148,677,187,1399,1227,272,286,445,1380,624,1440,1752,949,1256,378,658,1209,800,278,11,342,839,336,1847,194,178,1852,1593,1484,739,1409,472,527,571,480,1732,628,542,985,162,595,61,55,312,179,1152,275,97,539,1606,91,1089,385,1863,1743,1086,128,86,1981,608,89,393,1]
[0,693,115,787,627,957,441,1332,885,1257,1734,369,105,776,1486,1501,455,1536,703,1233,1438,660,755,510,758,1001,477,478,348,73,1418,858,1292,1689,1639,95,1579,185,1108,956,70,450,574,1312,1251,663,334,778,1119,6,1946,742,1285,136,1542,715,1114,1683,939,479,1]
[0,551,1249,882,309,1529,52,740,1488,1519,175,1204,603,1215,1505,536,1634,970,46,135,296,582,1059,1278,411,981,338,604,1962,386,315,1977,451,327,585,1365,1090,602,1469,1990,917,1523,1310,365,1231,1596,1924,1782,110,1202,790,820,354,943,1371,308,1963,1720,803,1675,486,1794,219,994,1235,234,811,712,1]
[0,1234,1509,1811,759,799,258,1715,814,1926,1232,1610,1632,1155,717,130,1357,1426,641,907,655,199,1027,1016,1302,519,566,1860,1304,531,389,1670,1288,865,616,1879,730,818,233,203,404,597,416,1134,107,1676,704,989,285,112,1943,1146,983,1401,1642,1826,946,181,28,847,195,180,116,422,669,642,1242,672,729,1315,842,1]
[0,1309,333,1514,1932,1]
[0,1927,485,343,662,502,274,936,1768,1377,159,967,302,1702,1554,48,420,1829,464,1421,678,1107,357,700,1244,836,934,1125,931,1699,114,1481,1473,1891,68,1070,56,1727,1225,473,295,789,117,71,200,415,39,492,1369,656,1029,503,494,151,290,1663,1444,1390,320,1893,1773,995,760,1218,1180,775,815,366,1]
[0,766,1023,1085,270,1040,1869,915,1564,1859,866,321,282,1370,160,1678,560,157,813,330,926,1]
[0,34,376,996,1609,741,1830,1965,1745,579,541,482,172,1072,626,134,439,1988,1696,654,1592,146,1330,1054,1497,727,721,1524,538,979,975,784,1729,406,511,1010,945,556,88,277,607,623,1815,430,684,1489,798,1392,372,1973,1692,1]
[0,495,247,281,1324,266,432,723,279,1120,1238,1726,598,682,170,41,1]
[0,149,1798,1290,1318,488,176,59,1385,1906,817,537,861,516,1765,43,35,1894,19,182,381,16,1854,1264,1058,1700,397,1722,147,1026,335,1252,852,353,1458,1961,8,1069,1268,1186,1271,108,617,722,267,15,163,103,186,874,659,1311,837,614,1]
[0,1757,588,587,1321,1057,732,568,1323,351,1546,391,475,144,1680,1750,1767,209,1904,1625,774,405,24,757,1]
[0,1724,1539,883,547,795,1652,567,782,74,169,474,447,1432,1055,1284,873,972,1641,229,661,84,332,1219,1587,364,1243,1872,1703,1345,959,1]
[0,1335,1772,973,1802,10,2000,1106,1191,1]
[0,838,205,426,747,54,72,1011,565,625,177,1255,1149,228,1208,260,1008,240,1394,876,1485,1915,584,313,1719,651,575,1435,1814,1459,1496,561,131,425,1]
[0,489,532,421,685,1861,1504,1382,12,769,1978,461,749,291,4,1947,898,1984,435,636,297,1325,1]
[0,197,314,1786,1416,1393,1691,402,85,224,75,797,1844,273,276,543,1308,1122,1413,1295,377,1021,90,921,1867,1433,963,657,786,1648,1258,1042,104,765,22,50,895,204,9,1492,218,1396,1737,82,610,1060,188,569,390,1115,1490,887,1]
[0,1545,1240,737,552,1303,793,1124,761,1260,1789,501,720,1658,788,971,1000,127,856,988,362,1864,1083,1102,1566,1363,1608,1532,1877,1414,925,174,1094,1103,347,1349,553,884,1039,923,698,449,1306,520,909,1445,1477,977,1940,1668,1588,1]
[0,1475,1706,23,544,935,143,1705,1053,305,1036,358,1020,1759,754,1823,752,1723,912,1263,253,1087,1046,1018,1918,1296,713,1467,846,1359,1236,557,785,1901,1366,1299,326,1855,1684,1572,1970,106,1681,1044,1503,440,1]
[0,870,993,1]
[0,1633,1223,952,938,1643,184,706,1669,331,1185,1478,323,591,1182,1096,375,99,1935,1611,1]
[0,676,1825,726,1]
[0,403,958,1179,1431,463,368,578,1916,1189,191,904,1511,1748,394,476,681,1126,1840,1446,248,822,667,1797,1688,1031,738,92,1097,350,1553,1073,1886,1112,1623,982,1387,891,398,570,1930,384,1]
[0,1735,459,745,647,1]
[0,1174,427,768,1]
[0,1273,892,1713,1538,437,844,1838,1575,1599,821,1710,1937,1754,1162,301,413,888,1884,123,1177,763,168,1983,1158,1671,674,424,40,860,388,896,1275,806,710,618,1980,58,252,13,1952,1]
[0,150,783,1081,418,294,600,545,109,1338,966,998,1550,848,944,900,1]
[0,462,1562,1]
[0,1407,257,1]
[0,490,1770,530,1711,1626,87,1138,1241,906,1841,1787,1043,562,550,206,1929,1253,1262,1282,592,1483,1210,227,214,1367,125,140,1934,1348,1017,1117,922,665,1188,1959,1]
[0,743,1618,1127,1603,1731,1398,1216,1220,1616,1799,1176,849,66,1412,877,2,513,173,208,1434,1933,881,246,1987,1025,101,190,344,122,930,589,414,1030,261,746,1464,637,1245,599,1650,649,1198,1607,1]
[0,1679,1522,1277,1803,1790,864,644,1646,1381,773,1649,558,1834,1145,1690,668,1776,221,714,237,269,515,879,1880,1950,27,236,1718,1128,145,1966,796,826,613,1476,496,259,1]
[0,292,442,1900,1322,410,373,1779,1896,1638,1424,872,1283,396,155,992,1712,1677,1028,1822,412,807,1079,1686,748,138,100,1041,586,94,1708,407,1019,619,1809,165,1851,1472,1991,1066,1917,1468,1]
[0,329,1465,987,345,1908,1427,1221,632,93,156,500,1974,468,1931,392,1865,652,901,522,1571,183,1740,340,1956,1853,1354,1084,555,1868,132,216,1674,1454,1751,1604,202,1]
[0,1301,238,1687,192,1989,823,834,1793,825,1479,941,880,1163,1739,239,1144,67,493,436,517,964,843,986,102,699,1395,1207,1672,1583,512,1002,263,1425,1480,1474,1819,918,1267,1319,809,1064,1912,1]
[0,497,1613,113,831,1922,675,1350,1270,1694,564,780,51,1280,1624,1340,824,316,548,249,1109,1423,1274,121,1895,1167,1614,383,1153,1619,196,1944,580,1693,356,299,1]
[0,244,529,1716,1133,1287,1419,363,454,1462,1848,235,1441,1885,1601,1741,1420,792,152,223,1605,1602,622,554,1835,1151,640,1573,1166,215,1939,639,1600,1870,1873,1300,1]
[0,1482,1516,1967,409,1248,1092,245,894,1972,1205,1889,1685,518,1654,1022,1528,380,118,897,853,1347,1067,1136,1075,1224,997,1590,1673,1397,1247,1181,1645,1775,1]
[0,1551,1470,1810,287,1192,444,1410,680,1100,1570,141,111,158,1430,1316,1591,869,254,827,324,1568,648,1386,1525,284,431,265,1346,64,1012,1372,525,1986,687,833,1594,1506,1]
[0,1875,929,262,1259,1582,1905,1742,724,1954,1738,1960,1555,594,76,1938,1091,325,1985,1297,577,1178,733,201,1667,1065,1]
[0,683,1156,1466,1]
[0,433,1556,458,1577,1788,638,423,1]
[0,697,1327,448,137,1074,1709,1925,98,1495,576,1061,1785,905,889,1698,303,1736,1656,1049,367,1812,42,1422,1883,499,1279,1518,1910,1143,1228,1]
[0,438,868,1878,1313,694,633,1535,1714,1595,1214,1358,690,1769,17,1502,1976,1548,1334,609,1139,139,460,504,1437,859,920,851,526,1999,1682,505,1]
[0,26,1774,521,242,289,863,916,1621,781,399,802,470,819,1406,1717,1]
[0,630,1154,1388,1]
[0,45,794,1132,679,1337,1955,1344,1024,120,840,471,1]
[0,671,49,535,65,298,1887,716,1206,1428,306,1269,1644,1034,1997,1463,1704,1971,1168,1451,559,1266,1780,1760,1730,1448,1007,1558,1]
[0,57,750,1512,1574,593,893,311,213,1195,1193,466,933,978,1326,119,5,549,508,1374,711,96,1569,1666,293,1784,456,1201,968,1]
[0,1890,1842,467,79,1360,736,601,572,1402,620,1494,948,689,913,1212,1846,142,1957,631,1813,1499,1903,1]
[0,1356,1746,3,841,955,1491,1653,1753,1948,855,1368,735,1131,1170,1584,1056,465,701,1307,1281,666,222,1]
[0,1353,801,718,734,1317,1123,1662,1820,1222,1617,1892,523,1756,77,808,1]
[0,1157,401,346,217,954,1721,250,1655,1450,581,1293,1415,1493,984,1]
[0,1945,148,417,1439,990,1567,167,1]
[0,753,1507,1035,829,31,770,395,1928,1951,1777,1203,164,1578,1137,744,1104,1831,1911,1660,1142,1]
[0,1456,673,1]
[0,78,1589,60,1914,225,1]
[0,596,207,268,349,1627,1384,546,1941,1881,1888,1165,830,507,611,1]
[0,300,1521,1068,969,1383,1871,1272,1]
[0,1664,1899,771,1801,1230,1175,1800,1631,1339,1328,506,857,47,318,1533,612,1561,1443,232,1]
[0,1744,126,1804,1805,1563,36,1305,1411,534,1733,1314,1565,1088,44,1379,1515,1585,1237,850,664,1758,1]
[0,1520,469,129,21,1902,777,1378,1913,18,7,646,779,1837,1629,1508,1728,1129,1]
[0,1449,1544,1172,359,256,1141,695,280,310,999,452,1015,1460,1874,1037,1403,1996,1159,1824,927,1]
[0,1404,1975,1647,1213,950,1923,1211,606,1004,1009,483,1540,352,812,1291,974,1839,875,1]
[0,1265,53,1405,304,1806,1289,1171,379,1897,360,29,1701,832,805,1630,1455,1526,1907,1]
[0,1457,1471,1832,942,1968,1778,725,1513,1229,1197,643,1498,1827,991,1]
[0,1747,25,911,341,980,1389,1351,1013,1557,1033,429,1436,691,419,635,1]
[0,1261,322,2001,1549,37,434,919,1080,1725,965,871,1665,1849,1118,1]
[0,962,1169,1063,1818,1003,653,1816,961,457,1246,1]
[0,1636,1949,1]
[0,1447,1622,867,1807,1795,1]
[0,1998,243,650,928,1329,1500,573,32,1845,1286,951,728,810,1400,1517,1442,1]
[0,153,1362,317,1909,1147,1341,1833,487,1101,1140,886,20,1755,1]
[0,1541,688,1921,976,692,80,1005,1576,1052,453,1375,1920,1]
[0,1559,1226,1942,1764,590,210,1006,1808,854,189,756,1]
[0,1110,953,1953,1095,14,1969,1082,910,645,1580,1]
[0,1076,1766,1161,1657,1695,1620,1113,1078,1612,1]
[0,767,1749,1791,899,960,1510,707,62,1]
[0,1183,1461,443,1098,1051,1355,1038,1]
[0,1836,1628,69,708,514,220,1857,1856,1]
[0,1781,1762,804,255,1661,166,1919,1651,1]
[0,283,914,890,524,1898,940,1527,1111,1]
[0,154,408,1543,1130,1352,1995,1]
[0,1534,878,1866,1047,1361,1]
[0,1597,1876,1]
[0,1882,1333,1]
[0,211,1862,446,1817,1547,1821,1]
[0,1373,1796,1763,828,1659,1]
[0,1792,337,1184,908,1160,1]
[0,230,762,835,1697,1]
[0,1537,30,1336,1635,1]
[0,705,428,1637,1707,702,1]
[0,1531,903,686,1408,731,1]
[0,1014,387,1994,772,1]
[0,1276,1]
[0,1200,902,1196,1761,1]
[0,1586,1560,1452,1]
[0,1850,33,133,1]
[0,1581,719,1]
[0,1993,1239,1]
