100
5027
1714520
[0,314,2321,2772,1668,2006,742,412,1300,389,1963,4,629,2602,1415,70,2268,774,2062,1279,1177,171,2814,2436,1524,2976,2607,2489,1500,1323,1787,2951,1012,1841,2652,2249,1490,2831,1469,910,2024,590,1276,1816,2769,1214,249,522,2109,15,911,2972,2867,2497,2508,1826,1232,525,746,3746,1302,207,1711,998,1190,3182,2079,1589,2434,2273,1064,1077,1466,317,2816,151,1987,2050,1595,734,1054,1583,1031,595,3053,1315,2799,3054,1699,1891,1265,319,1382,2836,656,470,90,54,361,1912,1375,1008,536,2492,991,1525,1420,877,882,1204,1602,1724,2182,378,2456,1333,2394,890,3110,2656,2588,1283,1]
[0,79,1335,932,144,1202,44,159,815,879,1336,901,586,2329,927,759,264,97,58,2354,1580,427,2205,283,277,571,859,2682,511,2131,2084,1042,2553,120,173,2316,2020,1990,112,509,2425,712,193,2234,923,1775,1480,1674,380,369,514,3344,539,2030,3723,1886,2691,1741,1917,401,2921,1172,370,813,25,313,781,447,1561,1018,994,1633,45,215,186,2457,2108,1905,1009,634,1118,613,95,594,248,1865,1535,351,1412,1529,372,816,2379,3930,2478,863,1084,3564,3732,3104,737,261,1468,53,2681,3238,1100,749,1308,55,1284,1895,1]
[0,1923,2367,817,2753,969,711,2173,232,459,267,3405,1759,2003,1116,38,1528,780,251,2701,350,883,1199,2868,1678,1767,1139,937,1046,3851,1169,434,3803,1041,1227,954,918,605,1981,2096,1351,1392,756,1326,544,787,2009,1636,1340,1731,559,281,2015,2248,1497,1032,1339,875,970,1807,2214,2599,82,1491,1953,1306,3000,1091,1093,1133,419,3094,1549,3019,130,26,462,2847,1967,2243,1454,371,3747,2258,1037,334,2917,1510,2557,3957,967,2555,632,1087,2195,1252,2548,2103,131,3447,1136,353,1295,1066,3092,1951,3160,1937,1161,2064,1685,252,1911,1]
[0,499,1556,699,707,920,3194,1304,121,2575,1729,572,1052,105,2998,3277,2736,1112,1915,1904,1418,1363,436,420,2423,3333,3255,1526,1173,2472,2217,1449,2861,1278,1127,3328,2495,3629,2750,1507,2680,1875,757,633,10,1408,2313,3688,3846,2056,2953,2904,448,2965,2747,987,534,2444,340,3404,2696,1748,2503,4188,4297,2677,3489,1957,1167,799,778,3879,2417,905,2125,951,233,2813,1361,1697,2711,2826,760,4120,1919,3027,1570,948,1165,1712,1782,986,2366,1785,1612,294,73,212,3426,2164,596,1338,3632,1906,3065,286,2093,1669,1974,2146,685,2884,3095,775,4391,1101,7,457,355,2582,765,3200,978,2507,3232,1818,2728,3318,1960,1319,78,2661,2754,1092,2046,2830,4105,955,2780,1331,5,1]
[0,1979,3942,413,1932,2361,1972,886,2468,3838,1367,2450,1941,3849,231,339,87,2179,1655,2838,1354,2324,768,1289,160,2585,733,3446,3451,2821,2667,2876,2226,2496,1082,3458,1027,2793,1071,310,206,1492,4282,2898,1013,1927,228,200,3763,700,2010,3289,164,1397,3037,3347,1499,3015,1714,1929,2114,483,220,265,450,3123,1773,2823,4724,4501,662,4719,1688,1467,603,1384,4252,664,716,493,2424,3288,891,921,1405,866,2480,794,1197,1271,963,119,1716,1194,2441,502,2255,235,125,1458,2247,1632,1067,464,563,1609,2053,2155,615,1478,3986,531,3320,2655,482,167,102,1484,241,1640,3502,2143,1446,1542,3403,1]
[0,636,2636,3542,2962,3647,456,385,94,1705,2483,2598,3997,873,2150,3559,154,801,346,452,35,4002,2334,3319,1761,2293,782,1550,1123,3618,3651,2080,2995,1672,641,2504,3835,4583,726,4255,3703,2930,43,1233,132,445,4098,1156,2395,3281,3532,2551,256,163,1527,600,1452,2584,2139,2095,1693,446,1287,935,4389,2952,410,551,1725,113,4960,1820,382,250,848,1698,2078,4947,418,4300,2260,977,3031,4892,4563,266,2605,4831,503,2074,1994,18,3726,3202,1744,953,2619,1440,2697,337,767,1496,844,415,259,1587,2554,3622,3459,282,4251,2538,3638,2614,3842,449,4024,2141,3596,1327,135,3493,2134,327,3981,4201,3103,3752,2841,810,1143,2571,2603,1]
[0,2168,1299,579,952,860,3719,3269,1971,822,3526,3416,1155,195,3108,1665,4228,2203,5000,1129,2280,3904,1660,764,950,2037,260,72,3454,1850,311,3351,3431,2922,4987,3179,152,838,408,3834,3778,3409,2742,3204,1921,3361,395,2662,3394,2610,3133,1893,518,2343,1019,3293,1790,1986,4107,556,4447,4726,468,616,2077,3346,1061,2282,1926,4716,4890,1317,3358,3782,3144,4748,4331,1880,4593,1620,203,3195,2014,475,1213,213,92,1588,2966,2700,1541,348,1149,1053,1432,2187,709,2328,1441,3465,819,2779,1831,2568,789,2326,1993,1460,1476,589,373,1548,1506,2669,11,83,2022,321,2737,3273,3388,2673,2631,2026,2025,1]
[0,2908,1249,276,474,2162,4071,1063,428,2190,56,1286,1726,823,720,2296,1824,2184,3492,1334,548,1235,1532,2626,1796,1463,788,3699,1162,1051,1627,1613,258,3140,2446,527,944,3786,1273,2606,3116,2787,377,1560,997,1942,1108,577,961,2405,2856,682,14,4241,1746,443,2654,1028,3325,1896,904,4611,2866,3798,1520,315,1608,581,2590,111,66,1371,1142,1374,2404,3867,3064,2135,3621,3456,1291,2231,3003,2565,540,2363,46,1049,84,234,565,622,526,1485,104,185,538,2308,1085,1606,301,1913,47,1208,1406,1631,222,147,1122,383,1599,1696,2635,2101,2770,3106,550,2386,1362,316,732,2011,1815,2843,386,3028,3603,3745,2464,3497,3211,3899,1576,4343,2893,1758,3645,4231,3099,2805,1]
[0,1795,4109,3121,1776,1403,805,691,1083,1225,1848,1789,532,1439,878,1575,431,837,396,150,1431,2854,1557,2117,4050,1303,4057,1456,1231,4212,4333,1320,4076,1352,108,114,48,187,3435,3069,497,3729,3810,4012,2124,1132,3425,406,853,176,299,1568,3330,4695,236,3408,458,2242,3550,4041,831,3843,3871,4516,2365,1359,916,184,840,1343,2710,643,1141,1719,1666,3955,292,850,1445,1569,2683,4263,872,1750,841,335,3727,2340,77,3498,3476,1894,1260,808,1355,2741,269,672,3482,2775,897,1160,1201,1400,3535,547,3205,3215,2104,3627,874,867,1596,1667,818,2283,1264,2837,338,1515,374,1635,297,242,288,3936,4422,4531,2564,1]
[0,4096,1293,3397,2220,3687,1090,59,3634,573,4539,3390,4178,729,1029,284,4546,2808,513,3363,1892,1081,2909,3439,2561,3931,3081,735,2715,328,688,686,868,2543,1394,3443,3209,3438,626,1518,1916,1114,2035,541,2624,3253,4772,2222,3291,754,2232,3452,1740,1477,1692,3321,2254,2221,966,4381,1301,1294,3317,2298,2547,1888,2892,2416,1770,126,3024,240,1443,157,3420,3964,3161,2130,2812,429,2068,3418,1022,2996,4009,3206,2185,1195,2285,3562,2180,1219,1505,1936,899,3087,1551,390,2499,1277,2081,2356,1]
[0,166,876,2476,2963,1166,1817,96,2900,1650,324,4439,909,2960,3022,1470,290,1733,4678,4964,661,4416,2533,1995,3817,2891,2098,508,3881,123,1825,409,4671,64,714,1011,4907,2460,2156,2265,2253,3362,2513,2628,1708,1629,1567,3863,2241,2186,3539,1983,3071,4553,4448,1753,1540,3190,488,100,3086,568,4461,3142,3012,3541,39,922,558,3067,2860,4316,421,4133,255,3389,3733,4015,4239,790,3350,3555,2759,755,1690,270,2732,3499,2651,2545,2175,4438,1961,1730,1178,4483,2419,2997,1135,892,2445,2524,855,2264,857,1068,2240,609,224,3080,1]
[0,2239,2906,444,1047,3551,1198,3323,1121,2617,392,2718,91,1874,3415,341,3353,671,2233,1023,1771,2542,4203,1069,1096,1855,2795,1341,1969,761,516,1357,23,1683,750,4827,4855,1171,1385,2028,2936,730,611,655,3266,4240,1521,4699,2915,1145,1472,2140,2047,740,4629,3657,3975,753,2270,1366,2910,2714,1212,2251,3402,4999,22,300,2798,4606,798,4926,4768,2749,3661,3341,2731,4402,2523,52,665,3693,2684,2049,1902,343,494,4471,4219,2105,1421,4406,3007,4309,3511,2907,3119,3021,2250,2792,476,4433,3171,3188,1383,460,4101,4459,4930,106,1]
[0,1058,2785,453,1282,2401,495,8,2055,2581,984,2372,4769,4867,245,913,1651,1800,2181,1533,4128,67,4264,2885,1935,3865,555,1247,2896,1034,968,2591,3240,3282,1365,262,747,362,354,1997,473,2979,342,3225,146,2901,4372,4929,1513,3049,2977,172,138,2510,3896,65,2085,1131,3659,2773,1353,3722,4525,1727,2305,2065,2579,3464,1487,2620,2451,560,1329,3220,304,3196,4206,2645,4011,3737,17,1391,42,975,485,4369,912,2726,2722,4779,3503,2176,4871,2621,243,2613,4395,2373,1851,199,915,4548,2019,1]
[0,2333,684,2678,287,3424,3795,3850,1852,4637,3833,178,208,117,2879,1038,60,521,71,2572,4833,4245,3570,4669,1251,1680,4504,1254,1713,1026,900,3996,367,439,1305,3692,1779,4229,2528,1163,1473,330,1605,352,3800,359,675,399,972,2448,2148,4557,4093,442,2438,137,1959,1803,884,1045,529,1615,809,230,2918,3671,1150,1482,4350,3758,3385,1579,1563,3919,3543,575,1839,694,4978,4809,3070,2052,4248,4934,4377,4616,1949,320,567,2360,1863,2267,2245,1350,3916,1434,1764,128,2692,1603,1641,3118,1088,1311,519,593,1514,1]
[0,690,40,3704,3897,958,2110,2314,1419,1552,889,2760,1237,3034,1369,3352,1401,36,1847,653,504,2975,9,2801,1948,3694,336,4099,4026,451,1900,4081,542,557,3039,2418,1530,4311,2730,2804,1255,3226,4513,2200,3026,1184,1646,153,3823,88,124,4931,2500,3268,3807,3300,1007,1103,69,1455,4492,2815,1006,3620,3477,673,3740,725,3234,2642,849,3873,2665,1681,109,165,3844,2246,924,4985,3395,710,698,3721,1966,4221,2980,4019,1644,1]
[0,647,902,2223,2825,570,598,942,2926,642,62,1534,3335,3809,3666,227,1164,2420,467,1511,1537,149,2958,858,3163,1297,505,566,800,2370,3594,2154,3109,3689,769,1793,845,4366,1489,3100,3841,2330,1459,4832,4339,1884,417,4112,3128,3006,842,263,1592,1005,27,654,1897,1810,1962,894,4116,3378,2291,291,4773,4484,4573,3909,827,143,2600,931,139,211,3880,1296,731,582,4916,2857,2482,4806,2,3998,271,2992,2259,198,133,388,1344,1840,3962,192,943,3487,2592,3686,407,3914,1285,1346,2447,1]
[0,13,719,2261,3148,2969,1192,3131,3826,2735,2827,1288,1379,3597,3017,4596,3696,3043,3616,4618,1189,3432,4694,381,435,127,3093,63,99,1536,2822,1003,614,1945,4655,1868,2430,2289,1316,4073,591,1356,4701,183,2990,3264,3457,2160,2091,2345,738,2210,1433,2687,1321,4347,4547,4560,2368,2803,2902,4208,3186,3512,3091,3604,2986,2463,3884,2752,4216,3830,24,3580,2350,1187,1885,2567,2694,2189,1721,880,2685,3990,1757,1659,713,1309,3342,2903,2115,1474,3839,3662,3127,4924,1124,2170,4556,2087,496,2165,3421,1]
[0,1370,2469,329,2142,4467,1578,1430,658,2225,2719,820,4785,1882,925,2852,254,635,3626,1128,4054,887,4918,238,2512,2339,1694,3569,3295,1325,3938,2005,1036,1859,2674,423,466,491,1965,933,50,118,4755,1364,1424,4887,989,657,1517,869,4837,4182,4905,3814,2877,2660,938,1236,3735,225,2616,3606,3890,4145,2198,4462,3020,312,155,1426,1423,4306,4976,2529,2576,3078,4641,175,2937,1207,3042,405,3742,2088,3934,2398,2349,471,1988,3203,2387,2648,3712,3488,4137,3308,979,2392,332,1]
[0,4390,487,484,1230,852,397,1099,1862,637,3422,1582,4636,3928,3901,134,2029,1853,3309,695,4732,3906,3296,1864,3410,2008,4261,2018,219,2331,4256,677,1562,3387,1663,1854,625,1538,3677,4445,4477,3953,2895,1508,363,3515,533,1682,2525,3228,3041,1554,4498,3578,2297,4113,4842,2943,736,1938,3218,1502,2596,425,4882,1229,2727,2207,4385,588,930,3575,1035,4288,1360,3072,4022,3075,758,1843,2215,1762,3176,257,326,1020,2378,3876,4270,1]
[0,949,743,4509,1642,4312,4845,2968,4788,4176,4505,2127,2650,3540,4115,3114,3605,433,739,802,4707,3769,1964,1718,2720,3184,2850,3370,3609,31,4642,3079,4170,1146,1151,785,3217,2304,1765,2272,1695,2493,4910,2690,2771,4800,2312,3241,833,1205,4852,1188,2498,3193,2811,4077,4295,403,1925,2318,3198,3995,4932,3898,4125,3970,638,2292,478,4330,216,202,302,331,2521,1453,4705,3648,3553,3888,4086,3811,3005,2236,3949,4479,3453,3738,4697,4342,2389,2869,4585,607,2332,3889,309,3864,3920,2935,3933,3115,1191,1809,2433,2693,885,639,1755,1970,4881,1614,1]
[0,3724,4121,4304,2912,1040,2627,3643,4778,1393,2174,3530,940,650,3280,1147,835,278,4571,1144,2552,4494,1638,3376,793,1242,4579,3111,1065,4278,2791,1186,3222,3261,2467,1585,4254,323,3536,1387,796,864,101,3710,507,1196,3313,1833,1516,1734,3164,2338,2201,1792,4632,745,426,498,4549,4626,2381,2670,2925,2089,1504,3242,177,4540,620,1857,1044,4126,3711,3965,19,1531,4294,1890,871,3963,4222,1]
[0,996,3780,4804,4495,3208,2824,3212,303,3508,3560,2171,1700,1637,728,2317,49,3607,3749,649,2138,2608,4344,2054,546,3669,2883,4165,3572,4472,4526,4568,1488,4320,3,1256,3759,424,3579,358,4792,1110,2744,1313,2147,1778,4538,724,517,3059,1471,865,2341,1030,1704,4874,4648,2870,3917,4218,32,268,2197,3057,2643,2403,1410,1626,4480,2615,1751,537,4379,4193,564,4049,4780,4460,1]
[0,2644,4069,2927,1920,1747,1025,4536,80,3978,4039,3707,1918,2859,2938,2707,1654,2948,4921,1976,4174,3581,1002,3207,1522,772,416,2269,2679,2477,1435,3794,3355,4635,3929,3797,2522,2698,4014,3679,3501,3790,4980,1402,2526,289,379,2978,1623,3366,280,770,3298,4807,1438,1647,4801,142,1342,1215,1928,2723,1043,2177,1952,4733,2123,2888,1183,2905,2122,1298,4896,3813,1]
[0,4046,2106,1307,4013,1411,81,1086,1982,862,1760,1610,2275,1017,68,3681,3084,3146,3441,298,1702,2075,1075,4338,3736,1250,1653,4640,4455,3956,1555,308,34,1836,182,209,2756,1924,3060,2686,3549,2546,3518,2288,4010,4108,1691,1442,2668,1345,4998,2985,2058,480,2537,1218,766,528,402,3801,4322,2593,919,1451,2256,2276,2569,2611,1720,2882,2153,4853,1425,2763,229,786,828,3440,4123,1901,2928,4666,368,1]
[0,4038,1416,2817,4144,3077,3159,3509,4403,1786,3274,1238,2514,275,3630,3326,3181,1877,2001,218,2238,6,667,2539,1572,2092,237,2794,587,1684,3972,4622,1591,679,1814,4005,4663,506,3379,1016,4836,3135,3302,2043,962,3802,834,1546,2781,668,1774,4920,4656,4190,2407,4922,851,2377,3925,1601,4500,2237,3911,2556,394,3728,4370,1104,2076,1883,1]
[0,717,4064,226,3887,3943,3715,4299,148,2071,2820,4775,1649,391,703,1221,2344,4954,4080,1581,3556,1262,387,3048,2212,3706,3359,3016,3292,4180,2319,4808,4191,543,4675,2295,3593,4450,1079,156,1621,3510,1107,1946,223,5001,2778,888,3528,1656,4419,1457,976,3910,1024,2044,4095,4148,4004,4428,4730,393,2929,4028,2397,4690,3303,2833,454,1]
[0,3751,683,1812,681,520,4226,1448,2475,4324,1055,501,3718,1657,1908,3875,839,3862,3374,2178,2262,2455,1574,4380,4166,490,1211,2309,3720,2939,4236,3411,619,2166,2594,1241,3568,4950,535,4758,344,4006,4839,646,4877,3468,2829,1376,3156,3063,744,2385,4335,2323,722,751,1715,1220,364,4681,4475,3991,1140,3429,973,1565,3519,4521,3047,3401,3608,1]
[0,676,2481,2783,3035,3239,2070,2941,2325,1709,1819,1280,3316,4597,3406,3944,2192,939,3872,4908,3105,4795,659,680,3473,4709,4996,3141,3538,3117,1337,1267,3377,3486,194,4463,1788,4652,4925,1137,3155,4610,4034,1872,93,76,4820,365,4491,1033,4609,1050,3263,585,1001,1861,30,1645,3708,4177,2699,3297,2834,4680,4739,4136,2449,3771,2818,279,2518,3748,3854,2703,4246,4717,2133,1]
[0,2502,3979,1328,4790,574,4470,2848,2786,4646,2589,3753,3774,1934,2235,4451,4001,3165,2039,472,2443,1125,440,3678,2041,4106,4810,4844,1111,3368,4442,562,2671,4187,2209,4387,33,2846,3307,1258,4943,3036,1395,3365,3552,2993,2422,4518,1898,3254,623,2465,3058,2388,1261,3652,4042,1619,2396,2116,2132,2073,1436,612,2230,1989,2484,4805,2647,1152,723,2800,1]
[0,4307,3545,1222,2473,3939,2494,201,3364,3147,4274,1417,3097,307,1547,136,4872,2897,3380,3619,4991,2374,2429,1617,3237,3624,936,357,3271,3170,4967,4423,3697,3937,2287,3367,2027,3413,3233,3139,3504,3793,4570,773,3213,4912,1679,3984,4572,12,1209,4522,2509,2708,3902,4374,3470,4825,4488,2761,4085,2889,4029,1742,1]
[0,3776,4399,2914,2970,3442,1662,1738,4587,4431,1240,3923,2519,2229,1689,2802,2158,246,356,1223,4581,2299,4862,3258,4458,3166,4846,3635,4577,4817,3419,2506,3895,1348,1148,3010,20,2640,1234,706,2399,1622,2462,3590,2853,3417,1060,2583,2573,3805,489,1618,3066,2924,3506,2066,523,2738,2733,3214,2487,3577,4319,1]
[0,4888,2505,4161,4727,3219,3235,3138,2765,3614,3369,554,3306,2764,1881,1940,2983,4499,2751,4341,168,4365,3773,2934,718,2536,1378,3567,174,2012,982,836,333,678,2199,1450,3132,3463,4158,4605,3098,4900,2739,3941,3460,2351,2129,3640,158,486,3893,1710,1386,1246,2439,4683,360,4511,4564,2474,3505,4677,469,3082,2301,1]
[0,4537,141,3393,4787,1827,1577,1677,870,2263,741,2658,960,3001,1950,116,4315,75,2113,3537,4425,1802,2466,455,4195,3676,3815,4713,2216,3816,3014,4928,1752,3615,2347,3338,3062,4275,2193,3531,4841,3178,4643,4405,3491,2851,4952,1461,3922,4507,189,2535,1185,2880,4770,4966,4257,2002,3663,3004,4859,1973,3836,1977,4328,2973,4566,3866,325,692,2664,1]
[0,1673,2729,2346,1931,4984,2097,3304,3785,4146,2400,4782,1126,4047,411,1829,2358,2086,4700,4771,4517,914,4592,1292,701,4997,4603,2595,4139,4718,1835,1822,1899,384,4575,3290,3644,4066,4083,3172,4367,205,1984,4812,1465,4037,4607,1992,2767,4848,2832,3483,3044,812,2118,4794,3008,1381,645,1553,708,1119,2630,1]
[0,1728,2887,4181,1503,2639,3334,2355,2659,1723,3375,3107,795,295,3827,721,4534,3199,4552,2954,3301,2558,2284,2137,826,4904,1545,3757,4676,3517,4104,4746,843,3433,829,1717,1390,3974,2534,3251,4715,2411,1437,1743,4527,4600,4847,4913,2453,3011,3412,4286,4615,3400,4711,630,492,553,4151,1257,1675,1109,4355,1]
[0,1428,3371,1722,4436,1564,4382,2511,3287,3585,2864,4396,3018,3787,3134,4051,479,3152,2566,3734,1707,1598,1210,1804,1070,4487,3583,3892,995,1512,4651,2748,2515,4242,4986,1120,1318,1777,846,1106,792,3602,1413,210,2136,4745,3158,2886,3247,4586,4569,1464,946,3032,1737,763,4639,1573,1869,1]
[0,2311,4620,3191,1845,660,811,3045,4310,3257,893,576,4958,4468,2597,3853,4737,4302,2580,1943,422,599,545,4776,3825,140,2704,1769,4687,1544,674,3761,2913,2871,3137,1226,597,4412,2944,4008,3755,3650,349,3055,4894,3533,4590,4100,4465,4558,907,1]
[0,4654,1903,1380,2776,2302,4289,4661,3548,4383,4303,2364,3586,1956,1639,4443,3256,4277,1193,1272,2290,947,1409,1481,3310,3311,4843,4736,2716,2227,1766,1281,3360,4184,2458,3926,3789,3764,1910,4670,3329,895,3589,253,2172,2206,89,3591,1]
[0,2359,4111,4933,4429,1095,3670,2828,1590,4260,4063,3284,608,1388,617,4983,2286,4474,4519,771,510,217,3279,1955,1113,4150,2048,1072,180,3641,1274,4110,347,4140,1648,2090,4725,881,4213,1398,2149,3136,1332,4114,4672,4940,640,1]
[0,4373,3777,4743,4119,2082,814,3582,512,4612,3639,1422,1947,74,2362,666,4559,1703,2470,3231,3673,274,3038,1228,2950,1462,1597,1754,4017,2559,3168,3788,2622,1799,4175,57,430,169,1039,807,3286,2646,4972,4169,4273,1866,3523,2705,1217,2382,1]
[0,3905,3558,1168,2032,2974,929,1933,1097,1887,4989,1158,2790,162,465,2191,1624,196,2336,3741,803,1154,4712,4314,4945,2734,2987,4895,3988,2421,3428,602,3384,1404,606,3856,3061,2442,2560,4956,4173,4183,1860,3527,791,1115,2531,2320,4682,4849,1]
[0,974,1735,1004,1268,1739,4122,4271,1312,4802,3496,2758,2949,2955,4604,4068,3612,4502,4528,4486,3357,4893,2059,1625,3571,2335,437,1102,4360,830,3356,3668,4754,28,2609,3514,3386,2067,2878,583,1879,3305,1870,1014,3520,4233,1181,3855,4948,1]
[0,3588,779,3554,2126,1978,4363,748,2337,3824,2706,3592,1676,4735,3878,3315,2702,4082,4981,1871,4826,651,4489,2709,2099,1358,4543,1658,3900,4757,2204,3224,4400,3096,145,4172,4878,2550,2713,3381,3845,4756,4759,1838,1048,4266,4594,2768,1]
[0,4902,3690,1876,1269,4075,3557,4625,4142,4131,2782,3167,4783,2625,4970,1056,4279,29,3076,2244,4326,3002,4225,4000,4043,2562,4909,4457,4580,2281,1130,1671,1543,4437,3398,4155,4662,689,3642,3151,4134,2376,2157,3125,3756,2578,1]
[0,3767,959,2112,4262,1073,3739,170,3744,1117,181,3664,4092,4889,2540,2501,1611,1811,3345,705,4588,762,1290,610,3952,4602,3812,404,3695,1203,4317,4217,988,3201,2849,1687,2612,1021,3968,4067,549,1270,3913,2956,3143,2946,2224,1098,1930,3882,2717,1]
[0,1494,3494,1372,3946,2427,461,2051,4822,4375,1594,1736,3993,4653,3210,3781,1010,3396,4089,928,4327,129,4589,3617,4514,1094,3407,981,4551,945,3762,2213,4750,2757,3628,4949,4740,3299,1846,306,4856,2618,3654,4633,624,1]
[0,2637,2842,4744,2745,2294,4628,2840,285,2486,4298,3382,4357,2544,3157,2306,4376,4791,3175,824,4942,1781,3185,3821,98,3653,4087,4721,3613,3883,3461,1628,3743,1000,4200,4308,4410,2327,4132,3683,856,1]
[0,2835,2672,4196,3262,4138,2194,3056,3373,1571,2303,4407,2724,2541,3573,1239,3700,896,110,2530,4555,4703,4244,204,4072,4091,2300,628,980,2862,806,4058,4995,3521,161,1486,4857,3513,4393,4974,1652,3423,4975,1999,784,1]
[0,2094,1368,3336,3445,777,4545,4613,2211,2923,4045,2357,2452,1206,3982,3507,4973,1856,4301,4356,191,3847,4230,4214,1867,4875,2144,103,4659,2063,3636,1244,37,3283,3799,4088,2375,1664,1980,4292,4211,3804,1]
[0,4885,2219,4979,4426,1600,3772,4535,4224,4765,1830,1586,4493,4340,3861,3051,1878,906,3089,2945,2415,2875,3717,3770,3837,4202,4813,4031,917,3775,3260,3129,4797,627,4090,3819,3448,4644,3529,375,1]
[0,2845,4994,2649,2989,3052,727,3331,3120,4127,2549,4619,1080,3958,3525,552,4386,4154,3245,4135,3601,2461,1414,4704,1399,821,1832,4164,2570,4734,578,4130,4204,4362,4293,985,2100,2016,4056,4679,2796,4614,4962,1]
[0,4906,2159,2102,1801,4520,4781,4764,2931,4863,1834,1310,4384,1584,2807,2414,3236,4927,1914,3249,3848,4392,3587,2933,1322,4199,1954,2151,3230,2315,3829,1523,1253,2634,4424,2432,3223,2666,4353,1330,1]
[0,3187,2279,1105,3243,4834,4209,4835,4510,3083,4957,432,2435,992,3050,601,4720,2894,1566,4689,4923,1732,1607,1998,2774,3479,345,3475,3267,179,4799,4415,3414,4040,2890,2310,4313,4868,1182,4305,1]
[0,3971,4961,3927,2863,4124,4035,3524,3832,4030,4674,2721,4533,3467,4544,4567,3908,3806,3924,4508,1059,4186,1224,3500,3112,4968,3348,3932,3709,3631,4696,1559,3244,1]
[0,3145,3216,1706,4141,2766,4936,3768,4714,3989,941,190,1245,3623,3894,3294,2940,4345,1170,1519,4398,4818,908,122,3484,3852,2932,188,4296,4684,3546,2278,697,4951,4789,2712,3391,3547,2021,4167,1794,1]
[0,4865,3716,4838,3874,3343,3945,4048,3672,3259,4097,3948,4062,1858,3450,2257,2034,4624,3903,4688,4053,3183,4959,2069,2163,4329,4993,2007,1200,530,1057,3270,1]
[0,3610,2431,197,3221,752,3969,2040,1266,4157,926,4774,85,2083,4237,1837,2410,4027,3227,2629,2920,4272,2384,2725,2632,2057,3561,1176,861,4265,4352,3339,4777,3691,4741,1604,1686,463,3471,1324,400,3685,4969,1]
[0,273,4253,2072,3858,4706,1216,4147,3783,3869,783,2428,1991,3466,3322,4955,1493,2391,832,2107,1501,4729,2740,4876,2352,4359,4269,3625,4667,2440,2695,1]
[0,1958,3660,4215,239,2873,4660,4259,4698,4065,3474,4562,4657,2266,3046,4103,3859,3272,3544,4935,1248,4532,1483,3324,1756,3437,3983,2919,1]
[0,4368,4185,776,4992,3637,2916,3180,4542,3177,4016,669,631,2061,4760,4574,1429,4456,2277,2152,3705,115,2911,4738,3444,16,804,296,2406,4627,3702,4830,4411,1]
[0,1074,1389,293,3973,3169,3285,1349,3611,2369,999,3478,618,3122,993,1823,1670,3126,854,4691,2527,2228,644,4070,1479,4816,4432,1]
[0,2788,2532,2942,2023,3332,4159,2017,1805,221,2119,4291,1849,4446,4430,2426,1828,3490,2574,1314,971,702,1873,898,3090,4753,1]
[0,4786,3656,4476,3907,4529,2038,4595,4702,3649,4858,3885,3976,4880,4079,1157,1797,2161,4118,4814,3085,964,3025,4821,4371,1780,3563,4828,4283,1]
[0,244,2657,2183,2641,3033,3658,3455,441,2000,1842,2964,3857,2623,2762,305,2128,4334,4285,3153,4796,4897,4742,1783,2959,500,621,2858,1]
[0,4861,1259,687,934,2196,4268,1447,569,4434,3818,3667,4584,2271,4478,1558,3327,2488,3275,4102,3565,2383,1396,1]
[0,2520,3791,2984,4914,2663,561,4059,2746,2490,2839,4234,2348,2587,3124,4358,1630,2999,3940,3248,3868,4258,4901,3831,2563,1768,4496,1]
[0,2274,61,3646,4281,4033,3074,3808,4884,4044,797,4886,1968,3265,4287,3197,663,847,4280,3951,3921,3959,3278,4117,1]
[0,3229,3481,3130,3891,696,4982,4990,4364,376,990,4550,4541,4420,4941,3987,4891,4665,3252,4762,3276,1]
[0,4449,4408,41,3485,4318,4197,4763,4409,1153,4823,4453,4668,3399,2252,1808,4731,3449,4864,2855,2485,3750,1]
[0,4473,4915,4965,4898,2413,3674,4515,3730,3886,2784,4903,957,1813,2120,4971,3985,2872,4444,1661,4454,1]
[0,1996,3173,1763,4003,3340,3599,584,3698,1509,4207,2169,4482,2844,366,2971,4284,3870,4617,1]
[0,4007,2408,2638,4647,2380,2961,4469,4227,4153,2981,2390,2045,4752,2036,1179,4692,2586,2865,3731,3349,1]
[0,2967,2459,3372,4094,3101,4824,2633,3574,4232,318,1975,2322,4249,438,3516,4883,1275,3828,2689,2653,1]
[0,1939,4351,4512,1772,4171,4441,2994,3430,825,4664,580,2218,4336,4751,1138,2810,3600,1078,1180,1]
[0,4404,3725,2393,1015,4645,3954,3766,4464,4417,3684,3150,3967,4238,1985,4919,3598,1]
[0,3040,4503,1089,4530,1498,4414,4761,4631,247,4793,4276,3088,4129,4634,3392,3480,2982,2601,1]
[0,3162,3009,3462,4911,4060,2371,4162,2797,3765,4630,4870,4332,51,652,1]
[0,4860,4650,4693,4851,4840,2899,4937,4946,4766,214,4710,4354,4576,1]
[0,4348,2991,4394,2957,4879,2188,3383,4829,4524,4421,1701,1643,4722,4349,3013,2042,1]
[0,2202,3030,4378,1062,3977,272,4554,3992,3023,2167,2307,4506,1]
[0,477,3495,2033,3918,4649,4194,3154,4198,2342,1475,4321,4728,1243,1444,3796,1]
[0,2208,4490,3680,4223,1539,4267,4435,4290,4021,4325,3337,4189,1]
[0,2947,2004,3472,3250,2517,3655,4210,4819,3633,4873,1]
[0,4168,4601,4749,3566,4485,1616,4481,3436,3434,1]
[0,592,2479,4565,1791,21,4179,4235,3312,2060,1784,2777,1]
[0,4074,2412,4020,4361,4160,4944,4723,4397,4061,3584,1]
[0,1909,4440,983,4621,4247,1745,4023,1]
[0,4854,3840,4052,3912,4811,3784,4803,4152,4346,1]
[0,4866,3822,4143,4156,4988,3675,2516,1]
[0,4205,4638,1263,1922,693,2409,4078,1]
[0,4323,2031,3192,3820,3961,4084,2789,1]
[0,4036,3960,4686,2809,4899,1889,4149,1]
[0,2577,2013,4869,2819,4673,3354,1]
[0,4523,2454,3576,3713,4192,4708,1]
[0,4578,1798,1944,2675,3966,3073,3792,1]
[0,1175,1907,1377,2111,3701,2437,4977,1]
[0,3714,3665,4582,3427,2806,1]
[0,956,2491,1806,3915,1]
[0,4388,3999,3314,1]
[0,4747,3189,4418,3682,1]
