50
4868
2671
[0,12,46,84,54,1]
[0,21,99,34,24,47,67,5,16,1]
[0,14,26,83,58,59,101,1]
[0,61,80,33,1]
[0,89,75,90,17,49,1]
[0,38,62,1]
[0,64,87,45,1]
[0,82,50,1]
[0,42,1]
[0,27,94,9,79,52,85,1]
[0,74,37,57,1]
[0,100,81,69,88,39,1]
[0,77,2,1]
[0,71,53,1]
[0,51,1]
[0,10,31,93,1]
[0,29,44,1]
[0,70,63,96,8,1]
[0,48,92,78,32,1]
[0,36,66,15,73,1]
[0,30,13,1]
[0,65,1]
[0,97,55,1]
[0,3,68,1]
[0,72,86,1]
[0,11,1]
[0,28,91,1]
[0,40,1]
[0,60,23,1]
[0,19,25,1]
[0,56,18,1]
[0,7,76,20,1]
[0,95,41,4,1]
[0,98,6,1]
[0,22,1]
[0,43,1]
[0,1]
[0,1]
[0,1]
[0,35,1]
[0,1]
[0,1]
[0,1]
[0,1]
[0,1]
[0,1]
[0,1]
[0,1]
[0,1]
[0,1]
