10
10
1322850
[0,159,535,1734,873,2542,849,2928,234,1778,2356,2382,2668,887,100,19,505,2120,2624,1485,312,412,422,297,275,588,1762,1953,1517,1396,286,611,2249,1340,213,1515,1464,570,1078,310,2576,2257,554,538,3353,1086,368,2033,1883,226,1584,182,625,1839,447,470,318,514,2159,1757,1940,1257,438,1230,761,2924,2213,1084,168,651,1458,1351,763,2524,2365,497,1253,1864,1884,212,800,61,276,1024,1155,411,1266,664,840,2723,3581,2032,704,3722,1722,39,942,2318,3015,3717,2115,2558,725,2837,2667,858,2201,3173,541,1307,3434,3040,3741,2740,249,1863,1183,408,984,681,1651,1347,1765,2528,2964,869,2690,1442,1747,278,734,2910,1700,255,143,3265,2008,1]
[0,2959,441,1885,571,2423,1720,2314,2952,530,347,985,398,506,1730,864,1833,2829,1336,2080,1473,696,573,456,145,2083,1270,1370,1276,330,1740,1555,2362,2743,862,660,2444,2979,1259,1412,678,242,1661,184,2107,2037,3398,2788,1292,953,45,26,1114,782,1075,1065,1252,517,484,747,82,2313,292,1030,745,859,1130,339,1617,1016,2164,2328,690,954,2473,1382,1062,1399,369,609,1733,916,279,2664,1286,1976,2288,1448,1154,2453,181,2533,432,1529,2517,1923,792,1819,457,1432,1205,850,1913,2100,2846,2338,500,1578,1186,410,2817,37,1760,1256,211,839,843,1916,750,1949,325,863,671,2279,986,2710,2451,3768,1429,3498,1049,2990,2998,594,913,580,7,1359,2058,2156,288,84,1672,1373,2265,56,2209,1888,198,343,717,2015,1781,3120,1228,1573,1856,2383,451,842,833,2131,1091,277,556,640,1326,1489,753,1643,529,81,498,1684,1027,2017,665,1169,1231,75,36,1439,366,841,857,138,2144,1240,931,3512,1655,2796,1291,467,2899,337,634,2512,1951,42,646,1]
[0,1541,1956,1248,900,479,1121,129,1100,898,1383,172,3268,208,273,332,1860,2581,93,767,1518,2111,754,101,886,861,846,610,852,723,2069,2714,3154,2180,2752,440,217,645,2407,3599,230,1922,1806,3488,1115,1708,2121,1235,691,1494,1749,3661,672,2884,2018,3443,2782,400,1606,2042,4151,1334,2419,2262,1917,3787,1895,2593,4035,1322,3406,2639,3189,1954,3549,3366,3107,917,51,3410,1800,258,1384,2072,2720,1272,415,1184,1374,2342,2183,2711,2274,1897,987,74,3870,929,3773,3096,2469,3092,179,1586,3935,1602,239,4196,2216,1023,3457,3863,3245,3824,536,1761,1385,3917,565,1278,302,1096,222,2391,2487,1076,1081,1]
[0,1831,1036,2826,2271,284,252,489,1038,1425,1625,193,3217,1407,3364,682,2702,130,3585,513,798,614,2554,2552,728,1470,542,2078,87,2045,1145,70,136,2649,888,844,2315,354,3804,3887,829,3791,3388,771,2401,3562,1289,15,2,1955,4138,1732,3387,287,2666,962,1823,92,1654,1221,1562,2095,1264,2813,262,165,1071,1106,1244,2851,1012,896,955,1737,417,1123,2712,1500,2486,801,1346,63,814,504,478,2769,1539,670,21,1319,1752,3560,1054,817,1195,1279,1402,642,1462,1414,721,3368,1900,2661,294,1094,244,579,2610,2685,905,945,1120,1275,2061,4575,3151,1039,1853,851,1469,4056,2903,1543,3802,468,604,33,1607,1537,1623,23,1764,907,3879,2777,203,1017,2805,3139,1783,1140,3437,519,373,2059,765,1163,590,1004,1590,1203,653,91,178,577,1]
[0,2374,1178,693,3241,810,3180,3010,2775,1427,824,2136,4323,626,44,1704,3921,1312,3553,587,2620,1780,450,1964,2311,2857,4230,1787,2426,2112,1199,2703,923,1495,633,233,2582,1822,1930,3298,3035,191,785,1843,139,223,1366,380,549,949,3038,1148,1417,981,3692,2545,619,3311,1865,3430,126,1309,3282,117,1653,2019,1449,2693,882,675,2676,3965,964,920,3051,2073,4911,1460,1361,1892,2641,12,1785,4613,4472,1766,2793,918,360,1950,2052,3099,3825,1575,4315,1646,1600,3999,4414,2633,274,1378,22,1318,3972,805,1313,486,791,225,1925,2384,2378,4147,4268,4402,3508,684,2226,190,1770,1670,1033,1952,396,2096,4574,3853,2863,3054,1419,261,1]
[0,1789,3546,3905,3763,2334,3944,595,243,320,772,246,3084,838,1316,752,724,1803,1443,2995,568,2222,1315,4367,3912,1597,253,2758,2458,2455,2402,1189,1709,1338,2261,1620,3392,3378,29,784,779,2443,2733,445,111,3026,854,627,583,1610,3426,703,4020,2999,2179,3013,2514,427,142,3645,3081,480,928,471,2060,1905,371,2568,1468,4287,3065,1247,2491,2646,2207,1909,4416,2904,2996,11,2721,3351,4481,1483,2787,4275,915,871,3620,2695,3146,2123,1630,341,4114,3034,1352,3059,4048,3090,2858,1441,2198,3653,2097,930,770,2680,1664,3132,3502,4758,831,1064,2521,3627,2372,3469,2951,1152,661,105,180,1514,40,177,4940,1110,4502,1149,795,1436,4064,2248,3404,3630,3108,1947,2955,151,853,1456,526,206,1175,1904,2030,1261,461,80,3738,2126,492,2860,608,3105,2416,174,1]
[0,1886,912,1325,3078,3885,205,3079,1217,4719,1983,1188,1851,1699,150,1652,3320,3422,2210,870,200,1546,1191,2000,2736,3688,2894,1360,4352,1001,2827,219,1875,1717,16,185,719,1328,3495,1363,941,418,1624,612,3765,169,2239,345,1447,2962,874,308,1845,4364,316,4707,1393,98,1479,399,2872,2104,1645,1723,2708,2227,2303,585,1070,3845,2960,943,2551,3930,3239,3669,2168,673,1139,1450,104,2824,1812,3995,4342,350,1281,2452,2281,2155,353,1493,647,134,811,4174,2587,2561,3820,1251,2259,3922,830,1349,3909,1372,2282,1045,635,1611,4627,3957,2376,3216,1157,4701,3286,2194,687,419,3042,1798,1859,1813,1873,2449,3855,2304,1]
[0,210,1397,1687,676,57,66,3231,3970,1288,2064,306,867,1750,2442,1826,702,2768,2632,2547,881,804,1635,2510,802,2234,1910,793,1310,64,1707,689,2961,1177,2553,3903,1118,4938,3072,265,720,606,2699,2289,2893,2276,4715,3951,3340,363,3861,1000,1706,1490,2162,4045,1040,154,2748,2520,2027,2503,3199,481,2812,510,2460,5,4588,3689,3292,2947,1992,1738,237,2742,2467,4702,3687,2050,1465,4946,4271,3743,868,3304,1796,623,2602,2185,963,4808,2538,3421,4786,18,4927,2298,1491,3348,4154,4629,2584,317,1211,4624,3475,4434,3539,2361,3116,1348,889,1341,2380,4067,3382,2756,1144,749,83,2409,1453,4597,3718,3652,4845,3754,1223,4181,4483,1237,4039,1238,518,1934,1759,4171,1274,708,1008,501,2353,1225,3418,4476,3191,3622,2255,1841,335,649,13,334,2725,4944,319,3969,1692,1101,2250,4363,114,160,2065,2122,3810,4792,4664,567,1965,1277,1]
[0,1973,950,1795,3424,3055,127,2583,1294,1844,1242,4435,924,3208,4958,503,4086,1788,1445,1126,827,2317,425,4462,2335,3651,2658,452,982,3439,4348,352,1959,2505,2479,4189,2326,1229,1817,448,1446,2780,2677,327,1426,2332,1530,2021,1190,564,1440,1631,173,3724,1550,654,3538,197,3682,351,1714,3255,4060,4875,3115,2214,1097,4218,991,3077,4799,764,1828,4415,3432,1220,3493,1109,803,409,4204,3313,1656,2301,3571,4713,562,733,643,3552,4529,2256,2224,2036,4849,4526,3775,1862,1540,3977,1994,2108,99,2883,4082,2103,2075,2143,1519,3177,1689,344,1567,293,599,46,2408,2874,1619,462,1138,983,3531,2945,2163,3046,946,695,1298,3376,952,1124,2278,2822,2247,4206,632,1771,132,47,1487,4034,3369,1127,718,1]
[0,4141,333,2366,4008,4657,816,1403,569,102,391,3061,3570,3202,2534,3285,2228,113,1711,972,1524,3494,3796,4132,1571,715,1935,1290,3499,4933,4061,3314,644,2635,1003,1085,3736,932,2390,4233,2575,2161,1896,485,2054,780,1548,4421,3908,4152,1350,622,2269,2986,3206,1735,1921,4738,1719,2713,3584,1821,3762,4057,3752,1434,195,495,2513,1889,346,694,3312,4263,3185,166,1477,3959,3556,48,1218,3018,1029,4094,2772,674,2789,163,1233,1451,515,296,732,2381,3106,4522,2626,713,4801,1355,3978,204,2191,2526,697,1423,1047,426,1818,1877,3227,948,1]
