50
1103
1941589
[0,647,1079,1524,256,50,1333,301,1495,1623,1030,510,130,1078,2391,1140,2481,1534,333,854,230,767,1413,1535,284,1259,1836,494,3185,3623,1285,476,151,2199,821,2296,2552,2897,1167,618,875,859,308,1565,2848,149,2892,2104,1629,696,3382,3055,472,298,1322,2261,3262,1748,1093,2469,669,551,53,2550,1829,1402,329,1906,32,1195,2912,2624,295,3377,2274,634,1198,2041,1876,1487,1303,1234,1241,545,213,3388,1546,25,411,928,1112,237,924,1445,573,834,655,1419,1656,1593,1389,219,419,248,2439,1157,3330,192,58,1437,218,981,2890,2706,2306,3497,3290,721,2054,3467,2247,1739,2394,707,2001,3767,2655,1892,2709,477,1841,1959,2700,2266,2430,2576,595,661,1]
[0,2294,150,175,2043,3255,2574,1390,373,447,146,363,1021,1278,3200,2617,2684,2034,3343,2534,3107,588,2405,3946,2740,3132,7,2426,2876,1289,1620,1255,635,954,2087,702,2569,3530,3712,1396,2282,84,844,1260,3119,3690,1372,570,2065,483,307,2605,198,89,1404,697,2632,2888,578,615,2962,2936,81,1200,73,2022,1208,3225,3707,857,1984,1541,2641,3908,978,136,1128,2304,3293,2558,169,2230,1913,3122,648,355,1648,672,1374,1360,1286,982,728,1229,2244,642,668,424,2416,4232,3211,275,156,2080,1621,2635,1052,372,1155,1530,3178,819,1116,1891,2446,2202,733,1]
[0,1104,2582,1436,3093,3110,1173,3149,1551,991,1207,1290,332,779,1527,488,1832,303,380,892,1062,2741,229,1831,1361,1230,1033,2874,2566,1503,397,548,467,519,1480,3932,1904,574,16,484,937,2643,826,939,61,2365,1055,2402,3191,2026,2413,958,1975,103,1106,2763,1658,2263,1464,2060,388,846,694,876,433,1217,1298,3082,1388,1309,337,3854,656,3243,1567,2398,568,3921,1252,2676,776,3552,4358,1081,2205,583,1183,1363,609,228,1582,1677,665,926,746,385,3156,1839,1907,962,1358,1920,3734,1519,1755,2604,143,331,1939,312,1245,3556,409,1102,47,1521,1334,1879,771,593,1851,581,4200,1060,1905,955,2678,2174,2052,1131,2723,1569,1]
[0,2679,3285,799,2805,2092,33,3413,802,1266,906,460,2105,2084,1948,968,2583,398,22,2681,566,3242,2727,555,667,1070,3087,2540,3,783,94,3163,1763,3220,1420,3742,2933,2807,265,4453,1703,2816,4423,1023,2027,1103,1966,950,680,1306,1325,2383,1819,1446,4235,1720,1685,310,226,235,478,374,1397,942,2262,2493,23,726,1175,641,2151,1382,3005,174,1044,2826,1661,269,1497,2516,1043,1166,366,2568,4241,1998,1314,1099,3614,1019,176,69,2222,2634,569,3549,671,2660,205,3241,3234,316,1423,3916,3835,2922,1205,1651,1788,3231,2630,486,1172,3929,1430,108,1]
[0,60,1371,1542,3327,78,2341,182,387,727,2895,1071,158,1354,2254,2269,1736,1202,112,403,625,2288,1481,35,2191,4363,1109,3267,4094,3714,87,2456,152,757,1133,3076,827,3785,3378,1439,2421,2126,495,99,131,2374,352,1065,2902,865,2458,4611,1053,1264,200,3676,1833,1391,4394,1090,4531,2537,2497,496,1431,515,244,948,3790,3201,2911,658,4493,3597,3489,4568,1049,2653,1600,923,951,1637,1723,596,506,1729,317,2245,822,873,251,224,4293,1608,3404,2279,2438,1156,2358,1579,4127,3120,3203,522,4311,3312,3375,1960,340,3978,3511,723,4155,2849,736,434,864,2198,1]
[0,407,3710,597,2802,4099,3261,2991,1619,124,2209,450,3845,234,966,3043,2618,2019,1387,4134,1308,2113,1187,3792,3570,3544,2814,2350,3465,995,1277,2683,4100,249,2762,874,67,4464,2577,2125,3092,1994,2178,4529,717,1125,3269,499,34,3202,542,3354,1294,3700,881,657,125,3746,4642,2447,3128,3624,429,258,2612,2509,1976,1421,4392,3348,1117,2846,1176,2480,4615,2200,367,1980,1429,1940,4310,4052,762,170,1756,3304,1812,3256,764,2149,684,690,1002,95,18,952,1504,3210,1653,917,430,704,64,379,2241,1928,2408,1473,3350,3009,2549,914,1474,598,3523,144,260,1180,1453,3389,3922,2212,43,236,1455,24,3571,620,1006,3720,4207,2735,2896,1917,3880,815,1159,921,233,1858,1]
[0,3800,1865,2423,1750,117,1962,1118,2699,2265,79,1903,1518,2227,552,3819,4663,2690,3260,3454,457,4393,1233,2507,1056,2058,278,74,540,1835,1957,858,2335,2913,291,2030,245,629,4173,1794,188,1863,3930,3721,938,701,592,2284,1339,3314,3499,1935,1611,1813,413,4095,3726,2250,4025,273,713,824,1844,3125,934,1605,4738,2585,1465,30,180,8,1758,829,1076,761,2103,845,1335,3457,4057,2122,3063,201,1162,3316,1978,2791,3831,4498,3032,1779,1706,589,1972,2854,2554,1]
[0,1693,1803,1889,725,9,792,972,173,2496,3058,3050,1682,3445,21,987,405,3804,3987,1013,1838,359,753,1557,843,109,68,4023,134,4820,3280,1351,691,2172,508,1912,1725,2399,2112,2541,481,1014,2203,619,2292,2698,1432,378,1145,1475,2033,1953,2340,530,480,111,439,51,1218,879,2520,1520,1295,155,632,129,554,350,2389,766,4086,947,6,2777,836,2334,137,468,498,4265,2754,2042,3439,3095,4170,4609,1418,4261,1416,416,749,41,2970,100,4337,91,1132,1492,2485,4411,3887,1440,1897,743,19,729,1280,891,1409,2825,3084,2776,1246,770,877,4839,599,2588,473,1197,105,1097,2228,755,2536,1]
[0,485,1617,3075,76,4700,4059,1522,1857,3054,435,3539,3387,549,36,1735,2031,2193,2226,2611,2134,2649,482,2211,2462,3279,283,1249,210,1578,1411,231,4372,253,557,4215,1267,1346,4066,1814,3861,179,1092,965,687,37,3806,1764,2289,2321,2248,546,1517,1671,1191,1732,2068,2361,1318,3077,502,686,2009,670,3458,4138,1548,4736,804,1714,3041,2961,3893,1652,4497,4325,2686,3900,4914,2327,471,1816,315,1808,571,1395,86,1695,1760,1561,1901,3197,2331,4327,3345,3244,976,1069,436,1357,2373,3665,3650,4622,1741,4302,2207,2694,2425,62,603,2390,1500,2867,1]
[0,1141,590,4039,1236,3351,3472,4084,2946,63,946,1022,1237,1020,828,1482,614,322,688,996,795,1018,465,1061,339,885,1634,4468,4413,1843,2146,2733,2164,521,807,4781,2352,1657,3481,181,1338,567,1489,2726,790,15,2971,2185,4428,2036,118,2819,227,1307,935,841,1893,1059,699,11,220,785,4555,1051,862,1726,2433,300,973,2718,4434,3198,786,1701,1676,1698,186,4102,901,1158,114,1214,1797,3422,191,730,787,1570,4720,1581,54,2283,780,731,534,172,2192,1105,1009,207,559,3212,1087,3436,3873,3286,3246,3106,1165,1947,861,102,1675,752,285,364,2833,1215,4921,3574,773,748,2601,4632,4001,2143,259,1194,4255,266,362,1509,2083,3559,239,3875,3333,120,311,3361,1331,395,1]
[0,1027,630,742,325,196,59,232,2264,4197,1679,1916,985,3451,4944,2942,2008,922,1016,4674,2108,3561,4560,3253,2184,3813,3725,458,72,884,4643,225,4690,2645,4259,673,127,1296,617,1108,4082,4334,871,463,1558,1146,1961,794,1644,1239,3152,1368,2831,2757,2175,2898,4959,1589,3230,2548,3551,890,1459,2219,2114,782,1963,1458,4326,2411,4298,3596,4658,2096,1597,1213,400,321,676,523,1154,4063,2155,2318,338,3825,2555,2171,3974,640,3838,3088,199,371,1084,139,3184,1484,1737,1937,1606,1209,324,1]
[0,2370,580,3837,2866,4784,2299,27,443,2111,2682,963,4079,2409,1987,2543,1204,1493,3791,1038,2347,4452,677,1283,1179,1894,1188,994,3692,899,2512,4989,2675,1684,1476,896,2049,2891,1885,4748,1392,2506,2871,2118,751,1300,1532,2369,999,2811,1238,2362,2260,262,2076,80,4142,3968,470,1875,1270,2781,2313,1624,3001,4587,2547,1615,4239,1231,4837,2921,1312,2305,933,2176,4266,3599,1274,3408,692,487,2587,1438,2074,4439,2823,4284,432,1908,1263,1613,1511,3810,2453,1]
[0,4566,3675,2739,2189,4113,1310,1596,3012,543,3310,3865,1526,2360,2354,52,505,1874,3140,1251,1435,421,2584,612,585,2063,839,2032,4699,3862,4679,1868,3287,489,2654,2885,536,2844,1585,1743,4546,1226,2388,3091,2270,2215,2418,1974,1773,1265,509,1186,3166,211,1603,2069,3183,1250,2812,2498,2,3685,974,1818,4198,3964,964,3232,3869,2747,3437,305,187,3529,621,3227,166,2789,3975,4879,2275,4576,4561,3052,3733,3778,4031,162,3414,1696,2670,268,302,1686,3450,4747,1279,903,1]
[0,2380,2435,1965,738,357,49,3291,1488,2403,1441,384,38,2692,501,1594,518,474,2035,2110,288,4537,4683,1058,4934,4549,326,3697,4162,3876,1494,4971,600,3265,1185,734,3425,631,722,3983,4822,1275,3471,3789,4471,3576,3525,1045,3479,4184,2452,2312,4037,525,2901,2720,1425,1662,2689,1663,4657,2109,393,1924,2328,147,1470,4445,4448,3302,1491,2319,3503,2338,883,1452,415,2475,1378,3336,389,4161,375,1066,1884,2420,1472,4829,1424,3842,970,3885,1483,1583,3182,604,1]
[0,4925,4151,3753,3811,2460,872,4641,1990,3331,4199,3812,2115,3318,3346,4318,1122,1936,3030,3170,4219,1718,3518,3913,791,2067,4704,270,931,1046,1287,853,4418,3455,654,1564,3731,714,2774,365,2353,3826,3647,2048,1072,1094,1324,1740,2770,1471,1767,2028,823,537,4201,1082,4329,610,2622,2639,2095,348,777,4617,1235,4613,3730,1253,2530,3925,622,3209,2796,3370,741,4169,3520,2546,2519,1762,2589,1067,1525,3954,2920,410,3216,1880,2468,888,1559,1604,1869,646,4746,440,164,3380,3815,3612,2859,4256,93,886,1628,4377,3737,4289,866,2799,3164,520,1537,2117,1]
[0,1273,2817,4006,4204,2924,1321,2505,3945,1824,2025,3099,993,3495,4270,2188,1777,2667,204,2173,1728,92,769,3369,2492,2753,116,4571,607,2139,2382,4864,4656,4414,2668,3213,3608,511,2280,1444,2503,190,171,1144,3167,2623,980,503,663,1268,2987,3066,1041,2272,591,4067,2665,2638,4449,1550,2046,919,2246,988,1982,2914,17,3756,4061,4722,3364,2079,2276,2864,2097,4875,4333,185,1730,2349,538,2838,2607,3532,1]
[0,3034,1415,842,282,1433,2170,2225,516,3933,4816,2903,986,3104,1660,4782,1775,2427,2941,1008,4012,3980,3615,4573,3659,2488,4336,2915,754,2449,4096,354,216,1674,576,1091,4503,3171,1221,4577,1284,2144,4964,4652,3748,2517,4585,2633,4521,4884,2145,2602,1050,4036,2500,1073,4369,4049,358,3431,1933,3708,70,814,961,957,4910,2467,1272,2441,4599,2966,1242,1086,1552,2592,2093,1164,2454,2256,4048,1316,3134,475,1560,4809,2688,2486,4664,3915,4783,4933,346,1]
[0,553,4366,4450,1462,679,623,241,2415,1342,2501,2044,1115,1556,2742,528,1447,805,1774,1127,1161,1311,14,3486,3699,3849,4157,3114,3540,1576,2348,2395,2631,4346,163,1921,2298,3300,2704,1572,1332,5,778,4872,4940,2013,3263,2336,3752,3103,2323,2701,4124,1768,4187,3025,141,453,1359,4305,441,2099,1428,1340,1171,3941,4527,2746,4046,979,1887,40,1837,1130,900,1580,1555,1]
[0,2504,3595,360,3994,1744,491,48,3296,2098,1691,386,1687,2267,2542,587,4689,649,4440,1845,889,2847,2482,425,2123,3657,459,817,133,4595,2154,2140,106,1751,3403,309,4144,4669,3536,1563,1219,418,2082,1712,2744,2410,247,1254,3181,2979,907,2285,2277,2944,4818,2376,3828,242,4183,2877,4866,2610,3060,1956,255,3758,88,1220,3221,3867,3889,4283,160,3622,4553,1317,356,2464,3207,2571,2476,3636,4209,1113,1]
[0,3644,313,905,3971,3808,1792,1400,2075,2448,1825,1785,3478,4515,3397,3773,3651,2893,297,28,608,2150,2939,1853,2983,3654,1243,3303,4911,2465,2407,3190,1029,2133,1683,3155,784,3645,3109,2371,2729,2785,1015,2782,2377,3090,1077,882,1120,3572,3633,1759,2758,1170,1941,267,2695,4279,1501,4887,744,394,1010,2606,3969,97,2051,3126,4853,2397,3254,611,119,1150,4572,1486,601,3911,3215,2800,1]
[0,299,1210,4583,659,104,1688,2996,4831,3664,3112,2666,4165,3046,1821,638,4047,2281,3174,2664,4126,2372,4353,4070,3176,4470,4396,1320,1313,4678,3521,4631,3844,2017,3424,1035,3283,1201,3026,3160,3898,4211,2771,4705,3385,3426,3646,1862,4027,3239,82,3936,1449,1036,4659,4692,4350,1323,328,4592,1776,4455,2750,4378,4994,1529,39,1595,895,1256,2984,4972,4013,758,4877,4696,3301,3179,3395,594,1427,763,4056,1126,3429,1979,3019,3045,3390,3417,4277,2442,1]
[0,3441,1539,4237,4805,1426,2078,801,4624,4321,1584,1114,3483,2300,666,2479,42,1673,1315,1795,4528,138,3565,2091,2232,4420,1746,3591,3042,2565,1733,3761,2085,1533,2938,539,2640,1749,1864,4966,4677,4985,3113,4234,3641,1222,2992,1789,4855,602,401,1710,2142,4532,1664,377,2021,1379,1883,3580,4628,4550,2637,3411,3871,1799,4952,4106,4956,4112,4601,2457,4860,195,2907,4773,3735,4433,3927,1]
[0,1715,4979,3195,4,1927,3222,3157,4076,3543,2522,3799,1926,4786,1304,3709,3643,335,1107,320,4495,2824,3517,3526,3501,1337,810,2815,3381,2297,579,1881,693,2608,209,4383,2703,626,2047,4399,4476,1964,113,1271,221,264,2495,243,682,3722,4871,4160,2310,1110,1153,3999,4701,3096,4602,3219,577,4868,2657,1399,3206,3598,2120,2432,830,4398,4040,1135,1]
[0,1705,927,4645,3335,4654,1811,4685,4845,4556,3579,1457,4575,189,2958,3923,122,660,2055,3305,2431,4189,1771,3553,2957,2440,4726,2765,3266,2029,2544,639,1809,1543,4300,1626,584,1704,2385,1329,2325,2661,2478,4578,1945,1942,334,2883,110,737,911,675,2038,4341,1909,960,404,1031,759,1765,493,3607,1169,1697,4882,4004,240,3766,4753,4740,4404,1951,4019,4376,2451,4125,2023,4101,2132,3541,3688,3638,1631,2165,685,1]
[0,2406,3995,4744,1554,159,4005,1607,2839,1944,1088,1896,708,712,3048,4785,4477,4768,2899,4900,3695,908,2648,4517,2625,2437,2179,1545,4345,1269,3062,448,4780,4343,492,2050,2948,2135,1410,2491,1834,2997,1450,3357,3015,4252,1805,4175,1341,90,664,4354,1281,1101,4480,644,3563,2710,2295,1386,3493,2620,4009,1160,1591,3133,724,4320,3453,178,167,10,3548,2015,497,1350,4830,4236,4367,2868,3466,2521,3573,2999,772,1]
[0,2928,959,1828,2040,563,2707,4844,2477,4998,2147,4953,292,1846,1650,2894,3625,1496,3830,4282,2937,4487,4117,3912,2691,2239,2998,3419,2510,3528,2443,4186,2949,3779,2875,3515,3168,1305,2490,2107,2562,1573,3469,3484,3957,1970,1349,3705,1011,1598,4888,1609,3859,1553,3583,126,556,2148,2751,197,3584,849,323,3372,4274,2375,1510,3362,2822,4030,2721,4614,1780,3136,3542,3807,1083,1]
[0,1649,4629,2768,4637,4389,4984,4832,4502,788,3874,4522,4011,3101,2257,3214,1028,1244,809,2570,1954,3367,4703,700,3277,4153,3793,1225,1096,446,4987,3049,4454,3086,3958,3123,3236,4322,4114,4525,3282,3613,1866,627,1181,1877,3506,3405,3306,1111,2527,4129,177,775,246,3803,2940,944,1616,4143,2255,3186,683,1012,4381,4742,1138,2687,4029,2761,2152,1262,44,238,2904,1]
[0,3341,1612,2674,4316,2197,2960,816,4467,2307,3973,605,3085,3278,4903,3235,2141,4737,4365,4461,2053,2595,2414,4640,1168,3068,4988,756,347,3744,1655,4360,3224,306,3487,1722,997,902,3131,3400,558,1189,4915,1574,932,715,977,4743,2056,3398,2489,3717,3566,3371,3339,818,98,1614,1899,2515,718,2100,637,2705,456,1]
[0,461,2368,296,3587,4881,1716,3510,4328,4391,4733,800,4981,1766,3719,3578,336,2906,184,3668,2024,526,1365,2827,2560,370,2404,732,20,382,4507,4122,4716,1490,2308,3017,4610,3444,4093,469,361,4850,3891,4297,4967,2804,3750,1257,4520,1422,710,4020,135,4730,2672,1364,1796,4240,1678,4097,2594,3780,3065,420,1047,4033,825,3111,3621,2291,2158,1]
[0,4849,202,479,330,194,4570,2925,4776,3477,2556,4339,3228,3208,2401,128,2981,2252,4008,1707,4800,1915,293,1514,2355,3323,3882,4574,2182,96,345,414,3514,2101,451,193,3492,3772,1867,1753,2837,3308,3905,3951,2994,4975,3021,3295,3986,1216,1123,2116,1666,1039,132,1610,2201,3129,1407,3883,1817,2636,341,1981,2567,4906,2764,2743,3965,1790,3078,4168,1886,4854,1]
[0,1506,2557,3926,4091,1098,2884,1568,2071,4526,3832,4229,1642,2932,3984,4894,860,2419,4267,1512,4488,3035,423,941,3324,4150,562,4739,4927,811,2301,66,3981,533,3979,3586,2532,4904,3097,4675,2445,3797,3920,1590,3071,57,3223,3187,4494,1174,2181,2343,426,3148,2572,2081,2124,2702,1129,261,1345,706,3617,1367,222,920,1931,4474,2309,1]
[0,343,4026,2730,2551,4655,3550,2344,2736,4054,3593,3105,1830,4928,3666,1017,1026,2553,3679,1068,1258,3872,3736,3816,1206,4943,107,417,4446,4077,101,2860,1784,2287,3603,2059,1356,4538,4010,1152,1143,1485,294,4945,768,1381,1988,930,75,1801,4597,3379,3966,2127,4836,2930,2575,969,1]
[0,2379,1709,4462,4120,412,3856,1000,2756,4955,1005,2337,2931,4405,984,3764,4932,3782,1854,3924,3755,4292,4324,2513,4769,4514,452,276,1513,4865,2070,1343,3996,3347,3070,4762,2598,781,3435,2066,445,4600,1798,2208,1635,4791,3130,4627,3238,2818,512,4003,2511,148,4798,2428,4732,2561,3289,1508,427,3892,2794,1669,1184,3851,3656,1]
[0,2659,2367,1024,2483,4263,3639,4535,1727,4941,4115,4666,1786,709,3864,4649,4485,1986,564,3988,2396,3240,2685,572,2919,1602,3610,4132,1571,2183,852,1505,3248,4171,1299,3894,4534,2526,3100,2803,2089,613,1037,1860,3226,2539,3013,3177,3740,3723,2693,2880,1681,3788,507,1973,45,1856,4513,1]
[0,4307,1826,4397,4121,1232,956,3023,4364,4523,2989,3135,3564,4370,2954,3407,2037,918,2767,1380,4973,3689,4190,1747,4548,4250,1139,3747,4978,3841,1163,2533,2783,3245,628,4500,4761,3188,1745,2234,3678,4276,4986,153,3461,3322,2088,4702,3903,3311,1121,1405,3786,4562,3010,2968,1]
[0,3249,2459,1100,2809,3959,3386,212,2045,2528,4231,3366,1362,2393,3145,940,4870,279,2780,29,4803,2330,1004,4045,4182,4475,1544,1394,4792,2769,4147,3771,1601,254,2242,263,4371,2797,4135,3044,1302,4916,1301,1586,531,4616,3020,3703,4795,4238,2738,1080,1468,26,3008,3620,652,1]
[0,1823,2238,2858,4997,2499,2524,4390,2450,3374,1460,4651,1057,4931,3376,4544,3781,3655,1369,55,2650,3468,438,4152,1680,1638,1352,2836,1211,915,3360,3906,4357,1752,4156,252,4618,3670,1599,3602,3288,3910,3162,1911,3359,2529,4216,3217,4098,1248,4249,4711,3476,4859,1588,3329,524,4897,2119,1182,1918,1]
[0,2077,3687,4443,2157,3904,2455,442,1791,3677,4466,560,4457,3683,3878,3490,4304,4644,1224,1463,4463,4581,4347,3121,287,1592,2745,4693,720,2716,1456,4930,4379,368,1872,3502,4858,1406,3672,4519,740,2969,3002,1478,2889,3855,2755,3193,3117,4163,3154,1199,369,1515,272,4694,4620,2712,2210,1850,3074,674,1]
[0,3326,3775,2229,643,4110,4567,376,2972,4713,4421,1142,165,271,1997,3204,2820,2663,4028,4540,83,2204,513,2908,2217,4772,3024,4802,4793,711,2669,3037,3196,462,4759,3534,3982,2851,1646,1717,1793,3960,1377,760,399,3763,4557,3628,925,4605,4245,4478,2004,1778,390,2593,1]
[0,4962,3394,3270,2927,4109,2518,3150,4118,2186,4281,943,3914,2841,3967,774,4797,4395,2905,4000,2014,1454,1930,3751,1025,1769,3895,3955,1699,1074,4224,3774,1855,4349,2628,838,1919,989,2342,3396,4608,3760,4429,1999,4852,4779,3250,3627,3769,4757,2364,1636,803,735,1]
[0,121,2240,2886,464,4177,3531,650,1969,4438,4551,1003,1934,1063,4196,3342,4806,3919,606,3802,2801,3749,3038,208,1134,1643,3970,653,3383,2332,1540,2293,1700,4273,739,4041,2934,1148,3124,1467,3953,2236,2381,4053,4653,2473,4473,1327,4223,2357,4728,812,3822,1]
[0,1136,3558,3718,3846,2538,2662,4422,3609,4154,4788,3993,4808,3907,3051,4512,565,2167,1943,893,582,4400,4929,3635,2975,3470,2196,2973,1923,2965,4356,4729,1665,3108,1993,4043,3817,1949,4648,1328,1871,3452,4697,1261,3554,2523,2995,4386,2235,3391,2834,3857,3418,3949,4271,2351,1]
[0,517,3144,3839,1412,2359,4536,2909,2163,2487,916,4092,3161,3795,3833,3309,867,2978,4444,2855,750,541,1925,3866,2916,3459,1670,2795,3199,504,1403,4412,2502,4817,3334,1196,2333,2003,344,215,168,1914,4947,4765,2194,868,4869,4843,3667,3173,1]
[0,3011,3662,4919,3533,813,2316,2461,2249,1929,3159,3401,145,909,3272,4286,1414,2231,2000,1095,3463,2311,3728,998,3606,1566,1398,1761,281,3440,4058,4294,3853,3777,4456,1922,214,1659,3073,855,4563,4922,1034,1971,85,4983,3274,2206,1347,1]
[0,4403,3258,3003,4331,3738,4754,3588,1938,65,1366,4458,1902,1882,2840,2982,3917,4901,2671,4437,912,898,3863,2012,4060,1645,3937,4660,848,4208,3702,157,318,3560,4775,3601,3410,3938,4111,2233,3896,1985,514,3006,353,2322,4205,2644,3507,851,2806,2900,745,840,3494,3631,4968,1]
[0,4596,1348,4939,2474,1713,3315,1297,1223,2652,4565,3047,719,837,2714,3462,2314,765,2278,4264,2773,4706,1827,3072,183,3434,645,4760,3796,3691,3143,1804,4506,1531,1782,1355,3589,4285,2787,56,3934,4083,1]
[0,2786,3508,2061,4851,2429,2943,4954,4278,4482,3732,1689,1353,1641,3640,4055,2317,4719,3297,4688,2007,1654,3881,2923,4950,4857,4016,4698,3805,3546,3604,4935,2926,449,2508,3989,3456,1085,4233,1064,1042,1810,2680,1]
[0,4873,3307,4072,3027,2772,2599,689,1734,4936,2615,2224,1847,4569,2865,3630,575,4088,3464,2715,2959,1291,3770,2980,3057,1466,1536,4686,4280,4018,2106,4248,4920,4623,3743,4432,3257,2153,4427,4268,4295,4963,3083,4089,1]
[0,1898,3031,967,4051,4815,4242,280,820,4766,2130,3423,3858,1451,4260,2719,3569,4158,4826,3349,3567,3661,2952,3355,3271,3284,4402,3475,3962,4749,3940,4314,4409,2156,1575,4974,2748,46,4136,3373,4965,154,535,835,3784,4246,4833,4442,1]
[0,4340,4580,3562,4387,2243,4315,1721,2329,3848,3365,3704,3512,4244,3939,2195,2613,945,2324,4603,936,2564,2853,437,277,4312,2190,4382,383,3229,1461,2102,3275,3693,2870,3237,4226,4912,2057,4946,4591,1048,1]
