20
91
1233168
[0,2552,1586,558,1082,2968,1920,1385,353,2328,199,1221,1260,2058,231,444,1294,1378,3575,212,2530,22,310,1892,3139,644,3291,278,2321,52,689,1628,3412,1882,1558,346,984,2827,2383,2191,1451,379,3795,3095,1008,899,1555,34,751,3421,2157,1897,2344,2947,403,2553,1079,263,1176,33,470,296,1132,905,197,410,2578,421,343,533,891,54,1197,1101,3134,1543,1797,1173,308,2454,3143,2129,17,680,332,2810,3084,36,75,1149,683,764,2141,1507,2018,389,1497,259,1]
[0,2274,2009,703,810,3853,1090,1965,1425,3195,1742,2484,2763,943,2206,2143,1441,133,3140,340,174,393,1419,2662,567,721,1387,418,2779,2182,2726,2152,1368,2134,44,97,870,1298,406,2999,1758,2467,2379,772,1432,1518,198,942,599,1087,468,527,1529,138,297,2224,2269,1266,1414,705,399,1844,1273,1652,1512,119,2278,1994,323,55,1418,2834,2556,1412,2502,3582,3285,2137,631,2801,956,1225,1954,2220,422,1281,719,1021,857,1963,730,2724,3540,3577,1396,1280,917,245,19,2411,1302,3372,1187,831,1725,2637,637,1934,2785,1167,2381,1566,2372,1182,1193,306,2557,1520,661,350,1810,2042,1743,1579,1]
[0,3275,2099,1822,507,3401,2209,3465,3214,1624,2260,242,737,1106,2965,1250,387,965,189,1119,1873,2623,177,3656,3945,1467,1572,2246,563,326,604,1746,1671,1906,1226,1424,2316,1188,1490,398,2559,233,62,1367,977,733,1477,824,1077,365,2164,3526,217,188,2211,626,1937,1533,550,1170,1597,2459,2007,2226,600,1494,2064,1681,1656,967,1300,1392,194,866,1795,923,1984,1966,2404,1235,2249,3233,2807,1019,241,1217,3043,1889,2664,1818,2285,1007,542,1215,2144,1573,710,74,654,280,913,500,888,1351,1700,1233,3793,2872,508,2078,3,107,234,636,2037,3515,264,348,1563,448,1693,3494,3338,2714,501,800,3804,136,65,388,477,3072,559,249,1695,872,4085,2248,3341,1222,113,172,835,662,1515,1397,2105,2695,2405,1152,1309,419,100,991,1594,142,742,828,1]
[0,1395,624,56,1764,961,526,854,596,797,517,367,947,490,3402,1468,1098,303,816,2511,4004,1834,128,1382,2945,518,298,853,397,2886,753,1918,502,2367,2843,3272,301,45,3771,979,1345,2820,2644,1141,3206,207,87,441,766,409,3763,3541,2855,767,431,1523,1050,209,807,2913,3132,1155,3614,2655,595,2420,2639,1632,180,3415,879,1974,1716,638,1018,1987,1932,1427,295,1252,849,940,92,3193,3204,2745,906,950,1979,645,382,693,2837,200,580,1658,2708,1122,135,472,2336,2469,432,2343,1996,2832,2828,739,2453,328,1426,2368,2668,4005,122,671,3123,2337,2296,458,1835,184,2200,322,2031,335,982,2505,1872,61,2263,801,2115,2315,3512,2256,2251,3001,1629,2308,1560,782,3733,1950,1639,2973,3332,4000,1931,811,160,955,3717,3510,1659,1229,2600,2414,1446,568,2560,887,299,1407,1698,2403,4156,3126,1083,226,771,484,2915,1023,193,2678,997,1975,2189,2490,134,274,2069,978,2122,4155,1958,2676,456,698,2378,2027,1]
[0,93,364,882,1961,3901,548,3230,1738,35,3511,3146,3216,1189,3300,1376,976,1033,3410,1402,585,2838,1916,3502,283,2470,3548,506,2463,784,1320,4274,1702,2549,503,13,3350,2702,72,3104,2265,3058,537,1513,1135,2272,1726,48,120,2221,3426,1753,2932,1410,2601,2244,639,1804,196,1218,1794,99,2091,3566,609,3078,1277,2479,1078,2039,1599,1972,1271,465,2983,1736,3479,20,788,3037,481,577,1581,2397,1308,1665,535,633,1304,3596,1278,1069,2067,2797,594,2428,279,3155,625,1230,38,466,3554,1921,175,569,2602,1104,3045,438,565,1457,618,1192,651,1464,2159,514,1283,802,513,4194,799,2920,2281,944,1]
[0,1437,566,1778,3393,863,2980,3557,2847,3585,2776,37,2835,2818,408,685,3948,4132,168,996,722,366,1013,2297,1534,932,32,664,2389,1466,3354,2907,522,2874,2306,579,1401,203,211,469,260,1739,2161,291,1642,170,1588,1020,498,1261,319,1904,2210,396,2450,1002,1723,1929,3742,7,2277,2231,736,3173,648,755,3649,1917,785,1053,1061,949,1436,3699,2142,743,2113,682,473,1760,1212,2607,4491,3382,2127,4557,1745,3491,4001,3029,3020,2071,4126,2632,603,672,1114,89,1761,808,2032,311,668,523,1609,1332,1]
[0,411,591,84,509,1474,708,238,1326,284,998,2374,1248,2525,2068,2199,3061,3938,2214,1771,21,901,1757,3064,1806,2609,1791,2700,1557,1224,528,2401,937,2839,4056,790,3294,239,909,1547,1976,1274,740,2680,1123,3600,2503,1496,1337,2671,2051,1675,826,3228,3356,1022,4007,2569,24,3157,1705,957,130,2148,1622,300,1038,222,4347,4261,1640,268,1926,1263,2868,3650,2551,3842,598,4317,2339,94,478,1285,282,2407,4724,2686,2120,4232,3725,610,428,1767,1459,4195,1731,143,232,634,1025,1852,2626,4353,457,1875,658,247,121,4457,2282,2751,2989,792,1694,677,228,1682,2286,4894,155,571,761,1333,3920,4592,1]
[0,4541,1140,3591,2979,3366,3067,749,964,2824,3253,3660,848,3308,4652,3595,3970,204,2842,2617,798,3055,2060,1183,491,2462,1829,433,1765,439,1199,2348,2826,673,2002,666,3606,8,1527,3668,3163,1667,3205,2110,3447,692,3758,1483,2300,2239,2125,2934,3127,1052,2998,3737,3617,4157,3357,994,622,556,1644,3864,1539,1983,493,989,512,2197,2104,1715,2858,1487,3634,3036,4551,4852,1001,1030,630,4456,1350,3450,2026,202,2140,3225,702,519,140,1265,318,862,1404,51,540,2703,1660,112,2802,1041,1213,892,1621,1399,871,2894,1011,3269,1]
[0,969,1577,3800,3986,2522,3339,3632,3925,2555,1311,15,3044,4597,3814,3125,3283,1919,2693,1353,218,1360,2528,1587,2329,2112,1178,474,3700,1635,3574,2357,936,3094,1876,443,1181,2153,586,3962,1028,1884,520,1241,1688,2491,4889,2985,1074,4137,529,4242,3888,3967,3466,2204,2444,3483,1784,3179,3971,375,1124,4434,1517,1236,2991,2187,545,1127,2059,898,2541,1343,1530,910,4293,707,4504,3033,544,758,2509,1095,1957,2597,1372,2996,2212,3137,1886,2423,2710,3484,2967,357,1371,2561,2949,2986,4139,3076,23,1805,3878,1239,80,1460,691,4414,58,2606,244,3252,628,1903,2536,446,2190,1651,3728,3573,1673,137,3492,1883,4216,3592,2284,1142,1924,2111,1669,304,3710,3805,116,2415,4149,2429,3203,3316,2576,1421,2758,2689,3490,908,2946,1646,162,2010,2861,1893,2267,951,16,2261,2299,390,161,1110,759,413,109,2121,1121,952,3015,3462,1]
[0,3016,715,3701,4642,285,2713,3048,1894,4050,1190,3869,2622,4908,3569,2150,1877,257,4674,95,2780,714,1201,208,4700,1532,1210,1116,3998,858,3430,655,18,1163,1105,4548,3882,3243,1471,1244,3114,2577,2800,4154,2289,804,1324,2070,3459,2663,3115,3070,2665,1048,1208,2895,3715,4699,1956,1125,4663,3876,2815,1941,1815,378,629,105,1911,2083,2217,4702,1036,2466,26,4974,3865,41,2916,2,3514,4565,4012,1488,2354,939,4614,4515,3086,2705,4867,1734,619,1689,2546,230,4361,4365,1617,560,4336,1627,659,727,1]
[0,293,2563,4114,3732,3995,4439,2923,316,2798,3857,2819,3939,2899,314,1888,1991,3640,2318,2033,834,4422,546,1620,2910,1462,475,1256,1405,1027,2419,4830,2126,2103,1992,3815,3277,1578,2682,1559,2766,235,1234,1948,924,1347,2207,4059,12,2767,4624,1514,3185,461,3082,4538,3092,3049,315,2481,4384,2687,3946,646,4468,2359,3794,531,2535,2258,3992,1447,463,1814,2692,4254,3960,1842,153,4211,1851,219,695,117,1697,1977,3745,3675,3138,225,839,3241,620,60,4603,3051,2394,1776,3868,1]
[0,98,1668,313,3611,3976,3828,338,4190,524,2640,1866,724,1839,3643,1040,960,440,191,246,3679,2492,236,1232,922,1874,4018,2176,3129,2649,2935,1325,2670,2975,1067,4567,4916,50,4433,1344,2896,1548,1039,1489,3232,2431,3008,2524,3476,2442,1433,1959,770,1899,1359,3251,1783,4887,1262,1522,2739,3199,47,2917,154,525,4167,3576,3525,2421,363,561,2048,25,4530,2970,1511,4903,312,3902,3838,176,590,4062,256,1878,930,251,1638,183,2478,4989,2942,2914,3039,2184,337,4205,2877,1545,4143,2628,1728,4447,3013,3775,3972,3431,3497,837,3169,919,3478,2402,1825,1927,3981,4511,4277,435,4019,1]
[0,391,2527,2741,2936,373,1009,1455,623,407,4706,4831,114,4492,1951,2643,1288,3443,670,1775,4866,4015,2303,1331,4344,3672,2095,3825,921,1935,809,1619,82,795,2825,2883,2963,886,344,2024,4013,878,4746,1151,43,2659,4173,1971,4315,2196,2259,3586,3267,1960,4354,305,3059,395,1066,4527,462,2841,2232,679,2951,4454,2324,173,3666,4748,2799,423,206,815,4803,2520,3362,3312,1831,3403,269,6,1526,494,4945,3753,2744,2264,1]
[0,778,3661,4513,4892,2958,64,1355,4591,4377,779,1148,4166,3006,3271,2422,3530,2089,4535,1985,4848,3106,4307,791,2271,1386,3131,4052,1969,763,2723,2294,832,281,3460,2909,3528,330,2066,4210,3516,2202,1059,2768,3626,1339,2583,2603,2845,1431,2954,250,3112,4941,2964,1286,2132,3918,2590,4339,2679,4479,3765,3748,4918,4554,660,2377,1317,381,2921,2347,3343,4391,2102,3208,3594,1922,3896,2852,720,1869,1484,2898,4183,372,3274,2777,442,1247,4373,182,4608,1388,4955,2585,2808,1416,416,796,1]
[0,1865,687,605,1531,3822,3788,4290,59,476,1290,3947,2534,351,3572,3684,4820,885,927,1080,2918,3786,4985,4067,1611,2171,3950,2223,877,286,2108,959,902,265,713,911,2175,2809,1092,1456,3371,1781,1454,4745,1864,1448,578,2813,3168,2448,1777,101,1602,1000,2093,963,2554,270,3657,2156,4685,3810,3609,684,4750,972,1354,2276,3968,1196,216,1811,2507,2746,1636,2882,1741,2944,4616,2931,925,3909,4655,4680,2106,2004,3090,4006,2568,1973,1352,2330,2077,2045,1885,1458,2732,1703,1]
[0,2548,3345,1807,2445,547,3806,2610,3915,814,4580,1357,253,4393,261,1509,1440,4846,1718,2685,4850,3099,4079,3282,1774,2254,1721,896,2047,1429,2770,2008,2165,1895,3349,287,2327,1062,3042,844,1648,1699,1749,617,1264,1556,1686,496,859,4662,699,4619,2273,1606,171,4231,1329,678,436,941,437,1094,1136,2062,926,2079,1912,464,1166,1867,4436,1172,2764,564,3890,2715,2242,709,2417,3872,4629,2482,4482,2458,1661,2543,4783,271,3681,2870,262,2082,1848,614,2570,2351,4086,1088,1097,1]
[0,2539,3997,4400,2375,2435,2257,2434,2660,4898,2338,4095,973,4743,376,4399,2521,127,3654,3790,2213,838,4520,3954,2498,3469,4131,110,2684,3229,2416,3782,4444,1479,429,2848,2518,2178,2729,2341,4731,4861,2005,1942,1279,1117,4044,4704,1096,4485,3659,414,356,1103,4158,1955,958,2900,1748,445,3399,819,2154,2361,1154,1687,806,4483,3314,573,4172,3809,2940,3746,4673,999,2149,2690,2426,2406,1554,1228,276,4023,4341,67,3105,774,2856,3667,4200,1085,3898,327,1245,1330,3284,4426,4540,254,1625,2930,734,115,2228,775,29,716,4531,851,1]
[0,1073,4794,2136,3278,2275,4949,4581,4028,394,1486,4350,521,2287,3618,903,1146,1406,1759,962,2992,4014,4325,1195,147,1720,277,3739,3532,690,1678,1709,3360,4402,4950,4096,3536,2943,1364,3053,4460,4790,1813,1551,1017,4142,2236,1295,3333,3543,3553,3578,1981,1939,3711,1137,1519,3653,4394,765,3434,1227,2384,201,4335,789,1792,4191,3729,883,818,3151,3432,1593,2222,3830,4186,4265,420,1616,3791,3010,2022,1]
[0,1525,3390,3887,4909,1478,3160,4661,1891,118,1626,2701,385,3827,4250,748,3270,2859,1174,1186,2987,3202,1303,1356,1029,4049,4863,2596,3363,2346,4120,4507,2074,2243,2219,669,4582,4821,4956,4735,4688,1043,1657,2757,3122,4938,3005,2875,4348,1610,2956,2513,1711,427,2360,3895,4463,945,3840,4643,1654,4739,676,4363,1605,139,3265,541,2582,2233,3063,4569,601,2747,3674,4529,1267,2460,4037,1091,694,1]
[0,495,2725,3130,78,3477,2867,3924,3154,2594,4251,3816,220,401,700,3754,181,4825,4214,1374,192,1859,2295,3504,1159,1207,1296,2531,4760,616,4148,3361,76,1390,2811,4601,2390,4711,1567,4170,2795,4093,3858,1220,2096,3144,2167,4756,4516,3988,4814,3735,3330,3170,1915,4136,4029,1740,3987,179,612,4259,4223,4521,3955,3707,3384,1428,3098,1712,1379,1571,3365,4628,3689,126,3121,3417,4031,4645,2862,3062,1144,1113,2452,2526,1809,1744,1631,712,167,817,1]
