100
8807
118756
[0,199,267,77,552,109,128,987,789,296,341,523,767,565,728,568,793,807,210,148,648,854,774,428,588,606,931,821,198,542,13,873,977,263,717,5,450,382,963,135,463,716,661,483,838,823,946,953,471,906,926,87,850,112,614,674,95,598,570,489,286,665,426,1]
[0,287,393,857,462,20,107,405,195,697,1001,118,633,962,971,915,442,256,346,364,68,398,429,219,19,217,642,521,996,768,223,169,581,249,58,189,555,803,374,755,446,424,573,306,758,662,741,102,725,284,336,456,875,965,196,1]
[0,39,509,791,799,226,829,143,626,506,924,438,891,534,190,620,144,309,151,283,458,562,772,90,680,927,188,440,841,519,153,417,48,657,822,28,300,917,85,597,186,564,908,718,800,770,580,848,119,1]
[0,1]
[0,449,698,150,1]
[0,116,43,655,91,732,351,834,498,543,265,434,734,978,130,679,505,262,92,115,866,693,378,729,936,773,136,414,664,432,14,26,881,849,69,387,64,366,531,274,354,420,650,518,1]
[0,899,736,421,338,363,166,202,171,451,453,761,15,55,796,50,316,155,407,1]
[0,730,233,510,1]
[0,1]
[0,1]
[0,1]
[0,1]
[0,1]
[0,860,225,983,436,343,1]
[0,1]
[0,1]
[0,1]
[0,645,8,929,942,969,129,839,968,705,268,999,629,269,604,372,951,206,886,467,103,245,602,684,549,884,727,357,525,1]
[0,478,194,632,625,272,167,423,56,754,221,280,361,721,47,66,132,610,956,2,609,809,290,973,574,401,750,743,51,835,589,412,928,388,771,327,865,201,395,747,548,702,825,1]
[0,737,304,502,216,315,672,957,236,415,337,742,457,400,84,630,21,779,247,934,181,781,981,18,878,332,667,911,582,783,1]
[0,1]
[0,1]
[0,749,898,864,980,516,208,477,855,757,599,763,810,1]
[0,820,259,887,691,566,134,325,425,288,137,37,11,500,976,558,520,303,359,621,122,251,666,700,264,703,469,138,277,643,187,294,788,722,1]
[0,832,596,411,990,406,360,550,538,295,62,777,724,105,576,67,753,790,867,3,888,461,255,586,324,142,104,584,526,154,811,611,916,547,692,192,514,1]
[0,178,798,694,837,391,579,74,253,41,905,312,175,638,501,862,6,237,671,454,833,179,874,260,475,970,308,314,22,111,1]
[0,220,44,615,163,852,331,204,448,681,817,738,557,1]
[0,591,673,959,348,902,933,54,745,173,63,687,713,583,605,470,601,966,474,507,455,872,78,71,184,541,191,608,1]
[0,313,239,381,744,511,1]
[0,1]
[0,1]
[0,1]
[0,321,943,760,720,159,816,302,945,473,631,640,323,627,836,177,326,83,490,389,248,293,1]
[0,117,909,141,845,25,375,539,587,512,949,396,613,49,232,991,298,419,786,612,769,964,782,871,975,197,1]
[0,273,101,254,472,840,870,802,572,311,408,45,711,285,257,162,99,764,7,527,918,856,203,333,686,508,174,413,319,1]
[0,139,879,528,794,244,369,465,108,683,152,819,719,110,578,320,347,561,545,392,844,386,883,422,1000,616,492,16,57,1]
[0,746,801,377,944,73,183,209,712,365,495,431,482,688,824,861,938,560,904,636,696,524,246,334,715,710,952,1]
[0,795,814,739,200,81,459,250,668,227,397,780,89,701,224,900,637,843,950,10,241,706,193,752,243,486,240,939,827,1]
[0,149,468,218,594,270,804,707,59,885,487,997,339,126,12,658,23,522,271,784,279,912,441,399,846,1]
[0,1]
[0,390,869,577,1]
[0,1]
[0,792,984,35,622,180,675,575,164,1]
[0,958,998,941,682,418,592,733,344,127,291,503,663,53,1]
[0,170,766,305,828,371,282,876,60,94,709,297,863,466,27,735,292,404,895,445,168,537,140,972,1]
[0,146,299,172,831,358,322,29,982,889,689,690,318,261,890,652,345,1]
[0,868,185,443,731,416,97,1]
[0,922,310,464,124,880,877,847,808,17,385,660,42,380,624,649,480,24,252,948,1]
[0,383,114,708,765,818,654,826,685,617,695,499,214,435,356,46,1]
[0,38,402,301,93,853,52,1]
[0,775,955,215,65,394,491,585,678,98,646,544,533,427,723,493,569,1]
[0,79,515,762,211,842,659,452,914,913,355,494,157,335,410,778,714,1]
[0,1]
[0,1]
[0,1]
[0,75,125,258,1]
[0,677,740,756,235,349,960,988,919,9,985,123,1]
[0,481,590,409,859,947,96,80,384,160,368,1]
[0,595,379,1]
[0,1]
[0,961,979,352,647,222,535,641,676,182,403,165,556,238,907,70,1]
[0,32,607,156,266,444,921,328,120,376,176,229,113,133,476,628,1]
[0,479,529,748,937,986,930,994,350,353,433,1]
[0,207,896,699,281,995,540,228,161,31,329,278,1]
[0,1]
[0,851,670,940,776,121,563,932,276,992,1]
[0,362,439,567,903,812,797,785,40,100,1]
[0,600,634,275,1]
[0,447,205,935,897,830,805,342,1]
[0,993,488,813,289,317,920,901,1]
[0,894,88,554,704,651,1]
[0,653,1]
[0,82,307,726,4,618,571,1]
[0,36,923,158,76,623,530,1]
[0,806,504,496,234,230,644,1]
[0,892,559,497,61,593,893,1]
[0,34,603,759,635,370,373,1]
[0,815,485,639,513,551,1]
[0,656,619,145,330,1]
[0,213,131,553,536,1]
[0,484,517,72,989,1]
[0,430,974,954,858,1]
[0,231,33,1]
[0,1]
[0,1]
[0,437,1]
[0,147,532,30,1]
[0,925,212,1]
[0,86,340,1]
[0,967,367,1]
[0,882,787,1]
[0,669,106,1]
[0,242,460,1]
[0,546,1]
[0,910,1]
[0,751,1]
[0,1]
[0,1]
[0,1]
[0,1]
