100
9366
49010
[0,213,130,108,120,197,5,274,73,416,468,169,306,84,57,492,230,265,151,328,278,21,16,132,484,337,291,117,83,1]
[0,185,7,224,277,345,76,18,184,195,252,257,307,221,147,231,424,133,261,1]
[0,1]
[0,476,342,164,93,456,264,443,332,101,89,466,296,68,1]
[0,228,402,152,349,419,344,495,52,285,126,297,153,160,383,372,1]
[0,267,146,1]
[0,136,86,87,401,1]
[0,80,141,439,373,9,233,216,243,434,1]
[0,458,280,168,319,211,437,279,411,440,69,352,460,483,317,477,324,281,13,158,237,333,473,461,81,53,161,1]
[0,55,12,259,40,269,1]
[0,1]
[0,1]
[0,339,26,32,365,245,88,14,391,229,100,340,323,10,308,300,258,8,271,428,1]
[0,498,362,1]
[0,205,397,15,50,6,275,170,321,204,399,500,236,77,63,47,351,193,410,180,188,417,444,1]
[0,448,414,431,186,2,210,354,3,304,361,474,244,315,179,255,294,421,290,357,162,382,148,330,479,1]
[0,370,44,1]
[0,438,59,446,222,312,489,25,98,182,97,110,334,99,191,436,61,37,384,109,94,426,1]
[0,183,303,214,412,464,190,367,356,177,309,115,413,363,380,393,43,125,256,118,1]
[0,165,196,208,350,209,433,432,223,1]
[0,34,181,325,127,49,1]
[0,1]
[0,1]
[0,1]
[0,289,248,387,166,1]
[0,254,123,375,29,359,499,157,469,142,355,79,60,381,154,408,392,1]
[0,41,71,54,150,301,106,149,30,48,75,103,246,1]
[0,389,155,58,42,491,457,51,394,111,405,171,347,143,114,1]
[0,121,235,135,227,90,92,232,198,386,268,260,314,1]
[0,415,163,465,273,329,240,144,452,286,91,485,27,487,1]
[0,35,116,459,174,96,292,192,194,287,376,418,24,234,1]
[0,38,31,427,331,247,423,467,1]
[0,1]
[0,320,131,430,1]
[0,1]
[0,1]
[0,1]
[0,28,241,1]
[0,471,226,1]
[0,187,1]
[0,1]
[0,1]
[0,322,407,288,284,293,1]
[0,134,368,313,378,105,404,203,1]
[0,17,36,454,310,139,385,200,501,4,470,441,1]
[0,409,335,78,353,239,242,140,1]
[0,358,1]
[0,1]
[0,189,276,46,253,318,422,478,445,45,1]
[0,262,219,1]
[0,336,388,311,263,33,425,1]
[0,1]
[0,270,218,74,113,172,1]
[0,119,283,343,1]
[0,1]
[0,1]
[0,472,1]
[0,206,128,1]
[0,124,371,19,67,338,369,475,1]
[0,22,282,341,496,266,238,107,295,451,1]
[0,220,129,326,486,482,95,364,1]
[0,429,299,104,178,70,272,1]
[0,201,346,360,400,1]
[0,1]
[0,1]
[0,348,455,1]
[0,11,250,302,462,249,175,1]
[0,406,122,225,1]
[0,156,1]
[0,207,1]
[0,1]
[0,138,453,398,1]
[0,1]
[0,56,1]
[0,488,494,379,1]
[0,1]
[0,327,463,1]
[0,251,396,176,298,20,1]
[0,481,497,480,377,102,1]
[0,316,374,159,1]
[0,173,447,145,85,1]
[0,64,82,450,1]
[0,449,39,217,1]
[0,420,305,395,1]
[0,137,202,215,1]
[0,403,212,1]
[0,490,366,1]
[0,199,390,1]
[0,65,167,1]
[0,23,72,1]
[0,435,1]
[0,66,62,1]
[0,1]
[0,442,1]
[0,493,1]
[0,1]
[0,1]
[0,1]
[0,112,1]
[0,1]
