10
695
22048
[0,27,277,55,128,67,62,211,326,185,103,283,71,229,323,357,375,301,488,181,221,105,485,322,157,150,360,121,8,273,389,187,472,1]
[0,289,143,39,317,285,320,414,330,494,41,362,495,364,321,412,64,219,343,316,314,353,391,439,65,246,182,12,1]
[0,33,498,52,38,132,486,6,477,415,274,220,10,141,210,312,369,252,236,18,164,91,4,216,401,95,202,110,73,499,352,458,386,1]
[0,382,245,327,500,25,21,131,159,201,54,254,422,142,299,383,122,80,419,193,267,284,307,441,450,275,413,1]
[0,148,373,205,367,60,242,302,28,240,15,50,293,426,90,435,388,463,40,339,120,188,424,295,253,443,1]
[0,149,394,217,138,206,147,130,139,304,433,342,372,336,291,397,189,196,158,492,11,438,209,258,212,111,2,1]
[0,70,270,100,136,179,351,97,417,338,226,484,490,256,298,162,368,119,325,169,198,489,140,1]
[0,430,455,180,479,286,428,178,444,493,3,378,7,190,96,269,402,400,59,1]
[0,22,58,410,176,243,88,192,134,35,14,249,69,184,259,167,37,230,83,137,1]
[0,296,268,374,102,57,418,340,403,116,172,303,398,29,349,43,260,406,1]
