10
8
745257
[0,159,535,1734,873,2542,849,2928,663,587,2620,1780,450,1964,2311,2857,2624,2120,505,19,100,788,3134,29,784,779,2443,2733,445,111,3026,854,627,583,1654,1221,1562,2095,1264,2813,262,165,1071,1106,1244,2851,1012,896,955,1737,417,1123,2712,1500,1743,2238,2548,2067,1375,2040,3103,1735,3206,2986,2269,622,1350,1086,368,2033,1883,226,1584,182,625,1839,447,470,318,514,2159,1757,1940,1257,438,1230,761,2924,2213,1084,168,651,1458,1351,763,2633,274,497,1253,1864,1884,212,800,61,276,1024,1155,411,1266,664,840,2723,3581,2032,704,3722,1722,39,942,2318,3015,3717,2115,2558,725,2837,2667,858,2201,3173,541,1307,3434,3040,3741,2740,249,1863,1183,408,984,681,1651,1347,1765,2528,2964,869,2690,1442,1747,278,734,2910,1700,255,143,3265,2008,1]
[0,2959,441,1885,571,2423,1720,2314,2952,530,347,985,398,506,1730,864,1833,2829,1336,2080,1473,696,573,456,145,2083,1270,1370,1276,330,1740,1555,2362,2743,862,660,2444,2979,1259,1412,678,242,1661,184,2107,2037,3398,2788,2639,1629,1923,792,1819,457,1432,1205,850,1913,2100,2846,2338,500,1578,1186,410,2817,37,1760,1256,211,839,843,1916,750,1949,325,863,671,2279,986,2710,2451,3768,1429,3498,1049,3543,3025,229,1599,2010,2955,151,507,1456,526,206,1175,1904,2030,1261,461,80,3738,2126,492,2860,608,3105,2416,174,1]
[0,1541,1956,1248,900,2320,1121,129,1100,898,1383,172,3268,208,273,332,1860,827,1126,1445,2234,425,513,798,614,804,881,2547,2632,323,728,1470,542,2078,87,2045,1145,70,136,2649,888,844,2315,354,3804,3887,829,3791,3388,771,2401,3562,1289,15,2,3501,4138,1732,3387,287,2666,2293,975,1174,3013,2514,427,142,3645,3081,480,928,471,2060,1130,339,371,2568,1468,2164,2328,690,954,2473,1382,1062,1399,369,609,1733,916,279,2664,1286,1976,1603,685,1073,1166,603,3257,2653,1251,2259,3922,1990,1231,1169,665,2017,1027,1684,498,81,529,1643,753,1489,1326,640,556,2854,1158,1129,1156,367,3628,257,2053,118,3875,4006,2283,1301,1978,1662,1081,1]
[0,1831,1036,2826,3283,3238,767,1518,2111,754,101,886,861,846,2370,299,3425,2069,2714,3154,2180,2752,440,217,645,2407,3599,230,1922,1806,1858,2326,1229,1817,448,1446,1115,1708,2121,1235,691,1494,1749,3661,672,2884,2018,3443,2782,400,1606,2042,4151,1334,2419,2262,1917,3787,1895,2593,4035,1322,3406,2787,3189,2517,1529,432,51,3410,1800,258,1384,2072,2720,1272,415,1184,1374,2342,706,680,4502,1149,795,1436,4064,2248,2998,594,913,2943,2143,1519,3177,1689,344,1567,293,599,46,2408,2874,20,717,2015,1781,3120,1228,1573,1856,324,2247,4206,632,1771,132,47,1487,4034,3369,1127,718,1]
[0,153,2373,1484,778,2622,1210,1226,2277,1219,1680,3094,2426,2112,1199,1715,1605,122,617,1968,588,1762,1953,1517,1396,286,611,2249,2878,388,860,899,3182,1809,1418,3495,1363,941,418,1624,612,3765,169,2239,345,1447,2962,874,308,1845,4364,316,4707,1393,98,1479,2185,963,2769,1539,670,21,1319,1752,3560,1054,817,1195,1279,1402,642,1462,1414,721,3368,1900,2661,294,1094,244,579,2610,2685,905,945,1120,1275,2061,4575,2609,2818,1227,1039,1853,851,1469,4056,2903,1543,3802,468,604,33,1607,1537,1623,23,1764,907,3879,2777,203,1017,2805,3139,1783,1140,3437,519,373,2059,765,1163,590,1004,1590,1203,592,567,1965,1277,1]
[0,1789,3546,3905,3763,2334,3944,595,243,320,772,246,3084,838,1316,752,724,2643,3446,3519,446,4234,3559,3281,3721,3911,962,1823,92,2999,2179,3301,10,1531,1675,2489,3133,532,1028,4894,4740,2340,2539,3198,82,747,484,517,1252,1065,1075,782,1114,26,45,4272,2557,2881,3589,871,3620,2695,3146,1220,1842,1371,3858,1641,3549,3366,3107,2533,181,2453,1154,1448,2288,1902,2543,2119,3137,3822,4273,4177,2282,508,539,769,4436,1023,3457,3863,3245,3824,536,1761,1385,3917,686,283,1498,1671,828,4506,2856,3533,2659,3705,1102,3698,3113,267,277,1091,2131,833,842,451,756,3532,3756,2598,1805,1852,1298,695,946,499,4695,144,1]
[0,1886,912,1325,3078,3885,205,3079,1217,4719,1983,1188,1851,1699,150,233,2582,1822,1930,3298,3035,191,785,1843,139,223,1366,2483,949,3038,1148,1417,981,1515,2545,1078,310,2576,2257,554,538,1653,2019,1449,2693,882,675,2676,3965,964,920,3051,2073,4911,1460,1361,1892,2641,12,1785,4613,4472,1766,2793,918,360,1950,2052,3099,3825,1575,4315,1646,1600,3999,4414,4039,1378,22,1318,3972,805,1313,486,791,225,1925,2384,2378,4147,4268,4402,3508,684,2226,190,1770,822,2411,1753,442,3704,2949,3821,4423,2770,775,176,3550,4222,2300,641,634,2512,1951,42,646,1]
[0,210,1397,1687,676,57,66,3231,3970,1288,2064,306,867,1750,2442,1826,2571,1533,1390,128,2173,110,1598,1007,4991,3340,363,3861,1000,1706,1490,2162,4045,1040,154,2748,2520,2027,2503,3199,481,2812,365,3770,1702,2313,292,2499,2007,4287,3065,1247,2491,2646,2207,1909,4416,2904,2996,11,2721,3351,4481,2591,4611,3383,4524,1649,4549,917,1874,4903,3881,2339,218,1262,4751,1595,3610,4308,146,1168,3486,1372,3909,1349,830,4460,1611,4627,3957,2376,3216,1157,4701,3286,2194,687,419,3042,1798,1859,1813,1873,2449,3855,2304,1]
[0,3849,3602,2056,3075,1095,545,3767,4362,282,1581,600,1320,4321,2745,568,2222,1315,4367,3912,1597,253,2758,2458,2455,2402,626,1338,2261,1620,3392,3776,69,3671,3274,2932,1079,997,4388,2437,3297,2696,289,4092,703,4020,3194,3433,4262,566,3993,1200,491,149,2504,382,25,4635,1796,2872,2104,1645,1723,2708,2227,2303,585,1070,3845,2960,943,4071,512,3932,1406,757,2630,4654,2915,2219,2085,3289,4185,4966,1969,4000,2587,4174,811,134,647,1493,353,2155,2281,2452,1281,350,4342,58,2789,674,2772,4094,1029,3018,1218,188,2594,3959,1477,166,3185,4263,3312,694,346,1889,2993,4304,3869,1961,2599,1143,4440,3151,1260,533,3062,1181,4181,4483,1237,4659,1238,518,1934,1759,4171,1274,708,1008,501,2353,1225,3418,4476,3191,3622,2255,1841,3640,701,1670,1033,1952,396,2096,4574,3853,2863,3054,1419,261,1]
[0,1973,950,1795,3424,3055,127,2583,1294,1844,1242,4435,924,3208,4958,503,4086,1788,2434,1910,793,1310,64,1707,4348,352,1959,2505,2479,4189,3176,3886,2375,1989,2731,2939,1426,2332,1530,2021,1190,564,1440,1631,173,3724,1550,1105,990,770,930,2097,3653,2198,1441,2858,3090,4048,3059,1975,2301,1656,3313,4204,409,803,2169,3666,3674,605,2784,453,4095,4250,4371,2183,2920,4535,1110,4976,2108,99,2883,4082,2103,2075,17,3293,3630,3108,1957,3466,314,381,463,534,2312,3117,2156,288,84,1672,1373,2265,56,2209,1888,198,1138,983,3531,133,3318,4443,405,3639,207,322,1]
