50
3813
91164
[0,692,8,7,97,805,32,125,201,976,419,586,660,427,529,949,891,507,851,281,793,179,241,856,527,402,35,447,999,626,406,103,989,220,609,433,138,622,118,651,44,21,708,822,617,227,176,11,477,108,1]
[0,731,571,574,466,33,564,109,193,49,584,439,183,582,843,341,657,595,429,6,70,497,569,814,855,285,65,532,674,923,46,218,641,145,540,639,157,689,635,208,798,613,970,126,719,614,821,612,838,729,127,548,51,84,769,233,981,1]
[0,203,709,15,813,89,756,863,91,174,1001,340,995,501,850,166,549,110,184,308,547,790,397,474,906,988,225,172,228,123,389,826,760,381,936,702,18,338,19,343,345,331,290,1]
[0,64,301,515,502,903,31,399,351,771,362,772,697,572,269,636,915,536,661,147,977,398,909,953,346,20,801,560,792,535,305,765,570,531,58,585,286,698,300,795,83,270,812,455,315,415,804,287,1]
[0,767,73,504,40,143,182,302,833,137,1000,473,117,666,85,803,678,475,171,714,658,298,896,876,849,947,773,992,929,823,425,458,66,664,45,518,186,677,1]
[0,542,161,878,250,926,998,620,602,565,356,62,306,607,694,517,761,736,713,630,274,935,357,827,802,588,491,153,921,353,676,365,901,47,61,520,637,461,191,291,1]
[0,485,763,333,748,140,111,116,688,120,467,487,462,705,296,668,834,266,776,757,669,243,533,79,90,158,411,659,247,275,309,810,649,573,865,633,1]
[0,809,512,723,751,200,683,782,450,384,478,199,355,454,324,253,396,667,192,248,587,282,956,665,121,72,388,898,262,167,858,589,95,405,330,755,537,194,1]
[0,102,978,122,780,892,12,374,774,996,807,373,246,701,197,644,216,608,273,522,754,377,551,403,434,788,63,219,311,558,632,1]
[0,888,37,383,364,115,264,256,969,404,114,283,594,435,43,421,465,680,53,781,846,96,214,394,366,349,280,653,511,747,492,78,885,682,10,1]
[0,445,232,963,372,577,129,170,904,842,136,567,758,600,67,263,521,38,173,819,967,648,911,443,409,783,905,188,841,686,730,1]
[0,69,886,877,925,344,706,437,187,328,229,972,510,327,337,489,104,380,24,712,310,945,895,862,484,221,107,815,278,222,59,144,292,958,5,621,149,716,463,267,866,1]
[0,852,509,724,242,615,695,948,775,837,687,414,261,684,207,155,541,583,528,209,930,321,457,342,412,482,28,490,50,959,968,436,1]
[0,56,150,576,579,937,325,423,236,178,25,495,432,987,369,354,456,627,597,313,268,598,962,442,498,868,543,326,230,777,732,1]
[0,240,871,916,640,420,994,160,54,707,165,610,438,352,2,320,973,55,625,148,616,376,386,416,605,563,185,391,1]
[0,867,428,971,42,629,169,212,382,917,348,940,17,715,363,779,844,869,459,134,317,503,164,493,654,9,431,681,1]
[0,146,319,14,623,350,740,604,557,385,265,255,339,30,410,789,700,99,768,759,864,82,831,488,1]
[0,244,703,4,323,704,471,77,390,318,106,210,900,679,133,112,316,195,645,545,550,392,646,787,735,486,430,581,513,1]
[0,839,848,441,907,910,80,853,881,249,105,93,817,642,950,181,673,151,778,159,690,279,655,446,672,468,272,1]
[0,662,663,749,27,304,825,919,606,422,284,941,933,226,596,836,128,624,746,946,297,918,879,470,883,1]
[0,897,960,727,514,578,453,980,519,932,444,88,460,717,854,784,744,628,575,965,818,1]
[0,500,289,332,294,68,370,534,870,314,811,469,231,257,794,322,568,899,984,335,196,505,1]
[0,367,559,299,860,378,71,205,955,766,835,245,401,799,499,539,526,347,426,875,139,1]
[0,699,643,13,525,113,762,52,611,101,806,142,721,451,224,828,175,293,239,1]
[0,523,152,808,961,418,408,156,722,448,957,829,670,329,685,260,764,993,1]
[0,74,259,60,983,395,954,726,277,211,131,23,98,258,130,132,1]
[0,797,41,882,481,254,81,36,985,944,307,591,238,753,508,168,1]
[0,738,202,830,480,552,599,619,656,379,928,75,964,506,1]
[0,562,857,358,100,375,22,733,530,880,650,119,1]
[0,400,276,671,908,991,675,26,889,223,951,359,336,618,1]
[0,360,483,424,86,190,3,295,796,725,34,750,452,1]
[0,859,361,927,873,966,785,952,975,76,252,556,1]
[0,553,728,741,894,861,734,710,974,476,413,1]
[0,312,634,217,742,555,334,154,206,884,752,1]
[0,914,271,770,580,393,990,163,494,371,1]
[0,845,934,913,824,939,590,141,593,720,1]
[0,631,997,816,601,449,922,57,1]
[0,554,177,832,887,213,592,691,1]
[0,387,546,237,288,39,820,180,1]
[0,920,538,124,235,942,1]
[0,943,979,464,472,524,1]
[0,840,516,786,743,739,647,1]
[0,872,603,135,92,1]
[0,800,303,48,479,902,189,1]
[0,440,561,718,162,1]
[0,893,652,745,737,94,1]
[0,986,912,924,1]
[0,87,417,234,1]
[0,938,407,1]
[0,696,544,1]
