100
9861
18242
[0,63,10,42,100,45,15,3,1]
[0,59,47,31,61,1]
[0,94,56,38,95,39,33,1]
[0,1]
[0,1]
[0,1]
[0,90,43,1]
[0,1]
[0,1]
[0,65,1]
[0,34,20,85,89,52,98,29,1]
[0,76,49,30,1]
[0,44,1]
[0,1]
[0,1]
[0,1]
[0,1]
[0,77,67,27,1]
[0,1]
[0,82,25,48,1]
[0,1]
[0,1]
[0,1]
[0,1]
[0,1]
[0,1]
[0,1]
[0,1]
[0,60,62,5,1]
[0,58,46,35,68,80,28,1]
[0,55,50,1]
[0,23,91,73,57,1]
[0,13,7,12,1]
[0,92,84,9,17,1]
[0,88,14,101,1]
[0,36,4,97,1]
[0,37,22,72,1]
[0,1]
[0,19,41,1]
[0,32,75,93,74,1]
[0,1]
[0,1]
[0,1]
[0,1]
[0,8,87,18,70,1]
[0,26,21,1]
[0,1]
[0,1]
[0,1]
[0,1]
[0,1]
[0,1]
[0,1]
[0,24,86,1]
[0,1]
[0,79,83,78,1]
[0,1]
[0,1]
[0,1]
[0,1]
[0,1]
[0,1]
[0,1]
[0,1]
[0,1]
[0,1]
[0,1]
[0,1]
[0,1]
[0,1]
[0,1]
[0,1]
[0,1]
[0,1]
[0,1]
[0,1]
[0,66,1]
[0,1]
[0,1]
[0,1]
[0,69,6,71,11,1]
[0,81,1]
[0,53,1]
[0,99,1]
[0,1]
[0,1]
[0,1]
[0,1]
[0,40,1]
[0,16,96,1]
[0,1]
[0,1]
[0,1]
[0,54,1]
[0,51,1]
[0,1]
[0,1]
[0,64,1]
[0,2,1]
[0,1]
