50
4867
10822
[0,94,12,46,84,9,79,52,85,1]
[0,21,99,34,24,47,67,1]
[0,5,16,1]
[0,14,26,83,58,59,101,1]
[0,61,80,33,42,1]
[0,1]
[0,1]
[0,1]
[0,1]
[0,75,38,62,45,1]
[0,89,90,17,49,1]
[0,74,57,51,1]
[0,82,2,37,55,1]
[0,64,87,1]
[0,77,50,1]
[0,1]
[0,71,53,1]
[0,1]
[0,1]
[0,10,31,93,1]
[0,96,8,1]
[0,3,32,91,1]
[0,100,81,69,88,39,1]
[0,70,63,1]
[0,78,68,1]
[0,1]
[0,48,92,1]
[0,36,66,15,73,1]
[0,30,97,13,1]
[0,72,86,1]
[0,28,40,1]
[0,1]
[0,1]
[0,1]
[0,1]
[0,1]
[0,1]
[0,60,23,1]
[0,19,25,1]
[0,1]
[0,7,76,20,1]
[0,29,44,1]
[0,56,18,11,1]
[0,35,4,1]
[0,95,41,1]
[0,98,6,1]
[0,1]
[0,43,1]
[0,27,65,1]
[0,22,54,1]
