100
5068
2187375
[0,79,1335,932,144,1202,44,159,815,879,1336,901,586,2329,927,759,264,97,58,2354,1580,427,2205,283,277,571,859,2682,511,2131,2084,1042,2553,120,173,2316,2020,1990,112,509,2425,712,193,2234,923,1775,1480,1674,380,369,514,3344,539,2030,3723,1886,700,2353,2330,200,228,1927,625,648,1714,1929,2114,483,220,265,450,2216,25,313,781,447,1561,1018,994,1633,45,215,186,2457,2108,1905,1009,634,1118,613,95,594,1133,1093,1091,3000,1306,1953,1491,82,2599,2214,1807,970,875,1339,1032,1497,2248,506,2461,446,1983,1148,3068,3010,20,1402,3027,1570,948,1165,1712,1782,986,2366,1785,1583,1031,595,3053,1315,2799,3054,1699,1891,1265,319,1382,2836,656,470,90,54,361,1912,1375,1008,536,2492,991,1525,1420,877,882,1204,1602,1724,2182,378,2456,1333,2394,890,3110,2656,2588,1283,1]
[0,314,2321,2772,1668,2006,742,412,1300,389,1963,4,629,2602,1415,70,2268,774,2062,1279,1177,171,2814,2436,1524,2976,2607,2489,1500,1323,1787,2951,1012,1841,2652,2249,1490,2831,1469,910,2024,590,1276,1816,2769,1214,249,522,2109,15,911,2972,2867,2497,2508,1826,2743,358,525,746,3746,1302,207,1711,998,3798,1520,315,1608,581,2590,111,66,1371,1142,1374,2404,3867,3064,2135,3553,3888,3456,1291,2231,3003,2565,540,2363,46,1049,84,234,1201,1720,2882,3246,547,3205,3215,2104,3627,874,867,1596,1667,818,1815,2843,386,3028,3603,135,1960,3318,2728,1818,3232,2507,978,3200,765,2582,349,337,2697,1440,2619,953,1744,3202,3726,18,145,578,582,2881,2857,1087,2195,1252,2548,2103,131,3447,1136,353,1295,1066,3092,1951,3160,1937,1161,2064,1685,252,1911,1]
[0,499,1556,699,707,920,3194,1304,121,2575,1729,572,1052,105,2998,3277,2736,1112,1915,1904,134,467,1511,1537,1354,2324,768,1289,160,2585,733,3446,481,3409,2667,2876,2226,2496,1082,3458,1027,2793,1071,310,206,1492,4282,2898,1884,417,4112,3128,3006,842,263,1592,1005,27,654,1897,922,558,3067,348,1149,421,4133,255,2187,709,398,1441,419,248,1865,1535,351,1412,1529,372,816,2379,3930,2478,863,1084,3564,3732,3104,737,261,1468,53,2681,3238,1100,2648,1308,55,1284,1895,1]
[0,1923,2367,817,2753,969,711,2173,232,459,267,3405,1759,2003,1116,38,1528,780,251,2701,350,883,1199,2868,1678,1767,1139,937,1046,3851,1169,434,3803,1041,1227,954,918,605,1981,2096,1351,1392,756,2091,1407,738,2125,905,2417,3879,2312,3132,2902,4208,3186,3512,3091,3604,2986,294,73,734,1595,2164,596,1338,3632,1906,3065,286,2093,1669,1974,1373,2385,3095,775,4391,1101,7,296,2406,306,1626,4480,3839,2615,1751,3596,2141,4024,449,3842,2614,3638,2538,973,1565,4343,2893,810,1143,2571,2603,1]
[0,2168,1299,579,952,860,3719,3269,1971,822,3526,3416,1155,1662,1278,1127,3328,2495,3629,2750,1507,2680,1875,757,782,1550,1123,3618,3651,2080,2995,1672,641,2504,3835,4583,726,4255,3703,2930,43,1233,132,445,4098,1156,2395,3281,3532,2551,256,163,1527,679,1814,559,1731,2186,3539,3992,935,4389,2952,410,551,1725,113,706,3190,488,100,3086,568,4461,3142,3012,3541,990,894,3644,4066,2860,1541,2700,2966,1588,92,213,1213,475,2014,3195,203,1620,4593,1880,2623,2981,1172,370,813,323,3536,1387,2145,4719,1688,1467,603,1384,4252,664,716,493,2424,3288,891,1033,3220,1329,560,2451,235,125,1458,2247,1632,1067,464,563,1609,2053,2155,615,1478,3986,531,3320,2655,482,167,102,1484,241,1640,3502,2143,1446,1542,3403,1]
[0,636,1495,2520,2962,3647,456,385,94,1705,2483,2598,3997,873,2150,3559,154,801,346,452,35,4002,2334,3319,1761,10,1408,1995,3817,1821,508,3881,123,1825,409,4671,64,714,1011,4907,2460,2156,2265,2253,3362,2513,2628,1708,1629,1567,2009,1636,2584,1452,1591,1625,1045,529,1615,1822,1835,4927,318,1508,363,4942,824,3175,3144,3782,3347,1917,401,1397,164,3346,2077,616,468,4726,4447,556,4107,1986,1790,3293,1703,705,362,354,328,688,686,868,2543,1394,3443,3209,3438,626,1518,1916,1114,2035,541,2624,3253,4772,2222,3291,754,2232,3452,1740,1477,1692,3321,2254,2221,966,4381,1301,1294,3317,2298,2547,794,1197,2892,2416,3491,126,3024,240,1443,157,3420,3964,3161,2130,2812,429,2068,3418,1022,2996,4009,3206,2185,1195,2285,3562,2180,1219,1505,1936,899,3087,1551,390,199,915,903,1277,2081,2356,1]
[0,2908,1249,276,474,2162,4071,1063,428,2190,56,1286,1726,823,720,2296,1824,2184,3492,1334,548,1235,1532,2626,1796,1463,788,3699,1162,1051,1627,1613,258,3140,2446,527,944,3786,1273,2606,3116,2787,377,2720,3184,2850,3370,168,1096,1855,2795,1341,1969,761,2137,1791,439,1305,601,2444,340,3404,2696,1748,2503,4188,4297,2677,3489,1957,1167,678,4852,1188,2498,829,1466,317,2816,151,1987,2050,3830,24,3580,2350,1187,1885,2567,2694,2189,965,880,2685,3990,1757,1679,2684,2049,1902,3535,665,52,2523,565,622,526,1485,104,185,538,2308,1085,1606,301,1913,47,1208,1406,1631,222,147,1122,383,1599,109,165,2485,1134,3936,4422,4531,2564,1]
[0,1795,4109,3121,1776,1403,805,691,1083,1225,1848,1789,532,1439,878,1575,431,837,396,150,1431,2854,1557,2117,4050,1303,4057,1456,1231,4212,4333,1320,4076,1352,108,114,48,3624,936,2471,3810,4012,2124,1132,3425,406,853,176,1530,715,236,3408,458,2242,3550,4041,831,3843,3871,4516,2365,1359,916,184,840,1343,2710,643,1141,1719,1666,3955,292,850,1445,1569,2683,4263,872,1750,841,335,3727,2340,77,3498,3476,1894,1260,808,1355,366,3234,2642,463,1425,1604,4741,2101,2770,2246,3844,3188,1383,460,4101,4459,4930,106,1]
[0,2333,2505,1749,4185,287,444,1047,3551,1198,3323,1121,2617,392,2718,91,178,208,3508,341,3353,671,2233,1023,1771,2542,4203,1069,2751,4653,3210,31,4642,826,1357,4170,1146,1151,785,3217,2304,1765,2272,1695,2493,4910,2690,1433,2210,951,233,2813,1361,1697,2711,2826,760,4120,1919,674,3761,2913,2871,2260,977,3031,4892,4563,266,2605,4831,4400,3880,211,139,770,3957,967,2555,632,1647,4801,4656,4190,2407,2,3998,271,2992,2259,198,133,388,1344,1840,3962,192,943,519,593,1514,1]
[0,1979,3942,413,1932,2361,1972,886,2468,3838,1367,2450,1941,3849,231,339,87,2179,1655,2838,1853,3309,695,2922,4987,3179,152,838,408,3894,3029,3204,1921,3361,395,2662,3394,2610,3133,1893,518,2343,1365,262,747,939,423,2674,2979,342,3225,146,2901,4372,4929,1513,3049,2977,172,138,2510,3896,65,2085,1131,3659,2773,1353,3722,4525,963,1888,4841,2480,3890,1405,921,4462,3020,4609,1050,3196,4206,2645,4011,3737,17,1391,42,975,485,4369,912,2726,2722,4779,3503,2176,4871,2621,243,2613,4395,2373,1851,1973,3836,2499,1977,2647,1152,2026,2025,1]
[0,2311,704,779,2963,1166,1817,96,2900,1650,324,4439,909,2960,3022,1470,290,1733,4678,4964,661,1908,2293,3875,2313,3688,3846,2056,2953,2904,448,2965,2747,987,4016,2528,1163,1473,330,1605,352,3800,359,675,399,972,2448,2148,4557,4093,442,2438,137,1959,1803,884,2266,3046,3571,2335,2918,3671,1150,1482,4350,3758,3385,1579,1563,3919,3543,575,1839,3909,1037,2258,3747,371,1454,2243,1967,2847,462,755,1690,270,2732,3499,2651,2545,2175,4438,1961,1730,1178,4483,2419,2997,1135,892,2445,2524,855,2264,857,1068,2240,609,224,3080,1]
[0,690,40,3704,3897,958,2110,2314,1419,1552,889,2760,1237,3034,1369,3352,1401,36,1847,653,504,2975,9,2801,1948,3694,336,4099,4026,451,1900,4081,542,557,3039,2418,4314,191,1634,299,1568,1255,3226,4513,2200,3026,1184,1646,153,3823,88,124,2144,1946,223,3402,4999,22,300,2798,4606,798,4926,4768,2749,3661,3341,897,4599,269,3620,1006,2815,4492,1024,971,2332,3889,309,3864,3920,4004,2688,1860,1191,1809,2433,2693,885,639,1755,1970,4881,1614,1]
[0,2239,2906,3424,3795,3850,1852,4637,3833,1095,3560,2171,1700,1637,728,2317,49,3607,3749,649,2138,2608,4344,2054,322,4080,1581,1718,1560,997,1942,1108,1385,2028,2936,1153,771,682,14,4241,1746,443,2654,1028,3325,1896,4453,1190,3182,4077,4295,403,1925,2318,3198,3995,4932,3898,4125,3970,638,2292,478,4330,4218,32,268,4055,3057,3342,1309,713,1659,1138,2890,4572,4219,4471,1209,2386,1362,316,732,2011,1264,2837,338,1515,496,2165,955,2780,1331,5,1]
[0,647,902,3826,2735,2827,1288,4744,2745,2294,1526,1173,1786,3274,1660,3904,2280,1129,4625,4142,3923,99,63,3093,127,218,2238,6,667,1125,2443,472,2331,4256,677,1562,3387,1459,4832,4339,3677,4445,4477,3953,2895,4187,2209,3185,1682,2525,3228,3041,1554,4498,3578,2297,4113,1322,3365,2328,3552,3465,819,2779,1831,2568,789,2326,1993,1460,1476,589,373,1548,1506,2669,11,83,2022,321,2737,3273,3388,3349,325,692,2664,1]
[0,13,719,2261,3148,598,942,2926,642,4470,2848,2786,4646,2589,420,3753,3774,1934,1850,3410,696,381,435,1877,2001,2802,2158,246,356,1223,4581,1572,2092,237,2794,587,1684,3972,2244,3730,600,3002,4225,4005,4663,1340,2095,2506,544,1326,3794,2345,4635,1358,4560,4543,2698,4014,3679,3501,3790,4980,1544,2526,289,379,418,4947,2078,1698,848,1623,2462,143,1510,2557,1060,668,1774,693,2120,4377,4616,1949,320,567,2360,1043,3008,2738,2733,2215,1762,3176,3125,645,128,2692,1603,1641,3118,1088,1311,3487,2592,3686,407,3914,1285,1346,2447,1]
[0,4096,1293,3397,2220,3687,1090,59,3634,573,4539,3390,4178,729,1029,284,4546,2808,513,3363,1892,1081,2909,3439,2561,3931,3081,735,2715,1859,1997,3345,1242,466,491,1965,933,50,118,4755,1364,1424,4887,989,657,1517,869,4837,4182,4905,3814,2877,2660,938,1236,3735,225,2193,4275,76,4820,365,4491,3088,312,155,1426,1423,4306,4976,2529,2576,3078,4641,175,2937,1207,3042,405,3534,2088,3934,2398,2349,3965,19,1531,4294,1890,871,3308,979,2392,332,1]
[0,949,743,4509,1642,4312,4845,2968,4788,4176,4505,2127,2650,3540,4115,3114,3605,433,739,802,4707,3769,1964,1262,387,4526,4568,577,4320,4089,730,611,655,3266,4240,1521,4699,2915,1145,1472,2140,2047,740,4629,3657,3975,753,2270,1366,2910,2714,1212,606,1427,628,2236,3005,3811,2593,919,1451,2256,2276,2569,343,494,4777,12,1486,4522,2509,2708,3902,2907,3119,3021,2250,374,1635,297,242,2980,4019,1644,1]
[0,1058,2785,453,1282,2401,495,8,2055,2581,984,2372,4769,4867,245,913,1651,1800,2181,1533,4128,67,4264,2885,1935,3865,555,1247,2896,1034,968,2591,3240,3282,2290,947,3189,4195,4153,2010,2691,1741,4716,1926,2282,3310,2467,1585,4843,1773,2823,4724,2121,4928,1752,3615,2347,1734,3164,2338,2201,1792,4632,745,1938,3218,1502,2596,425,4882,1229,2727,2207,4385,588,930,3575,1035,4288,1360,3072,4022,3075,758,2689,3214,257,326,1020,2378,3876,4270,1]
[0,4390,487,484,1230,852,397,1099,1862,637,3422,3304,3666,227,1164,2420,2641,2029,2400,149,2958,3658,4623,1245,3101,4732,3431,3351,311,1864,2235,3454,72,260,3432,4694,3496,3181,3326,3524,1689,2229,1536,2822,1003,614,1945,4655,1868,3525,4737,4302,3207,1522,772,416,2269,2679,2477,599,4963,3466,3264,3457,3322,3863,2241,3595,4553,4448,1753,1540,1501,821,4960,1820,382,2204,931,2600,280,2167,3298,4807,1438,4916,2482,4878,1246,851,415,259,1587,2554,1601,4500,2237,3911,2556,394,3728,4370,1104,1758,2841,3401,3099,2805,1]
[0,166,876,2476,2845,3554,2126,1025,1747,1372,1105,4495,3208,60,521,71,2572,4833,4245,3570,4669,1251,1680,4504,1254,1713,1026,900,3996,367,2746,3692,1779,4229,2309,3720,3174,4236,3411,619,2166,833,3568,4950,535,4758,344,3884,212,3426,646,4877,3468,2829,1376,3156,3063,744,685,2884,4335,2323,722,355,2016,4056,4251,3533,2796,3519,4521,1576,3899,3211,3497,2464,1319,78,2661,2754,1092,2046,2830,4105,2042,640,4460,1]
[0,1370,604,2142,4467,1578,1430,658,2225,2719,820,4785,1882,925,2852,254,635,3626,1128,4054,887,1709,1819,3840,1947,4601,800,2370,3594,2154,3109,3689,769,1793,845,4366,1489,3100,3841,4194,1076,1317,4890,4345,4748,1170,1519,33,533,3821,2322,1810,1962,4186,4316,3389,3733,4015,4239,790,3350,130,3019,1549,1898,2925,2089,1504,3242,177,4540,620,1857,895,3742,3589,253,2172,2206,2484,4805,89,3591,723,2800,1]
[0,4046,2106,1307,4013,1411,81,1086,1982,752,201,3364,3147,4157,1266,3146,3441,298,1702,2075,1075,4338,3736,1250,1653,4640,4455,3956,1555,308,34,1836,182,209,2756,1924,3060,2686,3549,2546,3518,2288,4010,4108,1691,4423,2755,2744,1313,2147,1778,4538,724,517,3059,1471,865,2341,1030,1704,4874,4648,331,302,202,216,3628,2197,3299,2643,2403,2115,3136,2310,1421,4406,3007,4309,3511,4374,1652,3073,710,476,1966,288,1573,1869,1]
[0,4307,3545,1222,2473,862,1760,1610,2275,777,68,3681,1097,1887,4989,4613,2211,2923,1547,136,4872,2897,3380,3619,4991,2374,2429,1617,3237,187,3435,3069,3292,4180,2319,4808,4191,543,4675,2295,3593,4450,1079,156,414,3510,1107,4814,2251,5001,2778,888,3528,1656,3807,3300,1007,1103,69,1455,4585,2869,2389,4342,672,3477,673,3740,725,1686,4569,2665,1681,946,3032,652,1664,3440,4123,1901,4690,2320,4682,4917,2833,454,1]
[0,3724,4121,4304,2912,1040,2627,3643,4778,1393,2174,3530,940,650,505,835,278,4571,1144,2552,4494,1638,3376,793,3872,4908,3105,4795,659,680,3473,4709,4996,3141,515,2950,3117,1337,1267,3377,3486,194,4463,1788,4652,4925,1137,864,101,3710,507,1196,3313,1833,3784,2616,1271,119,1716,1194,2441,502,430,169,1039,807,4177,2699,3297,2834,4680,4739,4136,2449,3771,2818,279,2518,3748,3854,2703,4246,4717,2133,1]
[0,4038,1416,3690,2637,2825,1909,2842,3927,1379,3597,3017,4596,764,950,2037,1312,2486,2931,4451,4298,2008,4261,2018,219,4982,4384,1584,2041,4106,4810,4844,1111,4139,4544,4893,2059,809,230,376,4360,830,3356,3668,2291,291,4773,4484,4573,694,4978,4809,3070,2052,4248,4934,3805,489,1618,1928,3985,1863,1952,4733,1434,2888,1183,2905,2122,1298,4896,3813,1]
[0,3751,683,1812,681,520,4226,1448,2475,4324,1055,501,3718,1918,2859,2938,2707,1654,2948,4921,1976,4174,3581,1574,4380,4166,490,1211,4826,651,4937,2771,2687,1321,4347,4547,3929,3797,140,2704,1769,4687,3900,3150,3967,3137,503,486,597,4412,2944,2453,3011,3650,751,457,364,4681,4475,2383,2618,3493,2134,564,2889,4029,1742,1]
[0,717,4064,226,3887,3943,3715,4299,148,2071,2820,4775,1649,391,703,1221,2344,608,546,617,4165,3572,4472,4763,4409,1171,4474,2856,510,217,129,904,4611,2866,4584,4514,2384,2725,2632,2027,2058,480,2537,1218,766,528,402,3801,3949,4479,3453,3738,2731,1160,2886,2611,3521,3693,3414,3984,881,4213,2437,4313,1332,4868,537,1327,3745,4193,327,3981,4201,3103,3752,4231,2076,3760,1883,1]
[0,4902,4473,2223,3131,1192,2969,3229,574,1004,1268,1801,4520,3901,1363,4781,4782,3906,3296,1829,4001,3165,4357,2544,4517,914,2306,4376,1663,4791,3763,2940,3289,3676,3815,4713,2762,4331,3154,1781,2846,3307,1258,908,122,4842,2943,736,426,498,4549,4626,2381,2670,3883,2422,4518,2342,1465,4037,4607,1992,2767,4848,2832,3483,3044,812,2066,523,3828,1843,3915,2487,3577,4319,1]
[0,3776,4399,2202,1958,4144,3077,1269,2861,1593,239,4378,4228,2203,5000,3557,4638,4131,2782,3167,4783,2625,4970,1056,4279,552,1991,2580,1943,3655,4018,2061,4489,2709,4574,1429,4800,3463,4158,4605,3098,4900,2463,1054,4839,2999,3460,2351,2129,3640,158,1226,2074,1994,1710,4172,4901,3831,844,1496,3925,4511,4564,2474,3505,4677,469,2676,2301,1]
[0,592,2636,3542,4804,4727,3219,3235,3138,2765,3614,3369,554,3306,2764,1881,1940,4552,2954,3301,2558,2284,4441,718,750,1378,3567,174,2012,982,825,1955,1589,2434,2273,1064,1077,1072,3701,1558,3641,3312,3762,2213,4705,3648,773,806,3994,4352,1400,3247,2153,550,3106,924,4985,3395,698,2604,4221,3792,1]
[0,3767,959,2112,4262,1073,3739,170,3744,1117,181,2512,2339,1694,3569,3295,1325,3938,2005,1036,473,4579,3111,1065,4278,2791,1186,3222,610,3952,4602,247,2945,3155,4610,4034,1516,3201,2849,1687,2612,1021,3968,4067,549,1270,3129,1619,2396,2116,1185,2880,4770,3921,4169,4273,1866,3523,4427,2705,1217,2382,1]
[0,996,3780,4161,1038,2879,303,3637,4512,2828,1590,795,3107,3375,1944,3134,4051,479,3152,2566,3734,1707,1598,1210,3706,3359,3016,3729,497,3383,4291,803,1154,4712,4356,4311,2730,2804,3330,1120,3754,4230,4899,1828,3490,2574,4931,2500,3268,4419,1457,976,3910,607,4095,4148,2935,3933,3115,4088,828,4028,2397,3870,2928,4666,368,1]
[0,2502,3979,244,2657,2183,1582,1174,3785,4146,4383,4303,2364,3163,1297,2380,3280,566,3001,1950,116,4315,75,2113,3537,4771,4592,1292,701,4997,4603,2595,3368,4442,562,2671,1914,3249,3848,98,3653,4198,4943,3036,3484,3360,4184,2458,3926,3789,1179,3058,2388,1261,3652,4670,3329,2634,4424,2432,1988,3203,2387,3683,524,1]
[0,3971,4961,2817,1876,3159,1449,2217,4403,4965,3255,3333,3616,4618,3891,2514,275,3630,4660,2955,4604,4068,3612,4862,3258,4458,1356,4701,3635,4577,4817,2139,3886,2784,1016,4836,3135,3302,2043,962,827,334,1546,2781,2583,1342,4155,4662,2409,1350,4134,2123,1764,2157,708,1119,2630,1]
[0,676,2481,2783,3772,4535,107,2070,2941,2325,4918,1830,1586,1280,4452,4493,3944,2192,3861,2470,3231,3673,274,3038,1228,3538,1462,1597,1754,4017,2559,3168,3788,2622,4287,1727,2305,2065,2579,3464,1487,2255,4405,2851,4952,1461,1861,30,1645,3708,3951,4329,4993,2007,4966,4257,2002,3663,3004,3278,4117,2402,1]
[0,1728,2887,4181,1503,2639,3334,2355,2659,4268,295,3827,721,2983,4499,4341,3609,3773,4827,4855,2286,1488,4434,3,1256,3759,424,3579,4272,4792,1110,4880,4998,2985,4630,2057,3504,1176,861,4086,2862,4722,3158,4561,4402,4853,4332,1780,849,2763,229,786,1324,2929,393,4730,3527,791,1115,2531,3584,4753,4849,1]
[0,2644,4069,2927,3950,2649,2989,80,4363,748,2337,3824,4767,4866,1657,4416,633,2533,3954,2891,2098,2289,1316,4073,591,4846,3076,3245,3419,4955,3895,1348,1493,2391,832,2640,4192,4757,250,2978,3224,2570,4734,731,1386,4806,2307,86,3381,4025,4359,4269,492,553,4151,1257,1675,1109,4355,1]
[0,4888,2678,1259,687,117,4992,2916,4835,4510,4822,4375,1594,1736,3993,516,3079,23,4904,1545,3757,4676,3517,836,333,843,2199,1205,1450,3241,4946,4358,1717,1390,4766,1630,1612,3941,3940,1743,4527,4738,4847,4913,3633,3755,4286,4615,767,3400,2563,282,4679,4590,4100,3047,4465,4558,1]
[0,1428,3371,1722,4436,1564,4382,2511,3287,4274,1417,3097,307,4774,2357,2452,85,2412,1070,4487,3583,3892,995,4829,3271,3170,4555,1442,2668,1345,3428,792,3602,1413,210,2136,4745,4322,4265,4058,4995,3339,4864,3513,4393,2283,4032,2170,4556,2087,3013,1180,3421,1]
[0,4537,141,3393,4787,1827,1577,1677,870,2263,741,2658,960,1498,2362,666,4559,1019,4761,3051,1290,4631,3261,3311,4254,4736,2415,2875,1872,93,3770,3837,4202,4813,4031,3263,585,1001,189,2535,4789,2712,1436,612,2230,1989,1098,1930,2631,2717,1]
[0,4790,62,1534,2102,2013,1739,4122,2423,2840,4802,2758,2949,4030,4674,440,4533,4869,4621,2807,2414,3236,4718,1899,384,4575,3290,1059,4249,4083,3172,4367,3555,2759,3386,2067,2878,583,1879,3305,1870,4308,4410,2327,2666,3488,4353,1330,4222,1]
[0,2914,2970,3442,3030,195,3108,4587,4431,3257,893,576,4958,4468,2597,3853,3374,2178,2262,4082,4981,1871,4234,4923,4104,4746,1732,3433,3193,2811,4179,2048,4216,3251,4715,2411,3327,2488,3275,804,3565,2516,1715,985,2100,3055,4576,1140,3654,4633,1396,1182,4049,4780,4305,1]
[0,273,4253,2947,660,811,3045,4706,1216,1240,4147,3783,3869,783,3820,29,3166,4515,4528,4486,4326,281,2015,4043,2562,4909,4457,2399,1622,3366,3590,2853,3417,4437,3398,1215,3066,2723,3506,2118,3631,4696,3520,4233,1181,3855,4948,3963,1]
[0,1673,2729,2346,1931,4984,2097,3548,3768,4714,1639,4443,3256,4277,4227,4425,1802,2466,455,1409,1878,906,3089,3695,1203,4317,4582,3531,3178,4643,2620,1670,3126,854,4691,2527,3286,2646,4972,644,3469,4070,1479,4816,4432,1]
[0,2835,2672,4196,3262,4138,2194,3056,4396,3373,1571,2303,4407,2724,2541,3573,1239,3700,896,110,2530,4967,3697,3937,204,1157,1106,1404,4482,3856,3061,2844,4697,3482,4956,4173,2971,1464,1737,763,4639,1999,784,1]
[0,3905,3102,1168,2032,2974,929,3084,4003,4036,2790,162,465,2191,1624,196,3982,3507,4973,1856,1512,4651,2748,2515,4242,4695,3847,4214,1621,4875,3860,1314,103,4659,2063,3636,1244,37,3283,3799,4428,4284,2375,400,1159,4211,3804,1]
[0,4654,1903,1380,2776,2302,512,2638,1147,4530,4749,1193,1272,1842,2964,1481,1061,3123,3014,662,2716,1281,2932,188,4296,917,3775,3764,1910,4042,4742,1783,627,4090,3819,500,2673,2973,3882,375,2601,1794,4548,2019,1]
[0,2359,4111,4933,4429,670,1874,3670,1772,4171,4063,3284,3669,3556,4983,3396,928,3818,3667,3617,4668,1094,3407,981,4551,945,4336,4751,4750,1721,1648,2060,2903,1410,1474,3662,3127,4924,1124,4488,4825,2792,3721,3423,4975,3750,1]
[0,974,1735,956,3130,3043,3696,1238,4035,4898,4698,1834,1310,2539,4562,4657,3357,4567,3908,3806,3113,39,4508,4392,3587,1053,2993,205,26,2609,3500,3112,4968,3348,1745,2924,4971,689,2267,3151,4078,4759,1838,1048,4266,4594,2768,1]
[0,3145,3216,1706,4141,2766,4636,3928,1418,1126,3947,411,2358,2086,4700,2742,3157,4232,1538,3515,4398,4818,1395,4199,1954,2151,2465,1628,3743,1253,4126,471,3223,4132,3712,856,1]
[0,1494,3494,1920,4536,727,3331,3120,4127,4735,561,2435,992,3050,4840,4720,2894,2839,2348,799,778,4456,2277,2739,2152,3705,3096,3893,4130,1985,2439,4683,360,630,4667,2440,2695,1]
[0,4885,2219,4979,4426,1600,4854,4224,4765,238,4048,3672,3316,4597,3406,3912,4588,762,797,3812,404,2034,4624,3062,988,2198,304,4684,3546,2278,4129,2132,2073,2946,2224,3547,2021,4167,2806,1]
[0,2094,1996,3558,2532,2942,2023,1933,2040,4953,3332,4159,926,4337,4250,4595,4702,2212,4858,3885,4361,4027,3227,3976,4703,4244,2287,3367,3413,3233,3267,179,4570,3213,4912,4040,2105,3600,4114,4672,2761,2777,1]
[0,684,1939,2824,2479,4834,3243,3946,2427,461,2051,2663,4851,3878,3315,2702,2455,1002,2517,422,1435,4776,3825,1287,3023,4704,1399,1234,1832,4164,4729,2740,142,2352,1483,4756,3437,3983,2919,1]
[0,1074,1389,293,3973,3680,3664,4092,4889,2540,2501,1611,3948,4062,1858,3450,2257,3122,993,1823,1799,4175,3197,663,847,4280,2069,2163,4507,697,2956,3143,3392,3480,3448,4328,3682,1]
[0,3610,2431,197,3009,2864,3018,3787,1388,1010,2111,2405,4519,3279,2079,1998,2271,4478,4235,1274,4110,2870,3917,4949,4740,4102,4710,1220,3522,4873,4627,3702,3429,4614,4962,1]
[0,4373,2469,329,4007,814,3582,2408,1089,1956,4469,441,4938,3294,3037,3816,4501,2227,2128,4334,4285,3153,3613,3094,1984,4812,2819,3461,3829,1000,4200,3711,4665,3354,4137,3276,1]
[0,1368,3336,3445,4545,1158,2017,4686,3599,584,2336,3741,3698,4301,4945,4986,4524,1318,2161,4118,4723,2442,2560,4821,4183,4371,3471,4828,4292,3685,4969,1]
[0,570,4915,3509,2863,2472,4124,3832,2413,3674,1922,4622,437,1102,4247,4116,3378,4550,438,3514,3516,3932,4794,2177,4658,2376,1553,3756,2578,1]
[0,4449,4408,41,3485,4318,4197,4954,2675,3048,4162,2920,4784,2797,3765,345,3475,3139,3793,1808,4415,4731,3449,161,3691,4974,4349,1078,4977,1]
[0,4865,3716,4168,3035,3239,3343,4033,1422,74,4052,4414,3566,3857,796,1616,2045,3852,2036,3230,2315,4692,2586,1044,4728,1243,621,4566,3866,2858,1]
[0,4620,4404,3725,2393,1015,2004,3472,839,3958,272,4464,2160,787,3601,3379,3272,2281,3802,2917,834,4920,4532,3845,3324,1756,4454,1]
[0,3187,2279,3791,2984,4591,4957,432,4542,3177,534,669,631,4760,2099,2803,4210,3248,2911,4819,4008,3412,3459,1768,4496,3082,1]
[0,4786,3656,3939,2494,3585,4815,4529,2038,4060,3649,1804,357,2987,4895,3988,4079,4072,4091,2300,1643,980,4870,4586,2635,4283,1]
[0,4906,477,3335,3809,2033,436,285,1189,4065,2721,3678,3467,4364,4103,3859,4754,28,4541,4420,4941,3987,1014,1559,3244,1]
[0,3588,4994,1978,3052,3707,2706,3592,4619,1080,3862,2428,4386,183,3961,4135,1414,4580,3544,1130,1671,1543,2573,3642,3916,4444,4220,4506,1]
[0,4368,4861,1907,1377,4260,4365,3781,2934,2536,21,2994,3430,2587,2594,1241,2752,2534,347,4140,2757,2090,4725,2810,4857,3470,1]
[0,3777,4743,4838,3874,4281,3639,3808,4884,4044,4886,4793,4217,4145,4053,3183,4959,4290,1200,530,1057,3270,1]
[0,2967,4503,4661,2459,858,3918,3451,3834,4824,1854,3015,2390,305,4752,3260,4481,3913,4797,3436,2959,3434,3779,4644,1]
[0,3191,2072,3858,4310,1062,4645,3977,3766,4554,545,4417,1658,4300,4238,2713,2377,4711,4919,3598,1]
[0,4348,3221,3907,4394,2957,221,2119,4446,4430,2426,4207,2169,3085,964,2044,702,1873,898,3090,3303,4617,1]
[0,1328,2159,3495,2491,4271,983,3382,2039,2633,3574,1013,4387,1975,4087,4721,3254,623,4673,1523,4321,3980,1]
[0,2208,4490,3169,3285,1349,3611,2369,999,1539,4267,3877,3265,3922,4951,4021,3959,4189,1]
[0,4860,4650,3978,1676,4059,2490,4689,3124,3974,1437,16,4354,4830,4685,4411,1]
[0,3660,4215,2031,3192,2519,4598,4502,4000,4903,957,4883,3709,1275,1381,4023,1]
[0,1175,934,2196,1447,569,4327,4664,2774,3479,2218,1453,2521,1846,1784,4379,4085,1]
[0,2874,4914,4693,2549,2899,4156,4988,115,3868,4362,4293,4894,3645,3608,1]
[0,4747,4289,4647,3989,941,2000,4485,3338,3903,4276,4634,3427,3796,1]
[0,3162,4074,2083,4237,1837,2734,2421,602,3384,2741,51,2855,3171,1844,1]
[0,2274,61,3646,3665,4223,1811,3478,1968,4435,2228,3314,1]
[0,4523,2454,3576,3822,3250,3713,3355,3684,2107,4084,2550,3625,4708,1]
[0,3040,4936,3033,190,3778,1499,4796,4897,2865,3731,1]
[0,3212,3180,3199,1683,1113,4150,4006,3675,3444,4856,3991,624,1]
[0,4440,4628,4259,3474,4413,3924,1224,1806,4891,1]
[0,4578,1798,3462,4911,4020,2410,4160,846,4397,3563,1980,1]
[0,2788,3960,1805,1849,1509,1889,4149,4061,1]
[0,3714,2988,3259,4097,4811,618,4688,4401,3337,4859,1]
[0,3481,4764,3623,3358,2933,1475,3252,4762,1]
[0,4205,4075,1263,2299,1813,2872,2653,1]
[0,4119,4612,4340,4418,3391,2982,1]
[0,1763,4045,1206,2188,1777,1797,3025,1]
[0,4351,4534,4823,4589,3399,2252,4433,1]
[0,4565,3083,1566,2368,4258,3935,1]
[0,1347,4154,3071,4876,1661,1]
[0,3173,3340,2809,4466,1]
[0,4798,4143,2522,4922,2789,1]
[0,2577,3372,3455,3717,4325,3529,1]
[0,4388,4608,4803,4152,4346,1]
[0,4850,4649,1444,1]
[0,2991,3149,4944,1]
