100
1978
517044
[0,43,1]
[0,30,68,1]
[0,75,23,58,1]
[0,1]
[0,28,1]
[0,60,1]
[0,62,1]
[0,1]
[0,1]
[0,1]
[0,1]
[0,1]
[0,1]
[0,1]
[0,74,11,1]
[0,16,1]
[0,1]
[0,72,1]
[0,48,1]
[0,34,1]
[0,32,69,1]
[0,1]
[0,22,1]
[0,57,25,1]
[0,8,13,1]
[0,1]
[0,1]
[0,1]
[0,1]
[0,12,1]
[0,1]
[0,39,1]
[0,1]
[0,2,71,70,1]
[0,14,1]
[0,10,1]
[0,1]
[0,1]
[0,1]
[0,1]
[0,1]
[0,1]
[0,1]
[0,1]
[0,1]
[0,1]
[0,1]
[0,1]
[0,1]
[0,1]
[0,1]
[0,1]
[0,1]
[0,1]
[0,1]
[0,1]
[0,1]
[0,1]
[0,1]
[0,1]
[0,1]
[0,1]
[0,1]
[0,1]
[0,1]
[0,1]
[0,1]
[0,1]
[0,1]
[0,1]
[0,1]
[0,1]
[0,1]
[0,1]
[0,1]
[0,1]
[0,1]
[0,1]
[0,1]
[0,1]
[0,1]
[0,1]
[0,1]
[0,1]
[0,1]
[0,1]
[0,1]
[0,1]
[0,1]
[0,1]
[0,1]
[0,1]
[0,1]
[0,1]
[0,1]
[0,1]
[0,1]
[0,1]
[0,1]
[0,1]
