100
1982
326894
[0,31,1]
[0,1]
[0,28,1]
[0,8,1]
[0,1]
[0,1]
[0,64,1]
[0,1]
[0,1]
[0,57,4,1]
[0,13,1]
[0,1]
[0,1]
[0,1]
[0,1]
[0,32,1]
[0,26,1]
[0,5,1]
[0,1]
[0,1]
[0,63,29,1]
[0,61,1]
[0,68,1]
[0,59,1]
[0,1]
[0,1]
[0,55,50,1]
[0,1]
[0,2,1]
[0,1]
[0,1]
[0,1]
[0,1]
[0,1]
[0,1]
[0,1]
[0,1]
[0,1]
[0,1]
[0,1]
[0,1]
[0,1]
[0,1]
[0,1]
[0,1]
[0,1]
[0,1]
[0,1]
[0,1]
[0,1]
[0,1]
[0,1]
[0,1]
[0,1]
[0,1]
[0,1]
[0,1]
[0,1]
[0,1]
[0,1]
[0,1]
[0,1]
[0,1]
[0,1]
[0,1]
[0,1]
[0,1]
[0,1]
[0,1]
[0,1]
[0,1]
[0,1]
[0,1]
[0,1]
[0,1]
[0,1]
[0,1]
[0,1]
[0,1]
[0,1]
[0,1]
[0,1]
[0,1]
[0,1]
[0,1]
[0,1]
[0,1]
[0,1]
[0,1]
[0,1]
[0,1]
[0,1]
[0,1]
[0,1]
[0,1]
[0,1]
[0,1]
[0,1]
[0,1]
[0,1]
