100
1975
505788
[0,50,1]
[0,18,1]
[0,1]
[0,1]
[0,1]
[0,45,1]
[0,1]
[0,1]
[0,1]
[0,13,1]
[0,1]
[0,1]
[0,1]
[0,1]
[0,42,1]
[0,1]
[0,1]
[0,1]
[0,114,1]
[0,54,1]
[0,1]
[0,10,1]
[0,40,1]
[0,117,110,1]
[0,1]
[0,1]
[0,1]
[0,1]
[0,19,1]
[0,3,1]
[0,111,1]
[0,28,1]
[0,1]
[0,1]
[0,1]
[0,1]
[0,5,1]
[0,1]
[0,1]
[0,1]
[0,1]
[0,1]
[0,1]
[0,1]
[0,115,1]
[0,1]
[0,112,1]
[0,1]
[0,1]
[0,1]
[0,1]
[0,1]
[0,1]
[0,1]
[0,1]
[0,1]
[0,1]
[0,1]
[0,109,1]
[0,1]
[0,8,1]
[0,1]
[0,1]
[0,4,1]
[0,118,1]
[0,1]
[0,1]
[0,2,1]
[0,1]
[0,108,1]
[0,17,1]
[0,1]
[0,1]
[0,1]
[0,1]
[0,1]
[0,1]
[0,1]
[0,1]
[0,1]
[0,1]
[0,1]
[0,1]
[0,1]
[0,1]
[0,1]
[0,1]
[0,1]
[0,1]
[0,1]
[0,1]
[0,1]
[0,1]
[0,1]
[0,1]
[0,1]
[0,1]
[0,1]
[0,1]
[0,1]
