50
1702
21055
[0,168,38,199,145,94,1]
[0,169,1]
[0,52,2,51,102,66,1]
[0,185,95,152,86,1]
[0,192,1]
[0,88,80,24,1]
[0,1]
[0,1]
[0,128,121,176,5,1]
[0,111,1]
[0,115,78,150,167,1]
[0,75,49,137,1]
[0,19,122,39,45,182,1,1]
[0,112,1]
[0,60,44,166,72,21,91,180,1]
[0,188,3,135,114,126,103,173,31,33,43,79,195,149,1]
[0,53,64,1]
[0,23,1]
[0,1]
[0,1]
[0,160,84,20,90,175,100,191,138,164,55,165,9,1]
[0,87,17,119,189,71,116,109,1]
[0,98,41,56,65,163,151,136,50,1]
[0,161,76,142,73,77,1]
[0,1]
[0,27,198,174,7,14,58,118,34,156,26,106,10,1]
[0,171,105,62,15,1]
[0,143,1]
[0,6,1]
[0,181,25,1]
[0,148,1]
[0,83,32,67,1]
[0,89,157,131,82,59,186,70,179,96,124,46,1]
[0,158,57,1]
[0,28,1]
[0,132,139,99,13,1]
[0,200,1]
[0,54,81,178,129,1]
[0,155,1]
[0,30,1]
[0,1]
[0,101,144,197,85,63,74,133,183,1]
[0,1]
[0,170,29,4,125,153,42,16,1]
[0,22,1]
[0,127,1]
[0,69,1]
[0,47,92,154,1]
[0,61,196,146,120,1]
[0,130,117,8,113,162,12,1]
