100
2116
17630
[0,1]
[0,1]
[0,1]
[0,48,86,71,70,11,3,1]
[0,15,82,1]
[0,1]
[0,78,1]
[0,20,1]
[0,77,1]
[0,62,25,1]
[0,94,1]
[0,1]
[0,1]
[0,57,18,1]
[0,16,1]
[0,32,91,59,1]
[0,1]
[0,92,88,1]
[0,27,10,1]
[0,1]
[0,28,1]
[0,89,99,63,1]
[0,1]
[0,1]
[0,74,1]
[0,1]
[0,1]
[0,1]
[0,1]
[0,1]
[0,87,35,1]
[0,65,52,1]
[0,1]
[0,51,47,1]
[0,1]
[0,1]
[0,1]
[0,46,75,1]
[0,1]
[0,41,8,1]
[0,53,1]
[0,1]
[0,1]
[0,61,1]
[0,1]
[0,45,39,5,1]
[0,1]
[0,1]
[0,1]
[0,1]
[0,60,1]
[0,1]
[0,95,44,1]
[0,93,81,1]
[0,24,1]
[0,1]
[0,36,84,79,1]
[0,1]
[0,55,1]
[0,1]
[0,1]
[0,21,80,1,1]
[0,1]
[0,85,1]
[0,68,1]
[0,1]
[0,1]
[0,33,1]
[0,1]
[0,97,29,1]
[0,43,58,96,1]
[0,49,19,1]
[0,54,73,1]
[0,50,30,1]
[0,34,1]
[0,69,1]
[0,17,1]
[0,1]
[0,1]
[0,1]
[0,1]
[0,1]
[0,1]
[0,1]
[0,56,1]
[0,1]
[0,14,12,13,9,98,31,1]
[0,6,1]
[0,1]
[0,2,42,72,1]
[0,100,1]
[0,1]
[0,7,1]
[0,1]
[0,1]
[0,1]
[0,90,1]
[0,23,66,1]
[0,38,83,37,64,1]
[0,1]
