100
2104
17975
[0,1]
[0,1]
[0,1]
[0,1]
[0,1]
[0,83,1]
[0,1]
[0,118,1]
[0,106,65,36,8,53,1]
[0,1]
[0,1]
[0,1]
[0,1]
[0,96,1]
[0,15,116,4,1]
[0,1]
[0,1]
[0,1]
[0,1]
[0,1]
[0,103,113,39,1]
[0,95,109,58,1]
[0,1]
[0,1]
[0,1]
[0,1]
[0,7,1]
[0,69,1]
[0,1]
[0,87,1]
[0,1]
[0,14,3,99,1]
[0,10,1]
[0,54,1]
[0,1]
[0,1]
[0,1]
[0,46,1]
[0,6,60,1]
[0,38,1]
[0,112,1]
[0,76,48,1]
[0,27,73,1]
[0,11,104,1]
[0,44,13,1]
[0,18,1]
[0,93,1]
[0,1]
[0,70,1]
[0,1]
[0,91,1,1]
[0,28,81,5,115,1]
[0,67,34,1]
[0,29,1]
[0,1]
[0,2,114,19,80,1]
[0,42,117,1]
[0,1]
[0,72,86,1]
[0,89,61,1]
[0,107,1]
[0,90,52,33,1]
[0,1]
[0,74,64,1]
[0,1]
[0,35,1]
[0,1]
[0,56,1]
[0,119,101,9,1]
[0,71,1]
[0,1]
[0,23,1]
[0,1]
[0,1]
[0,55,21,50,1]
[0,26,1]
[0,68,105,1]
[0,78,1]
[0,57,1]
[0,37,1]
[0,111,102,1]
[0,32,51,100,92,49,1]
[0,17,1]
[0,62,22,47,1]
[0,108,25,41,1]
[0,59,85,97,84,1]
[0,75,1]
[0,1]
[0,1]
[0,43,1]
[0,110,40,1]
[0,82,1]
[0,94,1]
[0,1]
[0,66,31,20,77,1]
[0,12,98,24,1]
[0,1]
[0,1]
[0,1]
[0,1]
