100
1996
14255
[0,1]
[0,1]
[0,43,1]
[0,44,1]
[0,1]
[0,60,1]
[0,3,1]
[0,7,1]
[0,74,1]
[0,24,42,1]
[0,45,33,1]
[0,55,1]
[0,1]
[0,1]
[0,39,1,9,1]
[0,1]
[0,47,1]
[0,37,4,19,1]
[0,1]
[0,1]
[0,66,1]
[0,1]
[0,23,1]
[0,1]
[0,11,1]
[0,1]
[0,1]
[0,80,1]
[0,1]
[0,77,1]
[0,1]
[0,34,1]
[0,61,1]
[0,6,52,79,8,1]
[0,70,1]
[0,18,1]
[0,71,1]
[0,41,1]
[0,1]
[0,54,1]
[0,20,1]
[0,1]
[0,1]
[0,50,1]
[0,5,1]
[0,10,1]
[0,1]
[0,1]
[0,1]
[0,1]
[0,1]
[0,1]
[0,1]
[0,72,1]
[0,1]
[0,1]
[0,1]
[0,21,36,1]
[0,1]
[0,59,13,75,1]
[0,1]
[0,1]
[0,1]
[0,16,1]
[0,53,1]
[0,1]
[0,67,14,1]
[0,29,1]
[0,65,25,1]
[0,51,1]
[0,1]
[0,1]
[0,40,64,1]
[0,58,1]
[0,78,38,1]
[0,1]
[0,1]
[0,1]
[0,46,1]
[0,73,27,1]
[0,1]
[0,56,68,1]
[0,26,1]
[0,1]
[0,15,1]
[0,57,76,69,1]
[0,31,1]
[0,1]
[0,30,12,1]
[0,63,1]
[0,35,1]
[0,1]
[0,1]
[0,48,32,1]
[0,1]
[0,1]
[0,49,1]
[0,1]
[0,28,1]
[0,2,1]
