100
2378
20118
[0,20,77,76,1]
[0,26,65,53,1]
[0,95,8,110,71,1]
[0,31,1]
[0,18,75,130,104,99,1]
[0,80,1]
[0,16,113,1]
[0,1]
[0,147,142,1]
[0,137,9,1]
[0,59,103,68,120,1]
[0,86,61,51,1]
[0,36,1]
[0,1]
[0,27,1]
[0,105,21,1]
[0,1]
[0,98,1]
[0,1]
[0,62,1]
[0,96,1]
[0,1]
[0,1]
[0,39,89,1]
[0,114,1]
[0,17,1]
[0,3,1]
[0,84,33,90,1]
[0,1]
[0,136,30,118,1]
[0,88,92,1]
[0,117,34,124,1]
[0,11,1]
[0,63,87,1]
[0,115,79,48,1]
[0,4,119,28,25,94,64,1]
[0,146,91,149,1]
[0,58,106,15,1]
[0,1]
[0,1]
[0,123,1]
[0,131,1]
[0,7,1]
[0,97,32,1]
[0,1]
[0,1]
[0,69,1]
[0,1]
[0,54,1]
[0,1]
[0,57,1]
[0,60,1]
[0,145,5,135,2,1]
[0,1]
[0,1]
[0,109,1]
[0,125,1]
[0,1]
[0,41,6,1]
[0,111,1]
[0,1]
[0,1]
[0,1]
[0,1]
[0,128,139,121,1]
[0,1]
[0,93,150,101,143,1]
[0,132,40,1]
[0,108,1,1]
[0,35,1]
[0,46,1]
[0,148,1]
[0,24,1]
[0,50,38,55,122,1]
[0,126,1]
[0,1]
[0,116,134,1]
[0,1]
[0,81,1]
[0,140,49,1]
[0,19,1]
[0,70,133,1]
[0,141,112,45,12,13,129,1]
[0,73,1]
[0,10,1]
[0,67,74,1]
[0,1]
[0,107,1]
[0,1]
[0,72,66,14,102,42,100,1]
[0,47,1]
[0,144,78,1]
[0,29,1]
[0,127,1]
[0,83,44,1]
[0,1]
[0,1]
[0,52,37,85,56,138,1]
[0,22,1]
[0,1]
