50
1066
8995
[0,1,1]
[0,1]
[0,39,70,75,33,11,64,13,1]
[0,12,37,22,1]
[0,1]
[0,17,1]
[0,71,20,69,56,1]
[0,58,1]
[0,31,1]
[0,1]
[0,19,1]
[0,4,1]
[0,26,18,10,1]
[0,68,55,1]
[0,1]
[0,5,1]
[0,73,24,1]
[0,50,8,16,28,1]
[0,80,1]
[0,30,44,52,1]
[0,76,3,1]
[0,14,1]
[0,48,1]
[0,38,46,1]
[0,61,1]
[0,53,35,7,62,40,65,45,1]
[0,34,1]
[0,78,32,1]
[0,43,27,77,41,29,74,1]
[0,1]
[0,1]
[0,9,1]
[0,1]
[0,1]
[0,57,1]
[0,1]
[0,2,1]
[0,60,79,1]
[0,42,1]
[0,72,21,1]
[0,6,1]
[0,1]
[0,36,1]
[0,51,1]
[0,1]
[0,63,59,1]
[0,49,1]
[0,1]
[0,47,1]
[0,1]
