50
1273
11629
[0,32,50,24,19,1]
[0,1]
[0,96,69,1]
[0,81,16,1]
[0,44,18,67,1]
[0,11,29,20,1]
[0,93,76,1]
[0,1,1]
[0,36,72,58,17,89,66,82,38,1]
[0,63,52,1]
[0,56,78,1]
[0,14,84,64,25,73,1]
[0,70,1]
[0,74,1]
[0,51,1]
[0,37,1]
[0,1]
[0,31,1]
[0,1]
[0,42,6,4,85,1]
[0,5,53,62,3,95,1]
[0,39,87,1]
[0,8,13,1]
[0,12,1]
[0,100,80,88,1]
[0,2,45,99,47,1]
[0,90,1]
[0,91,23,15,48,61,1]
[0,7,21,43,75,1]
[0,92,40,10,1]
[0,71,1]
[0,1]
[0,98,1]
[0,86,1]
[0,54,1]
[0,1]
[0,57,1]
[0,1]
[0,1]
[0,83,27,60,34,79,1]
[0,1]
[0,94,1]
[0,65,49,1]
[0,26,1]
[0,97,55,30,1]
[0,59,33,1]
[0,77,28,1]
[0,35,46,1]
[0,1]
[0,1]
