100
2509
25216
[0,71,92,169,110,171,95,119,129,187,174,182,125,179,178,188,142,132,127,151,134,130,149,173,144,111,161,133,181,117,145,116,136,70,80,76,135,1]
[0,100,82,147,156,165,175,176,55,172,1]
[0,166,1]
[0,140,1]
[0,192,101,1]
[0,123,1]
[0,56,9,1]
[0,115,39,148,1]
[0,81,26,33,1]
[0,1]
[0,44,14,1]
[0,6,13,1]
[0,1]
[0,1]
[0,1]
[0,1]
[0,107,1]
[0,163,4,1]
[0,1]
[0,1]
[0,22,74,1]
[0,1]
[0,40,61,1]
[0,150,18,1]
[0,85,1]
[0,1]
[0,1]
[0,1]
[0,1]
[0,11,1]
[0,1]
[0,1]
[0,58,1]
[0,25,1]
[0,37,162,30,1]
[0,194,1]
[0,167,1]
[0,42,73,1]
[0,1,1]
[0,1]
[0,1]
[0,157,1]
[0,1]
[0,1]
[0,1]
[0,152,12,1]
[0,1]
[0,1]
[0,198,68,1]
[0,1]
[0,57,67,200,126,1]
[0,48,1]
[0,1]
[0,1]
[0,1]
[0,43,59,1]
[0,1]
[0,65,1]
[0,1]
[0,49,51,46,1]
[0,66,35,1]
[0,45,62,1]
[0,1]
[0,21,1]
[0,1]
[0,1]
[0,1]
[0,29,124,3,50,64,191,78,1]
[0,8,1]
[0,109,1]
[0,180,16,86,17,1]
[0,28,63,1]
[0,1]
[0,1]
[0,10,1]
[0,53,38,24,1]
[0,196,1]
[0,41,1]
[0,1]
[0,1]
[0,128,1]
[0,23,1]
[0,60,69,159,195,1]
[0,193,1]
[0,54,1]
[0,47,1]
[0,1]
[0,199,72,1]
[0,1]
[0,87,15,197,1]
[0,2,19,1]
[0,32,112,1]
[0,31,1]
[0,1]
[0,146,27,1]
[0,5,113,1]
[0,7,108,20,34,189,1]
[0,36,1]
[0,52,1]
[0,1]
