50
1308
15804
[0,103,11,1]
[0,72,110,124,123,102,115,1]
[0,2,62,43,10,112,73,90,6,55,68,1,12,98,27,46,91,3,52,131,16,99,21,32,1]
[0,116,70,1]
[0,129,89,45,78,50,1]
[0,139,61,14,101,30,1]
[0,108,1]
[0,135,1]
[0,133,1]
[0,96,1]
[0,109,1]
[0,1]
[0,26,5,1]
[0,148,1]
[0,31,42,1]
[0,40,23,119,77,1]
[0,1]
[0,146,144,36,49,141,1]
[0,48,1]
[0,92,143,25,1]
[0,7,137,145,41,71,136,1]
[0,1]
[0,60,1]
[0,1]
[0,150,1]
[0,1]
[0,134,18,1]
[0,24,44,1]
[0,37,76,95,1]
[0,1]
[0,81,35,1]
[0,94,1]
[0,34,15,1]
[0,107,140,1]
[0,87,1]
[0,128,1]
[0,74,1]
[0,126,1]
[0,1]
[0,1]
[0,1]
[0,1]
[0,132,1]
[0,1]
[0,1]
[0,120,1]
[0,1]
[0,75,84,149,28,1]
[0,127,147,1]
[0,58,1]
