50
1235
13363
[0,1]
[0,116,97,26,1]
[0,80,1]
[0,1]
[0,88,1]
[0,1]
[0,29,1]
[0,94,42,1]
[0,18,102,21,82,31,1]
[0,106,1]
[0,13,1]
[0,1]
[0,90,84,111,1]
[0,120,115,101,74,1]
[0,100,1]
[0,72,46,1]
[0,98,1]
[0,63,56,1]
[0,35,62,104,118,27,1]
[0,45,1]
[0,1]
[0,1]
[0,37,8,24,75,1]
[0,1]
[0,1]
[0,23,110,16,20,1]
[0,64,1]
[0,105,28,25,43,34,113,38,11,30,67,49,117,7,54,1]
[0,73,1]
[0,1]
[0,69,10,50,32,86,1]
[0,1]
[0,3,5,1]
[0,1]
[0,96,1]
[0,1]
[0,78,1]
[0,61,58,53,1]
[0,9,33,1]
[0,1]
[0,52,77,1]
[0,65,6,66,1]
[0,108,83,1]
[0,93,109,1]
[0,87,40,44,1]
[0,12,1]
[0,1]
[0,81,14,19,1]
[0,70,36,1]
[0,1]
